796 970 796 323 1401 323 1401 970 0.961266
208 1299 754 1201 864 1819 318 1916 0.958502
1588 4 2045 4 2045 689 1588 689 0.951744
596 0 1049 0 1049 482 596 482 0.948713
1251 825 1251 156 1770 156 1770 825 0.948353
1021 313 1021 3 1457 4 1457 313 0.930909
1219 1853 1219 875 1905 875 1905 1853 0.915005
156 1201 156 555 618 555 618 1201 0.907651
179 625 179 4 682 4 682 625 0.896787
468 1081 468 491 921 491 921 1081 0.885722
1436 121 1436 3 1752 3 1752 121 0.859942
3 1347 3 692 249 692 249 1347 0.804217
