0 299 362 299 362 593 0 593 0.956153
61 1354 485 1288 565 1803 141 1869 0.950695
3 1297 3 884 418 884 418 1297 0.950654
639 1628 1134 1539 1215 1990 720 2078 0.946685
1059 3 1873 3 1873 280 1059 280 0.939414
0 3 377 3 377 169 0 169 0.928237
4 1859 601 1859 601 2045 4 2045 0.915046
3 857 3 579 386 579 386 857 0.908814
1163 1076 1450 1076 1450 1314 1163 1314 0.901925
1161 1557 1676 1457 1760 1885 1244 1985 0.900621
1716 1871 1716 1387 2045 1387 2045 1871 0.8781
512 379 1651 232 1733 870 594 1016 0.843266
1556 1963 2045 1963 2045 2045 1556 2045 0.813461
