164 226 674 22 829 408 319 612 0.945045
1269 1101 1811 914 2004 1472 1462 1659 0.941581
419 1268 1233 1268 1233 1813 419 1813 0.940092
1564 753 1564 4 2045 4 2045 753 0.924914
729 900 1180 840 1229 1210 778 1270 0.921586
3 1098 3 660 386 660 386 1098 0.920526
4 209 4 3 522 4 522 209 0.916742
3 721 3 355 298 355 298 721 0.899853
611 377 611 3 1393 4 1393 377 0.895324
1539 2045 1539 1948 2037 1948 2037 2045 0.867107
1923 1442 1923 924 2045 924 2045 1442 0.843142
0 729 0 195 294 196 294 729 0.841746
