1594.0 700.0 1594.0 706.0 1590.0 710.0 1588.0 710.0 1586.0 712.0 1584.0 712.0 1582.0 714.0 1578.0 714.0 1574.0 718.0 1572.0 718.0 1570.0 720.0 1566.0 720.0 1564.0 722.0 1562.0 722.0 1560.0 724.0 1556.0 724.0 1552.0 728.0 1548.0 728.0 1546.0 730.0 1544.0 730.0 1542.0 732.0 1540.0 732.0 1536.0 736.0 1534.0 736.0 1532.0 738.0 1528.0 738.0 1526.0 740.0 1524.0 740.0 1522.0 742.0 1520.0 742.0 1518.0 744.0 1516.0 744.0 1512.0 748.0 1510.0 748.0 1508.0 750.0 1506.0 750.0 1504.0 752.0 1502.0 752.0 1500.0 754.0 1498.0 754.0 1494.0 758.0 1492.0 758.0 1490.0 760.0 1488.0 760.0 1486.0 762.0 1484.0 762.0 1482.0 764.0 1480.0 764.0 1478.0 766.0 1476.0 766.0 1474.0 768.0 1460.0 768.0 1458.0 766.0 1454.0 766.0 1452.0 764.0 1436.0 764.0 1434.0 766.0 1432.0 766.0 1430.0 768.0 1426.0 768.0 1424.0 770.0 1422.0 770.0 1420.0 772.0 1418.0 772.0 1416.0 774.0 1414.0 774.0 1412.0 776.0 1408.0 776.0 1406.0 778.0 1404.0 778.0 1402.0 780.0 1400.0 780.0 1398.0 782.0 1396.0 782.0 1394.0 784.0 1392.0 784.0 1390.0 786.0 1388.0 786.0 1386.0 788.0 1384.0 788.0 1382.0 790.0 1380.0 790.0 1378.0 792.0 1372.0 792.0 1370.0 794.0 1366.0 794.0 1364.0 796.0 1362.0 796.0 1358.0 800.0 1356.0 800.0 1354.0 802.0 1352.0 802.0 1350.0 804.0 1348.0 804.0 1346.0 806.0 1344.0 806.0 1342.0 808.0 1340.0 808.0 1338.0 810.0 1332.0 810.0 1330.0 812.0 1328.0 812.0 1324.0 816.0 1322.0 816.0 1320.0 818.0 1318.0 818.0 1316.0 820.0 1314.0 820.0 1308.0 826.0 1300.0 826.0 1298.0 828.0 1296.0 828.0 1294.0 830.0 1292.0 830.0 1288.0 834.0 1286.0 834.0 1284.0 836.0 1276.0 836.0 1276.0 858.0 1284.0 858.0 1290.0 864.0 1290.0 866.0 1292.0 868.0 1292.0 870.0 1294.0 872.0 1294.0 874.0 1296.0 876.0 1296.0 878.0 1298.0 880.0 1298.0 884.0 1300.0 886.0 1300.0 888.0 1306.0 894.0 1306.0 896.0 1308.0 898.0 1308.0 900.0 1310.0 902.0 1310.0 904.0 1312.0 906.0 1312.0 910.0 1314.0 912.0 1314.0 916.0 1316.0 918.0 1316.0 920.0 1324.0 928.0 1324.0 930.0 1326.0 932.0 1326.0 934.0 1328.0 936.0 1328.0 940.0 1330.0 942.0 1330.0 946.0 1332.0 948.0 1332.0 950.0 1340.0 958.0 1340.0 964.0 1342.0 966.0 1342.0 970.0 1344.0 972.0 1344.0 978.0 1346.0 980.0 1346.0 986.0 1348.0 988.0 1348.0 990.0 1350.0 992.0 1350.0 994.0 1354.0 998.0 1354.0 1002.0 1356.0 1004.0 1356.0 1006.0 1358.0 1008.0 1358.0 1010.0 1360.0 1012.0 1360.0 1014.0 1362.0 1016.0 1362.0 1020.0 1364.0 1022.0 1364.0 1026.0 1366.0 1028.0 1366.0 1032.0 1368.0 1034.0 1368.0 1044.0 1370.0 1046.0 1370.0 1058.0 1372.0 1060.0 1372.0 1062.0 1374.0 1064.0 1374.0 1068.0 1376.0 1070.0 1376.0 1074.0 1378.0 1076.0 1378.0 1080.0 1380.0 1082.0 1380.0 1086.0 1382.0 1088.0 1382.0 1090.0 1384.0 1092.0 1384.0 1096.0 1386.0 1098.0 1386.0 1104.0 1388.0 1106.0 1388.0 1110.0 1390.0 1112.0 1390.0 1118.0 1392.0 1120.0 1392.0 1128.0 1394.0 1130.0 1394.0 1138.0 1392.0 1140.0 1392.0 1146.0 1390.0 1148.0 1390.0 1152.0 1388.0 1154.0 1388.0 1174.0 1390.0 1176.0 1390.0 1180.0 1392.0 1182.0 1392.0 1188.0 1394.0 1190.0 1394.0 1194.0 1396.0 1196.0 1396.0 1198.0 1398.0 1200.0 1398.0 1202.0 1400.0 1204.0 1400.0 1206.0 1402.0 1208.0 1402.0 1212.0 1404.0 1214.0 1404.0 1216.0 1406.0 1218.0 1406.0 1220.0 1408.0 1222.0 1408.0 1226.0 1410.0 1228.0 1410.0 1230.0 1412.0 1232.0 1412.0 1234.0 1414.0 1236.0 1414.0 1238.0 1416.0 1240.0 1416.0 1242.0 1420.0 1246.0 1420.0 1248.0 1424.0 1252.0 1424.0 1258.0 1480.0 1258.0 1480.0 1252.0 1484.0 1248.0 1488.0 1248.0 1490.0 1246.0 1496.0 1246.0 1498.0 1244.0 1504.0 1244.0 1506.0 1242.0 1510.0 1242.0 1512.0 1240.0 1514.0 1240.0 1516.0 1238.0 1520.0 1238.0 1522.0 1236.0 1526.0 1236.0 1528.0 1234.0 1532.0 1234.0 1534.0 1232.0 1538.0 1232.0 1540.0 1230.0 1542.0 1230.0 1544.0 1228.0 1548.0 1228.0 1550.0 1226.0 1554.0 1226.0 1556.0 1224.0 1562.0 1224.0 1564.0 1222.0 1568.0 1222.0 1570.0 1220.0 1576.0 1220.0 1578.0 1218.0 1582.0 1218.0 1584.0 1216.0 1588.0 1216.0 1590.0 1214.0 1592.0 1214.0 1594.0 1212.0 1598.0 1212.0 1600.0 1210.0 1608.0 1210.0 1610.0 1208.0 1616.0 1208.0 1618.0 1206.0 1622.0 1206.0 1624.0 1204.0 1628.0 1204.0 1630.0 1202.0 1634.0 1202.0 1636.0 1200.0 1640.0 1200.0 1642.0 1198.0 1648.0 1198.0 1650.0 1196.0 1656.0 1196.0 1658.0 1194.0 1666.0 1194.0 1668.0 1192.0 1674.0 1192.0 1676.0 1190.0 1678.0 1190.0 1680.0 1188.0 1682.0 1188.0 1684.0 1186.0 1686.0 1186.0 1688.0 1184.0 1690.0 1184.0 1692.0 1182.0 1694.0 1182.0 1696.0 1180.0 1698.0 1180.0 1700.0 1178.0 1704.0 1178.0 1706.0 1176.0 1712.0 1176.0 1714.0 1174.0 1720.0 1174.0 1722.0 1172.0 1730.0 1172.0 1732.0 1170.0 1736.0 1170.0 1738.0 1168.0 1740.0 1168.0 1742.0 1166.0 1744.0 1166.0 1746.0 1164.0 1748.0 1164.0 1750.0 1162.0 1752.0 1162.0 1754.0 1160.0 1758.0 1160.0 1760.0 1158.0 1764.0 1158.0 1766.0 1156.0 1772.0 1156.0 1774.0 1154.0 1778.0 1154.0 1780.0 1152.0 1782.0 1152.0 1784.0 1150.0 1788.0 1150.0 1790.0 1148.0 1794.0 1148.0 1796.0 1146.0 1802.0 1146.0 1806.0 1142.0 1808.0 1142.0 1810.0 1140.0 1812.0 1140.0 1822.0 1130.0 1822.0 1126.0 1824.0 1124.0 1824.0 1122.0 1826.0 1120.0 1826.0 1116.0 1828.0 1114.0 1834.0 1114.0 1828.0 1114.0 1826.0 1112.0 1826.0 1106.0 1824.0 1104.0 1824.0 1098.0 1822.0 1096.0 1822.0 1092.0 1820.0 1090.0 1820.0 1086.0 1818.0 1084.0 1818.0 1082.0 1816.0 1080.0 1816.0 1078.0 1814.0 1076.0 1814.0 1074.0 1812.0 1072.0 1812.0 1068.0 1810.0 1066.0 1810.0 1064.0 1808.0 1062.0 1808.0 1060.0 1804.0 1056.0 1804.0 1054.0 1800.0 1050.0 1800.0 1048.0 1788.0 1036.0 1788.0 1034.0 1784.0 1030.0 1784.0 1028.0 1780.0 1024.0 1780.0 1022.0 1778.0 1020.0 1778.0 1018.0 1776.0 1016.0 1776.0 1014.0 1774.0 1012.0 1774.0 1010.0 1770.0 1006.0 1770.0 1004.0 1766.0 1000.0 1766.0 998.0 1764.0 996.0 1764.0 994.0 1762.0 992.0 1762.0 990.0 1760.0 988.0 1760.0 984.0 1758.0 982.0 1758.0 976.0 1756.0 974.0 1756.0 954.0 1754.0 952.0 1754.0 946.0 1752.0 944.0 1752.0 942.0 1750.0 940.0 1750.0 936.0 1748.0 934.0 1748.0 930.0 1746.0 928.0 1746.0 926.0 1744.0 924.0 1744.0 922.0 1742.0 920.0 1742.0 916.0 1740.0 914.0 1740.0 912.0 1738.0 910.0 1738.0 908.0 1736.0 906.0 1736.0 904.0 1734.0 902.0 1734.0 900.0 1732.0 898.0 1732.0 896.0 1730.0 894.0 1730.0 892.0 1726.0 888.0 1726.0 886.0 1724.0 884.0 1724.0 882.0 1718.0 876.0 1718.0 874.0 1706.0 862.0 1706.0 860.0 1704.0 858.0 1704.0 856.0 1702.0 854.0 1702.0 852.0 1698.0 848.0 1698.0 846.0 1696.0 844.0 1696.0 842.0 1694.0 840.0 1694.0 838.0 1692.0 836.0 1692.0 834.0 1688.0 830.0 1688.0 828.0 1686.0 826.0 1686.0 822.0 1684.0 820.0 1684.0 818.0 1682.0 816.0 1682.0 814.0 1680.0 812.0 1680.0 810.0 1678.0 808.0 1678.0 806.0 1676.0 804.0 1676.0 802.0 1674.0 800.0 1674.0 798.0 1672.0 796.0 1672.0 794.0 1670.0 792.0 1670.0 790.0 1668.0 788.0 1668.0 786.0 1666.0 784.0 1666.0 782.0 1664.0 780.0 1664.0 778.0 1662.0 776.0 1662.0 774.0 1660.0 772.0 1660.0 770.0 1658.0 768.0 1658.0 766.0 1656.0 764.0 1656.0 762.0 1654.0 760.0 1654.0 758.0 1652.0 756.0 1652.0 754.0 1650.0 752.0 1650.0 750.0 1648.0 748.0 1648.0 746.0 1646.0 744.0 1646.0 742.0 1644.0 740.0 1644.0 738.0 1640.0 734.0 1640.0 732.0 1638.0 730.0 1638.0 728.0 1636.0 726.0 1636.0 724.0 1634.0 722.0 1634.0 720.0 1630.0 716.0 1630.0 714.0 1626.0 710.0 1624.0 710.0 1622.0 708.0 1622.0 700.0 0.9714780449867249
540.0 4.0 540.0 38.0 546.0 38.0 550.0 42.0 550.0 46.0 552.0 48.0 552.0 56.0 554.0 58.0 554.0 66.0 556.0 68.0 556.0 78.0 558.0 80.0 558.0 88.0 560.0 90.0 560.0 100.0 562.0 102.0 562.0 112.0 564.0 114.0 564.0 120.0 566.0 122.0 566.0 128.0 568.0 130.0 568.0 142.0 570.0 144.0 570.0 158.0 572.0 160.0 572.0 166.0 574.0 168.0 574.0 176.0 576.0 178.0 576.0 186.0 578.0 188.0 578.0 200.0 580.0 202.0 580.0 208.0 582.0 210.0 582.0 216.0 584.0 218.0 584.0 224.0 586.0 226.0 586.0 232.0 588.0 234.0 588.0 240.0 590.0 242.0 590.0 250.0 592.0 252.0 592.0 262.0 594.0 264.0 594.0 274.0 596.0 276.0 596.0 282.0 598.0 284.0 598.0 286.0 600.0 288.0 600.0 294.0 602.0 296.0 602.0 300.0 612.0 310.0 614.0 310.0 616.0 312.0 618.0 312.0 620.0 314.0 642.0 314.0 644.0 312.0 668.0 312.0 670.0 310.0 682.0 310.0 684.0 308.0 696.0 308.0 698.0 306.0 710.0 306.0 712.0 304.0 718.0 304.0 720.0 302.0 728.0 302.0 730.0 300.0 736.0 300.0 738.0 298.0 742.0 298.0 744.0 296.0 746.0 296.0 748.0 294.0 752.0 294.0 754.0 292.0 758.0 292.0 760.0 290.0 764.0 290.0 766.0 288.0 770.0 288.0 772.0 286.0 776.0 286.0 778.0 284.0 792.0 284.0 794.0 282.0 822.0 282.0 824.0 280.0 832.0 280.0 834.0 278.0 842.0 278.0 844.0 276.0 852.0 276.0 854.0 274.0 860.0 274.0 862.0 272.0 868.0 272.0 870.0 270.0 880.0 270.0 882.0 268.0 894.0 268.0 896.0 266.0 916.0 266.0 918.0 264.0 938.0 264.0 940.0 262.0 954.0 262.0 956.0 260.0 972.0 260.0 974.0 258.0 980.0 258.0 982.0 256.0 986.0 256.0 988.0 254.0 992.0 254.0 994.0 252.0 998.0 252.0 1000.0 250.0 1004.0 250.0 1006.0 248.0 1010.0 248.0 1012.0 246.0 1014.0 246.0 1016.0 244.0 1020.0 244.0 1022.0 242.0 1024.0 242.0 1026.0 240.0 1028.0 240.0 1030.0 238.0 1032.0 238.0 1034.0 236.0 1048.0 236.0 1050.0 234.0 1058.0 234.0 1058.0 232.0 1062.0 228.0 1062.0 214.0 1060.0 212.0 1060.0 198.0 1058.0 196.0 1058.0 178.0 1056.0 176.0 1056.0 164.0 1054.0 162.0 1054.0 148.0 1052.0 146.0 1052.0 128.0 1050.0 126.0 1050.0 114.0 1048.0 112.0 1048.0 104.0 1046.0 102.0 1046.0 90.0 1044.0 88.0 1044.0 78.0 1042.0 76.0 1042.0 72.0 1040.0 70.0 1040.0 68.0 1038.0 66.0 1038.0 62.0 1036.0 60.0 1036.0 58.0 1034.0 56.0 1034.0 52.0 1032.0 50.0 1032.0 44.0 1030.0 42.0 1030.0 36.0 1028.0 34.0 1028.0 28.0 1026.0 26.0 1026.0 20.0 1024.0 18.0 1024.0 12.0 1022.0 10.0 1022.0 4.0 0.9653750061988831
882.0 356.0 882.0 362.0 880.0 364.0 878.0 364.0 876.0 366.0 870.0 366.0 868.0 368.0 858.0 368.0 856.0 370.0 846.0 370.0 844.0 372.0 836.0 372.0 834.0 374.0 828.0 374.0 826.0 376.0 818.0 376.0 816.0 378.0 802.0 378.0 800.0 380.0 786.0 380.0 784.0 382.0 748.0 382.0 746.0 384.0 730.0 384.0 728.0 386.0 712.0 386.0 710.0 388.0 700.0 388.0 698.0 390.0 686.0 390.0 684.0 392.0 660.0 392.0 658.0 394.0 652.0 394.0 650.0 396.0 648.0 396.0 646.0 398.0 644.0 398.0 642.0 400.0 640.0 400.0 638.0 402.0 636.0 402.0 634.0 404.0 624.0 404.0 622.0 406.0 602.0 406.0 600.0 408.0 576.0 408.0 574.0 410.0 566.0 410.0 564.0 412.0 554.0 412.0 552.0 414.0 542.0 414.0 540.0 416.0 536.0 416.0 534.0 418.0 530.0 418.0 528.0 420.0 520.0 420.0 518.0 422.0 492.0 422.0 490.0 424.0 488.0 424.0 486.0 426.0 484.0 426.0 480.0 430.0 478.0 430.0 474.0 434.0 472.0 434.0 470.0 436.0 470.0 438.0 466.0 442.0 460.0 442.0 460.0 452.0 466.0 452.0 468.0 454.0 472.0 454.0 474.0 456.0 476.0 456.0 478.0 458.0 480.0 458.0 484.0 462.0 484.0 464.0 486.0 466.0 486.0 470.0 484.0 472.0 484.0 478.0 482.0 480.0 482.0 504.0 484.0 506.0 484.0 516.0 476.0 524.0 474.0 524.0 472.0 526.0 470.0 526.0 466.0 530.0 460.0 530.0 460.0 604.0 466.0 604.0 468.0 606.0 468.0 612.0 470.0 614.0 470.0 624.0 472.0 626.0 472.0 636.0 474.0 638.0 474.0 646.0 476.0 648.0 476.0 656.0 478.0 658.0 478.0 674.0 480.0 676.0 480.0 686.0 482.0 688.0 482.0 698.0 484.0 700.0 484.0 710.0 486.0 712.0 486.0 718.0 488.0 720.0 488.0 724.0 490.0 726.0 490.0 730.0 494.0 734.0 496.0 734.0 498.0 736.0 516.0 736.0 518.0 734.0 530.0 734.0 532.0 732.0 544.0 732.0 546.0 730.0 554.0 730.0 556.0 728.0 572.0 728.0 574.0 726.0 590.0 726.0 592.0 724.0 602.0 724.0 604.0 722.0 610.0 722.0 612.0 720.0 622.0 720.0 624.0 718.0 638.0 718.0 640.0 716.0 652.0 716.0 654.0 714.0 664.0 714.0 666.0 712.0 674.0 712.0 676.0 710.0 684.0 710.0 686.0 708.0 696.0 708.0 698.0 706.0 708.0 706.0 710.0 704.0 724.0 704.0 726.0 702.0 740.0 702.0 742.0 700.0 754.0 700.0 756.0 698.0 764.0 698.0 766.0 696.0 774.0 696.0 776.0 694.0 786.0 694.0 788.0 692.0 802.0 692.0 804.0 690.0 818.0 690.0 820.0 688.0 836.0 688.0 838.0 686.0 854.0 686.0 856.0 684.0 870.0 684.0 872.0 682.0 882.0 682.0 884.0 680.0 896.0 680.0 898.0 678.0 908.0 678.0 910.0 676.0 920.0 676.0 922.0 674.0 936.0 674.0 938.0 672.0 950.0 672.0 952.0 670.0 964.0 670.0 966.0 668.0 976.0 668.0 978.0 666.0 988.0 666.0 990.0 664.0 1000.0 664.0 1002.0 662.0 1006.0 662.0 1008.0 660.0 1012.0 660.0 1012.0 658.0 1014.0 656.0 1014.0 654.0 1016.0 652.0 1016.0 636.0 1014.0 634.0 1014.0 626.0 1012.0 624.0 1012.0 608.0 1010.0 606.0 1010.0 592.0 1008.0 590.0 1008.0 578.0 1006.0 576.0 1006.0 536.0 1004.0 534.0 1004.0 518.0 1002.0 516.0 1002.0 506.0 1000.0 504.0 1000.0 498.0 998.0 496.0 998.0 494.0 996.0 492.0 996.0 484.0 994.0 482.0 994.0 474.0 992.0 472.0 992.0 468.0 990.0 466.0 990.0 464.0 988.0 462.0 988.0 460.0 986.0 458.0 984.0 458.0 978.0 452.0 976.0 452.0 972.0 448.0 970.0 448.0 964.0 442.0 964.0 440.0 960.0 436.0 960.0 430.0 958.0 428.0 958.0 418.0 956.0 416.0 956.0 408.0 954.0 406.0 954.0 402.0 952.0 400.0 952.0 398.0 950.0 396.0 950.0 394.0 948.0 392.0 948.0 386.0 946.0 384.0 946.0 374.0 944.0 372.0 944.0 368.0 942.0 366.0 942.0 356.0 0.9647248983383179
1628.0 204.0 1628.0 210.0 1626.0 212.0 1624.0 212.0 1622.0 214.0 1618.0 214.0 1616.0 216.0 1612.0 216.0 1610.0 218.0 1606.0 218.0 1604.0 220.0 1602.0 220.0 1600.0 222.0 1598.0 222.0 1596.0 224.0 1592.0 224.0 1590.0 226.0 1584.0 226.0 1582.0 228.0 1578.0 228.0 1576.0 230.0 1574.0 230.0 1572.0 232.0 1568.0 232.0 1566.0 234.0 1560.0 234.0 1558.0 236.0 1550.0 236.0 1548.0 238.0 1544.0 238.0 1542.0 240.0 1538.0 240.0 1536.0 242.0 1512.0 242.0 1510.0 240.0 1506.0 240.0 1504.0 238.0 1496.0 238.0 1494.0 236.0 1488.0 236.0 1486.0 238.0 1480.0 238.0 1478.0 240.0 1474.0 240.0 1472.0 242.0 1466.0 242.0 1464.0 244.0 1458.0 244.0 1454.0 248.0 1450.0 248.0 1448.0 250.0 1446.0 250.0 1444.0 252.0 1442.0 252.0 1440.0 254.0 1438.0 254.0 1436.0 256.0 1434.0 256.0 1432.0 258.0 1428.0 258.0 1426.0 260.0 1424.0 260.0 1422.0 262.0 1420.0 262.0 1418.0 264.0 1414.0 264.0 1412.0 266.0 1408.0 266.0 1406.0 268.0 1404.0 268.0 1402.0 270.0 1398.0 270.0 1396.0 272.0 1394.0 272.0 1392.0 274.0 1388.0 274.0 1386.0 276.0 1384.0 276.0 1380.0 280.0 1372.0 280.0 1372.0 306.0 1380.0 306.0 1384.0 310.0 1384.0 312.0 1394.0 322.0 1394.0 324.0 1400.0 330.0 1400.0 332.0 1404.0 336.0 1404.0 338.0 1408.0 342.0 1408.0 344.0 1412.0 348.0 1412.0 350.0 1416.0 354.0 1416.0 356.0 1420.0 360.0 1420.0 362.0 1424.0 366.0 1424.0 368.0 1428.0 372.0 1428.0 374.0 1460.0 406.0 1460.0 408.0 1464.0 412.0 1464.0 414.0 1468.0 418.0 1468.0 420.0 1472.0 424.0 1472.0 426.0 1476.0 430.0 1476.0 432.0 1480.0 436.0 1480.0 438.0 1484.0 442.0 1484.0 444.0 1488.0 448.0 1488.0 450.0 1490.0 452.0 1490.0 454.0 1494.0 458.0 1494.0 460.0 1496.0 462.0 1496.0 464.0 1500.0 468.0 1500.0 470.0 1504.0 474.0 1504.0 476.0 1506.0 478.0 1506.0 480.0 1508.0 482.0 1508.0 484.0 1518.0 494.0 1518.0 496.0 1524.0 502.0 1524.0 504.0 1528.0 508.0 1528.0 510.0 1530.0 512.0 1530.0 514.0 1532.0 516.0 1532.0 518.0 1534.0 520.0 1534.0 522.0 1536.0 524.0 1536.0 526.0 1546.0 536.0 1546.0 538.0 1550.0 542.0 1550.0 544.0 1552.0 546.0 1552.0 550.0 1554.0 552.0 1554.0 556.0 1556.0 558.0 1556.0 562.0 1558.0 564.0 1558.0 566.0 1560.0 568.0 1560.0 570.0 1564.0 574.0 1564.0 576.0 1568.0 580.0 1568.0 582.0 1572.0 586.0 1572.0 588.0 1578.0 594.0 1578.0 596.0 1584.0 602.0 1584.0 604.0 1586.0 606.0 1586.0 608.0 1598.0 620.0 1600.0 620.0 1602.0 622.0 1614.0 622.0 1616.0 620.0 1620.0 620.0 1622.0 618.0 1636.0 618.0 1640.0 622.0 1642.0 622.0 1646.0 626.0 1646.0 628.0 1658.0 640.0 1658.0 642.0 1664.0 648.0 1664.0 650.0 1666.0 652.0 1666.0 654.0 1668.0 656.0 1668.0 658.0 1674.0 664.0 1674.0 666.0 1676.0 668.0 1676.0 670.0 1678.0 672.0 1678.0 674.0 1680.0 676.0 1680.0 678.0 1682.0 680.0 1682.0 682.0 1684.0 684.0 1684.0 686.0 1686.0 688.0 1686.0 690.0 1688.0 692.0 1688.0 694.0 1692.0 698.0 1692.0 700.0 1694.0 702.0 1694.0 704.0 1698.0 708.0 1698.0 710.0 1700.0 712.0 1700.0 714.0 1702.0 716.0 1702.0 722.0 1728.0 722.0 1728.0 716.0 1730.0 714.0 1732.0 714.0 1734.0 712.0 1736.0 712.0 1738.0 710.0 1742.0 710.0 1744.0 708.0 1748.0 708.0 1750.0 706.0 1752.0 706.0 1754.0 704.0 1756.0 704.0 1758.0 702.0 1762.0 702.0 1764.0 700.0 1766.0 700.0 1768.0 698.0 1770.0 698.0 1772.0 696.0 1774.0 696.0 1776.0 694.0 1780.0 694.0 1782.0 692.0 1786.0 692.0 1788.0 690.0 1790.0 690.0 1792.0 688.0 1794.0 688.0 1796.0 686.0 1798.0 686.0 1800.0 684.0 1802.0 684.0 1804.0 682.0 1806.0 682.0 1808.0 680.0 1810.0 680.0 1812.0 678.0 1816.0 678.0 1818.0 676.0 1822.0 676.0 1824.0 674.0 1826.0 674.0 1828.0 672.0 1830.0 672.0 1832.0 670.0 1834.0 670.0 1836.0 668.0 1840.0 668.0 1842.0 666.0 1844.0 666.0 1846.0 664.0 1850.0 664.0 1852.0 662.0 1854.0 662.0 1856.0 660.0 1860.0 660.0 1862.0 658.0 1864.0 658.0 1866.0 656.0 1868.0 656.0 1870.0 654.0 1872.0 654.0 1874.0 652.0 1878.0 652.0 1880.0 650.0 1882.0 650.0 1884.0 648.0 1886.0 648.0 1888.0 646.0 1892.0 646.0 1894.0 644.0 1896.0 644.0 1898.0 642.0 1902.0 642.0 1904.0 640.0 1906.0 640.0 1908.0 638.0 1910.0 638.0 1912.0 636.0 1916.0 636.0 1918.0 634.0 1920.0 634.0 1922.0 632.0 1924.0 632.0 1926.0 630.0 1930.0 630.0 1932.0 628.0 1936.0 628.0 1938.0 626.0 1940.0 626.0 1942.0 624.0 1944.0 624.0 1946.0 622.0 1948.0 622.0 1950.0 620.0 1952.0 620.0 1954.0 618.0 1958.0 618.0 1960.0 616.0 1962.0 616.0 1964.0 614.0 1966.0 614.0 1968.0 612.0 1970.0 612.0 1972.0 610.0 1974.0 610.0 1976.0 608.0 1978.0 608.0 1980.0 606.0 1982.0 606.0 1984.0 604.0 1986.0 604.0 1988.0 602.0 1990.0 602.0 1992.0 600.0 1996.0 600.0 1998.0 598.0 2000.0 598.0 2002.0 596.0 2006.0 596.0 2008.0 594.0 2012.0 594.0 2014.0 592.0 2016.0 592.0 2018.0 590.0 2020.0 590.0 2022.0 588.0 2024.0 588.0 2026.0 586.0 2028.0 586.0 2030.0 584.0 2032.0 584.0 2034.0 582.0 2038.0 582.0 2042.0 578.0 2046.0 578.0 2046.0 546.0 2044.0 546.0 2040.0 542.0 2040.0 538.0 2038.0 536.0 2038.0 532.0 2036.0 530.0 2036.0 528.0 2034.0 526.0 2034.0 524.0 2032.0 522.0 2032.0 518.0 2030.0 516.0 2030.0 514.0 2028.0 512.0 2028.0 510.0 2026.0 508.0 2026.0 506.0 2024.0 504.0 2024.0 502.0 2022.0 500.0 2022.0 498.0 2020.0 496.0 2020.0 494.0 2018.0 492.0 2018.0 490.0 2014.0 486.0 2014.0 484.0 2012.0 482.0 2012.0 480.0 2010.0 478.0 2010.0 476.0 2006.0 472.0 2006.0 470.0 2004.0 468.0 2004.0 466.0 2000.0 462.0 2000.0 460.0 1996.0 456.0 1996.0 454.0 1992.0 450.0 1992.0 448.0 1988.0 444.0 1988.0 442.0 1984.0 438.0 1984.0 436.0 1978.0 430.0 1974.0 430.0 1972.0 428.0 1966.0 428.0 1964.0 426.0 1962.0 426.0 1960.0 428.0 1950.0 428.0 1948.0 430.0 1944.0 430.0 1942.0 432.0 1938.0 432.0 1936.0 434.0 1934.0 434.0 1932.0 436.0 1930.0 436.0 1928.0 438.0 1926.0 438.0 1924.0 440.0 1920.0 440.0 1918.0 442.0 1916.0 442.0 1914.0 444.0 1912.0 444.0 1910.0 446.0 1906.0 446.0 1904.0 448.0 1900.0 448.0 1898.0 450.0 1896.0 450.0 1894.0 452.0 1892.0 452.0 1890.0 454.0 1888.0 454.0 1886.0 456.0 1884.0 456.0 1882.0 458.0 1878.0 458.0 1876.0 460.0 1874.0 460.0 1872.0 462.0 1868.0 462.0 1866.0 464.0 1850.0 464.0 1838.0 452.0 1838.0 450.0 1830.0 442.0 1830.0 440.0 1824.0 434.0 1824.0 432.0 1818.0 426.0 1818.0 424.0 1814.0 420.0 1814.0 418.0 1810.0 414.0 1810.0 412.0 1804.0 406.0 1804.0 404.0 1798.0 398.0 1798.0 396.0 1794.0 392.0 1794.0 390.0 1788.0 384.0 1788.0 382.0 1782.0 376.0 1782.0 374.0 1778.0 370.0 1778.0 368.0 1772.0 362.0 1772.0 360.0 1766.0 354.0 1766.0 352.0 1764.0 350.0 1764.0 348.0 1756.0 340.0 1756.0 338.0 1750.0 332.0 1750.0 330.0 1746.0 326.0 1746.0 324.0 1740.0 318.0 1740.0 316.0 1734.0 310.0 1734.0 308.0 1718.0 292.0 1718.0 290.0 1712.0 284.0 1712.0 282.0 1710.0 280.0 1710.0 278.0 1706.0 274.0 1706.0 272.0 1704.0 270.0 1704.0 268.0 1702.0 266.0 1702.0 264.0 1700.0 262.0 1700.0 260.0 1694.0 254.0 1694.0 252.0 1684.0 242.0 1684.0 240.0 1658.0 214.0 1656.0 214.0 1652.0 210.0 1652.0 204.0 0.9593502879142761
2030.0 612.0 2030.0 618.0 2024.0 624.0 2022.0 624.0 2020.0 626.0 2016.0 626.0 2014.0 628.0 2012.0 628.0 2008.0 632.0 2004.0 632.0 2002.0 634.0 2000.0 634.0 1998.0 636.0 1994.0 636.0 1992.0 638.0 1990.0 638.0 1988.0 640.0 1986.0 640.0 1984.0 642.0 1980.0 642.0 1978.0 644.0 1974.0 644.0 1972.0 646.0 1970.0 646.0 1966.0 650.0 1962.0 650.0 1960.0 652.0 1956.0 652.0 1952.0 656.0 1950.0 656.0 1948.0 658.0 1944.0 658.0 1942.0 660.0 1938.0 660.0 1936.0 662.0 1934.0 662.0 1932.0 664.0 1930.0 664.0 1928.0 666.0 1924.0 666.0 1922.0 668.0 1918.0 668.0 1916.0 670.0 1914.0 670.0 1912.0 672.0 1908.0 672.0 1906.0 674.0 1902.0 674.0 1900.0 676.0 1896.0 676.0 1894.0 678.0 1890.0 678.0 1888.0 680.0 1886.0 680.0 1884.0 682.0 1880.0 682.0 1878.0 684.0 1876.0 684.0 1874.0 686.0 1872.0 686.0 1870.0 688.0 1866.0 688.0 1864.0 690.0 1860.0 690.0 1858.0 692.0 1854.0 692.0 1852.0 694.0 1850.0 694.0 1848.0 696.0 1844.0 696.0 1842.0 698.0 1840.0 698.0 1838.0 700.0 1834.0 700.0 1832.0 702.0 1830.0 702.0 1828.0 704.0 1826.0 704.0 1824.0 706.0 1822.0 706.0 1820.0 708.0 1816.0 708.0 1814.0 710.0 1812.0 710.0 1810.0 712.0 1808.0 712.0 1806.0 714.0 1802.0 714.0 1800.0 716.0 1798.0 716.0 1796.0 718.0 1794.0 718.0 1792.0 720.0 1790.0 720.0 1788.0 722.0 1786.0 722.0 1784.0 724.0 1780.0 724.0 1776.0 728.0 1774.0 728.0 1772.0 730.0 1768.0 730.0 1766.0 732.0 1764.0 732.0 1762.0 734.0 1758.0 734.0 1756.0 736.0 1752.0 736.0 1750.0 738.0 1746.0 738.0 1744.0 740.0 1740.0 740.0 1734.0 746.0 1724.0 746.0 1724.0 790.0 1730.0 790.0 1736.0 796.0 1736.0 798.0 1738.0 800.0 1738.0 804.0 1740.0 806.0 1740.0 808.0 1742.0 810.0 1742.0 814.0 1744.0 816.0 1744.0 818.0 1746.0 820.0 1746.0 824.0 1748.0 826.0 1748.0 828.0 1750.0 830.0 1750.0 832.0 1752.0 834.0 1752.0 836.0 1756.0 840.0 1756.0 842.0 1758.0 844.0 1758.0 846.0 1762.0 850.0 1762.0 852.0 1764.0 854.0 1764.0 856.0 1766.0 858.0 1766.0 860.0 1768.0 862.0 1768.0 864.0 1772.0 868.0 1772.0 870.0 1774.0 872.0 1774.0 890.0 1772.0 892.0 1772.0 898.0 1770.0 900.0 1770.0 912.0 1772.0 914.0 1772.0 922.0 1774.0 924.0 1774.0 926.0 1776.0 928.0 1776.0 932.0 1780.0 936.0 1780.0 938.0 1784.0 942.0 1784.0 944.0 1786.0 946.0 1786.0 948.0 1790.0 952.0 1790.0 954.0 1792.0 956.0 1792.0 958.0 1794.0 960.0 1794.0 962.0 1796.0 964.0 1796.0 966.0 1800.0 970.0 1800.0 972.0 1802.0 974.0 1802.0 976.0 1804.0 978.0 1804.0 980.0 1812.0 988.0 1816.0 988.0 1818.0 990.0 1820.0 990.0 1822.0 992.0 1824.0 992.0 1830.0 998.0 1830.0 1000.0 1834.0 1004.0 1834.0 1006.0 1836.0 1008.0 1836.0 1012.0 1838.0 1014.0 1838.0 1018.0 1840.0 1020.0 1840.0 1024.0 1842.0 1026.0 1842.0 1030.0 1844.0 1032.0 1844.0 1034.0 1846.0 1036.0 1846.0 1038.0 1848.0 1040.0 1848.0 1042.0 1850.0 1044.0 1850.0 1046.0 1852.0 1048.0 1852.0 1050.0 1854.0 1052.0 1854.0 1056.0 1856.0 1058.0 1856.0 1060.0 1858.0 1062.0 1858.0 1064.0 1860.0 1066.0 1860.0 1068.0 1864.0 1072.0 1864.0 1074.0 1866.0 1076.0 1866.0 1078.0 1868.0 1080.0 1868.0 1082.0 1872.0 1086.0 1872.0 1090.0 1882.0 1100.0 1882.0 1106.0 1900.0 1106.0 1900.0 1100.0 1902.0 1098.0 1906.0 1098.0 1908.0 1096.0 1916.0 1096.0 1918.0 1094.0 1924.0 1094.0 1926.0 1092.0 1930.0 1092.0 1932.0 1090.0 1934.0 1090.0 1936.0 1088.0 1938.0 1088.0 1940.0 1086.0 1942.0 1086.0 1944.0 1084.0 1948.0 1084.0 1950.0 1082.0 1952.0 1082.0 1954.0 1080.0 1956.0 1080.0 1958.0 1078.0 1962.0 1078.0 1964.0 1076.0 1966.0 1076.0 1968.0 1074.0 1970.0 1074.0 1972.0 1072.0 1976.0 1072.0 1978.0 1070.0 1980.0 1070.0 1982.0 1068.0 1986.0 1068.0 1988.0 1066.0 1990.0 1066.0 1992.0 1064.0 1996.0 1064.0 1998.0 1062.0 2002.0 1062.0 2004.0 1060.0 2008.0 1060.0 2010.0 1058.0 2012.0 1058.0 2014.0 1056.0 2016.0 1056.0 2018.0 1054.0 2022.0 1054.0 2024.0 1052.0 2028.0 1052.0 2030.0 1050.0 2036.0 1050.0 2038.0 1048.0 2046.0 1048.0 2046.0 612.0 0.9562510251998901
1092.0 668.0 1092.0 676.0 1082.0 686.0 1080.0 686.0 1074.0 692.0 1070.0 692.0 1068.0 694.0 1060.0 694.0 1058.0 696.0 1038.0 696.0 1036.0 698.0 1032.0 698.0 1030.0 700.0 1024.0 700.0 1022.0 702.0 1018.0 702.0 1016.0 704.0 1010.0 704.0 1008.0 706.0 1000.0 706.0 998.0 708.0 988.0 708.0 986.0 710.0 978.0 710.0 976.0 712.0 970.0 712.0 968.0 714.0 958.0 714.0 956.0 716.0 942.0 716.0 940.0 718.0 930.0 718.0 928.0 720.0 920.0 720.0 918.0 722.0 908.0 722.0 906.0 724.0 896.0 724.0 894.0 726.0 890.0 726.0 888.0 728.0 884.0 728.0 882.0 730.0 876.0 730.0 874.0 732.0 866.0 732.0 864.0 734.0 860.0 734.0 858.0 736.0 854.0 736.0 852.0 738.0 844.0 738.0 842.0 740.0 818.0 740.0 816.0 742.0 800.0 742.0 798.0 744.0 792.0 744.0 790.0 746.0 784.0 746.0 782.0 748.0 774.0 748.0 772.0 750.0 766.0 750.0 764.0 752.0 756.0 752.0 754.0 754.0 740.0 754.0 738.0 756.0 732.0 756.0 730.0 758.0 724.0 758.0 722.0 760.0 718.0 760.0 716.0 762.0 710.0 762.0 708.0 764.0 702.0 764.0 700.0 766.0 680.0 766.0 678.0 768.0 658.0 768.0 656.0 770.0 640.0 770.0 638.0 772.0 618.0 772.0 616.0 774.0 608.0 774.0 606.0 776.0 594.0 776.0 592.0 778.0 570.0 778.0 568.0 780.0 550.0 780.0 548.0 782.0 540.0 782.0 538.0 784.0 528.0 784.0 526.0 786.0 516.0 786.0 514.0 788.0 508.0 788.0 506.0 790.0 502.0 790.0 500.0 792.0 496.0 792.0 494.0 794.0 492.0 794.0 490.0 796.0 488.0 796.0 482.0 802.0 476.0 802.0 476.0 928.0 482.0 928.0 486.0 932.0 486.0 936.0 488.0 938.0 488.0 944.0 490.0 946.0 490.0 952.0 492.0 954.0 492.0 990.0 494.0 992.0 494.0 1018.0 496.0 1020.0 496.0 1046.0 498.0 1048.0 498.0 1058.0 496.0 1060.0 496.0 1070.0 494.0 1072.0 494.0 1076.0 492.0 1078.0 492.0 1080.0 490.0 1082.0 490.0 1084.0 488.0 1086.0 488.0 1088.0 486.0 1090.0 486.0 1094.0 482.0 1098.0 476.0 1098.0 476.0 1192.0 482.0 1192.0 484.0 1194.0 484.0 1196.0 486.0 1198.0 486.0 1202.0 488.0 1204.0 488.0 1208.0 490.0 1210.0 490.0 1212.0 492.0 1214.0 492.0 1216.0 494.0 1218.0 494.0 1220.0 496.0 1222.0 496.0 1226.0 498.0 1228.0 498.0 1230.0 502.0 1234.0 502.0 1236.0 506.0 1240.0 508.0 1240.0 534.0 1266.0 536.0 1266.0 540.0 1270.0 542.0 1270.0 544.0 1272.0 548.0 1272.0 550.0 1274.0 554.0 1274.0 556.0 1276.0 556.0 1282.0 580.0 1282.0 580.0 1276.0 582.0 1274.0 588.0 1274.0 590.0 1272.0 600.0 1272.0 602.0 1270.0 608.0 1270.0 610.0 1268.0 616.0 1268.0 618.0 1266.0 622.0 1266.0 624.0 1264.0 626.0 1264.0 628.0 1262.0 630.0 1262.0 632.0 1260.0 636.0 1260.0 638.0 1258.0 640.0 1258.0 642.0 1256.0 644.0 1256.0 646.0 1254.0 648.0 1254.0 650.0 1252.0 654.0 1252.0 656.0 1250.0 658.0 1250.0 664.0 1244.0 666.0 1244.0 668.0 1242.0 670.0 1242.0 672.0 1240.0 674.0 1240.0 678.0 1236.0 680.0 1236.0 682.0 1234.0 684.0 1234.0 686.0 1232.0 690.0 1232.0 694.0 1228.0 696.0 1228.0 698.0 1226.0 700.0 1226.0 704.0 1222.0 706.0 1222.0 708.0 1220.0 712.0 1220.0 714.0 1218.0 716.0 1218.0 718.0 1216.0 722.0 1216.0 724.0 1214.0 744.0 1214.0 746.0 1212.0 756.0 1212.0 758.0 1210.0 760.0 1210.0 762.0 1208.0 764.0 1208.0 766.0 1206.0 770.0 1206.0 772.0 1204.0 774.0 1204.0 784.0 1194.0 786.0 1194.0 788.0 1192.0 790.0 1192.0 792.0 1190.0 794.0 1190.0 796.0 1188.0 808.0 1188.0 810.0 1186.0 822.0 1186.0 824.0 1184.0 834.0 1184.0 836.0 1182.0 840.0 1182.0 842.0 1180.0 860.0 1180.0 862.0 1178.0 876.0 1178.0 880.0 1182.0 882.0 1182.0 884.0 1184.0 886.0 1184.0 888.0 1186.0 896.0 1186.0 898.0 1188.0 948.0 1188.0 950.0 1186.0 970.0 1186.0 972.0 1184.0 980.0 1184.0 982.0 1182.0 986.0 1182.0 988.0 1180.0 996.0 1180.0 998.0 1178.0 1002.0 1178.0 1004.0 1176.0 1012.0 1176.0 1014.0 1174.0 1020.0 1174.0 1022.0 1172.0 1024.0 1172.0 1026.0 1170.0 1028.0 1170.0 1030.0 1168.0 1032.0 1168.0 1034.0 1166.0 1038.0 1166.0 1040.0 1164.0 1042.0 1164.0 1044.0 1162.0 1048.0 1162.0 1050.0 1160.0 1056.0 1160.0 1058.0 1158.0 1062.0 1158.0 1064.0 1156.0 1068.0 1156.0 1070.0 1154.0 1074.0 1154.0 1076.0 1152.0 1078.0 1152.0 1080.0 1150.0 1088.0 1150.0 1090.0 1148.0 1098.0 1148.0 1100.0 1146.0 1106.0 1146.0 1108.0 1144.0 1120.0 1144.0 1122.0 1142.0 1148.0 1142.0 1150.0 1140.0 1162.0 1140.0 1164.0 1138.0 1168.0 1138.0 1170.0 1136.0 1172.0 1136.0 1174.0 1134.0 1176.0 1134.0 1178.0 1132.0 1184.0 1132.0 1186.0 1130.0 1192.0 1130.0 1194.0 1128.0 1208.0 1128.0 1210.0 1126.0 1222.0 1126.0 1224.0 1124.0 1234.0 1124.0 1236.0 1122.0 1244.0 1122.0 1246.0 1120.0 1254.0 1120.0 1256.0 1118.0 1262.0 1118.0 1264.0 1116.0 1268.0 1116.0 1270.0 1114.0 1276.0 1114.0 1278.0 1112.0 1288.0 1112.0 1290.0 1110.0 1300.0 1110.0 1302.0 1108.0 1308.0 1108.0 1310.0 1106.0 1314.0 1106.0 1316.0 1104.0 1318.0 1104.0 1320.0 1102.0 1324.0 1102.0 1334.0 1092.0 1334.0 1090.0 1340.0 1084.0 1346.0 1084.0 1346.0 1036.0 1340.0 1036.0 1336.0 1032.0 1336.0 1030.0 1334.0 1028.0 1334.0 1026.0 1332.0 1024.0 1332.0 1022.0 1330.0 1020.0 1330.0 1018.0 1326.0 1014.0 1326.0 1012.0 1324.0 1010.0 1324.0 1008.0 1318.0 1002.0 1318.0 1000.0 1316.0 998.0 1316.0 996.0 1308.0 988.0 1308.0 986.0 1306.0 984.0 1306.0 982.0 1302.0 978.0 1302.0 976.0 1300.0 974.0 1300.0 970.0 1298.0 968.0 1298.0 964.0 1296.0 962.0 1296.0 958.0 1294.0 956.0 1294.0 950.0 1292.0 948.0 1292.0 944.0 1290.0 942.0 1290.0 938.0 1288.0 936.0 1288.0 932.0 1286.0 930.0 1286.0 924.0 1284.0 922.0 1284.0 918.0 1282.0 916.0 1282.0 914.0 1280.0 912.0 1280.0 910.0 1278.0 908.0 1278.0 906.0 1276.0 904.0 1276.0 902.0 1274.0 900.0 1274.0 898.0 1272.0 896.0 1272.0 894.0 1270.0 892.0 1270.0 890.0 1268.0 888.0 1268.0 886.0 1266.0 884.0 1266.0 882.0 1262.0 878.0 1262.0 876.0 1256.0 870.0 1256.0 868.0 1252.0 864.0 1252.0 862.0 1248.0 858.0 1248.0 856.0 1244.0 852.0 1244.0 850.0 1242.0 848.0 1242.0 846.0 1240.0 844.0 1240.0 840.0 1238.0 838.0 1238.0 834.0 1236.0 832.0 1236.0 826.0 1234.0 824.0 1234.0 820.0 1232.0 818.0 1232.0 812.0 1230.0 810.0 1230.0 806.0 1228.0 804.0 1228.0 800.0 1226.0 798.0 1226.0 792.0 1224.0 790.0 1224.0 784.0 1222.0 782.0 1222.0 776.0 1220.0 774.0 1220.0 768.0 1218.0 766.0 1218.0 764.0 1216.0 762.0 1216.0 760.0 1214.0 758.0 1214.0 756.0 1204.0 746.0 1204.0 744.0 1202.0 742.0 1200.0 742.0 1198.0 740.0 1198.0 738.0 1196.0 738.0 1184.0 726.0 1184.0 724.0 1178.0 718.0 1178.0 716.0 1176.0 714.0 1176.0 710.0 1174.0 708.0 1174.0 706.0 1172.0 704.0 1172.0 700.0 1170.0 698.0 1170.0 696.0 1168.0 694.0 1168.0 692.0 1166.0 690.0 1166.0 688.0 1164.0 686.0 1164.0 684.0 1156.0 676.0 1156.0 668.0 0.9552410840988159
1104.0 1700.0 1104.0 1706.0 1102.0 1708.0 1100.0 1708.0 1098.0 1710.0 1086.0 1710.0 1084.0 1712.0 1068.0 1712.0 1066.0 1714.0 1052.0 1714.0 1050.0 1716.0 1042.0 1716.0 1040.0 1718.0 1030.0 1718.0 1028.0 1720.0 1014.0 1720.0 1012.0 1722.0 1004.0 1722.0 1002.0 1724.0 996.0 1724.0 994.0 1726.0 986.0 1726.0 984.0 1728.0 976.0 1728.0 974.0 1730.0 954.0 1730.0 952.0 1728.0 946.0 1728.0 944.0 1726.0 928.0 1726.0 926.0 1728.0 914.0 1728.0 912.0 1730.0 906.0 1730.0 904.0 1732.0 898.0 1732.0 896.0 1734.0 890.0 1734.0 888.0 1736.0 876.0 1736.0 876.0 1850.0 882.0 1850.0 884.0 1852.0 884.0 1854.0 886.0 1856.0 886.0 1864.0 888.0 1866.0 888.0 1876.0 890.0 1878.0 890.0 1886.0 892.0 1888.0 892.0 1896.0 894.0 1898.0 894.0 1910.0 896.0 1912.0 896.0 1920.0 898.0 1922.0 898.0 1928.0 900.0 1930.0 900.0 1932.0 898.0 1934.0 898.0 1938.0 896.0 1940.0 896.0 1942.0 892.0 1946.0 892.0 1948.0 890.0 1950.0 890.0 1952.0 888.0 1954.0 888.0 1978.0 890.0 1980.0 890.0 1992.0 892.0 1994.0 892.0 2012.0 894.0 2014.0 894.0 2036.0 896.0 2038.0 896.0 2046.0 1306.0 2046.0 1306.0 2010.0 1300.0 2010.0 1298.0 2008.0 1298.0 2006.0 1296.0 2004.0 1296.0 2002.0 1294.0 2000.0 1294.0 1998.0 1292.0 1996.0 1292.0 1994.0 1290.0 1992.0 1290.0 1990.0 1288.0 1988.0 1288.0 1986.0 1286.0 1984.0 1286.0 1982.0 1282.0 1978.0 1282.0 1976.0 1274.0 1968.0 1274.0 1966.0 1272.0 1964.0 1272.0 1962.0 1270.0 1960.0 1270.0 1956.0 1268.0 1954.0 1268.0 1944.0 1266.0 1942.0 1266.0 1936.0 1264.0 1934.0 1264.0 1928.0 1262.0 1926.0 1262.0 1918.0 1260.0 1916.0 1260.0 1904.0 1258.0 1902.0 1258.0 1890.0 1256.0 1888.0 1256.0 1874.0 1254.0 1872.0 1254.0 1856.0 1252.0 1854.0 1252.0 1840.0 1250.0 1838.0 1250.0 1832.0 1248.0 1830.0 1248.0 1824.0 1246.0 1822.0 1246.0 1818.0 1244.0 1816.0 1244.0 1808.0 1242.0 1806.0 1242.0 1800.0 1240.0 1798.0 1240.0 1786.0 1238.0 1784.0 1238.0 1770.0 1236.0 1768.0 1236.0 1748.0 1234.0 1746.0 1234.0 1736.0 1232.0 1734.0 1232.0 1728.0 1230.0 1726.0 1230.0 1718.0 1228.0 1716.0 1228.0 1700.0 0.931276798248291
4.0 1388.0 4.0 1680.0 16.0 1680.0 18.0 1678.0 40.0 1678.0 42.0 1676.0 62.0 1676.0 64.0 1674.0 84.0 1674.0 86.0 1676.0 160.0 1676.0 162.0 1678.0 172.0 1678.0 174.0 1680.0 180.0 1680.0 182.0 1682.0 184.0 1682.0 186.0 1684.0 186.0 1690.0 204.0 1690.0 204.0 1684.0 206.0 1682.0 210.0 1682.0 212.0 1680.0 226.0 1680.0 228.0 1678.0 242.0 1678.0 244.0 1676.0 258.0 1676.0 260.0 1674.0 276.0 1674.0 278.0 1672.0 286.0 1672.0 288.0 1670.0 290.0 1670.0 292.0 1668.0 294.0 1668.0 316.0 1646.0 316.0 1642.0 318.0 1640.0 318.0 1630.0 320.0 1628.0 320.0 1620.0 322.0 1618.0 322.0 1614.0 324.0 1612.0 324.0 1606.0 326.0 1604.0 326.0 1598.0 328.0 1596.0 328.0 1592.0 330.0 1590.0 330.0 1584.0 332.0 1582.0 332.0 1572.0 334.0 1570.0 334.0 1564.0 336.0 1562.0 336.0 1558.0 338.0 1556.0 338.0 1546.0 340.0 1544.0 340.0 1534.0 342.0 1532.0 342.0 1514.0 340.0 1512.0 340.0 1502.0 338.0 1500.0 338.0 1454.0 336.0 1452.0 336.0 1448.0 334.0 1446.0 334.0 1442.0 330.0 1438.0 330.0 1436.0 322.0 1428.0 322.0 1426.0 316.0 1420.0 316.0 1418.0 314.0 1418.0 310.0 1414.0 308.0 1414.0 306.0 1412.0 304.0 1412.0 302.0 1410.0 294.0 1410.0 292.0 1408.0 284.0 1408.0 282.0 1406.0 276.0 1406.0 274.0 1404.0 260.0 1404.0 258.0 1402.0 248.0 1402.0 246.0 1404.0 240.0 1404.0 238.0 1402.0 228.0 1402.0 226.0 1400.0 222.0 1400.0 220.0 1398.0 218.0 1398.0 214.0 1394.0 214.0 1388.0 0.9295045733451843
0.0 1708.0 0.0 2046.0 350.0 2046.0 350.0 2044.0 352.0 2042.0 352.0 2038.0 354.0 2036.0 354.0 2026.0 352.0 2024.0 352.0 2022.0 350.0 2020.0 344.0 2020.0 342.0 2022.0 340.0 2022.0 338.0 2024.0 334.0 2024.0 332.0 2026.0 330.0 2026.0 320.0 2016.0 320.0 2010.0 318.0 2008.0 318.0 2004.0 322.0 2000.0 322.0 1998.0 324.0 1996.0 324.0 1994.0 328.0 1990.0 328.0 1988.0 330.0 1986.0 330.0 1984.0 346.0 1968.0 348.0 1968.0 348.0 1966.0 350.0 1964.0 350.0 1960.0 352.0 1958.0 352.0 1950.0 354.0 1948.0 352.0 1946.0 352.0 1938.0 350.0 1936.0 350.0 1934.0 348.0 1932.0 348.0 1930.0 346.0 1928.0 346.0 1926.0 340.0 1920.0 340.0 1918.0 336.0 1914.0 334.0 1914.0 330.0 1910.0 324.0 1910.0 318.0 1904.0 318.0 1902.0 312.0 1896.0 312.0 1894.0 310.0 1892.0 310.0 1890.0 308.0 1888.0 308.0 1852.0 306.0 1850.0 306.0 1824.0 308.0 1822.0 308.0 1812.0 310.0 1810.0 310.0 1806.0 308.0 1804.0 308.0 1750.0 306.0 1748.0 306.0 1740.0 304.0 1738.0 304.0 1732.0 302.0 1730.0 302.0 1726.0 300.0 1724.0 300.0 1722.0 298.0 1720.0 298.0 1718.0 296.0 1716.0 296.0 1708.0 0.928212583065033
1044.0 0.0 1044.0 48.0 1050.0 48.0 1054.0 52.0 1054.0 56.0 1056.0 58.0 1056.0 66.0 1058.0 68.0 1058.0 76.0 1060.0 78.0 1060.0 82.0 1062.0 84.0 1062.0 88.0 1064.0 90.0 1064.0 94.0 1066.0 96.0 1066.0 106.0 1068.0 108.0 1068.0 114.0 1070.0 116.0 1070.0 122.0 1072.0 124.0 1072.0 138.0 1074.0 140.0 1074.0 152.0 1076.0 154.0 1076.0 160.0 1078.0 162.0 1078.0 168.0 1080.0 170.0 1080.0 178.0 1082.0 180.0 1082.0 186.0 1084.0 188.0 1084.0 192.0 1086.0 194.0 1086.0 198.0 1088.0 200.0 1088.0 204.0 1090.0 206.0 1090.0 208.0 1092.0 210.0 1092.0 218.0 1132.0 218.0 1132.0 212.0 1134.0 210.0 1136.0 210.0 1138.0 208.0 1148.0 208.0 1150.0 206.0 1158.0 206.0 1160.0 204.0 1172.0 204.0 1174.0 202.0 1182.0 202.0 1184.0 200.0 1192.0 200.0 1194.0 198.0 1206.0 198.0 1208.0 196.0 1218.0 196.0 1220.0 194.0 1242.0 194.0 1244.0 192.0 1252.0 192.0 1254.0 190.0 1262.0 190.0 1264.0 188.0 1272.0 188.0 1274.0 186.0 1286.0 186.0 1288.0 184.0 1294.0 184.0 1296.0 182.0 1306.0 182.0 1308.0 180.0 1320.0 180.0 1322.0 178.0 1328.0 178.0 1330.0 176.0 1332.0 176.0 1346.0 162.0 1346.0 160.0 1352.0 154.0 1352.0 152.0 1350.0 150.0 1350.0 144.0 1348.0 142.0 1348.0 140.0 1346.0 138.0 1346.0 128.0 1344.0 126.0 1344.0 118.0 1354.0 108.0 1360.0 108.0 1362.0 110.0 1362.0 112.0 1364.0 114.0 1364.0 122.0 1366.0 124.0 1366.0 138.0 1368.0 140.0 1368.0 146.0 1370.0 148.0 1370.0 150.0 1372.0 152.0 1378.0 152.0 1378.0 0.0 1340.0 0.0 1340.0 8.0 1338.0 10.0 1338.0 12.0 1340.0 14.0 1340.0 18.0 1342.0 20.0 1342.0 30.0 1344.0 32.0 1344.0 38.0 1346.0 40.0 1346.0 46.0 1348.0 48.0 1348.0 52.0 1350.0 54.0 1350.0 60.0 1352.0 62.0 1352.0 66.0 1354.0 68.0 1354.0 70.0 1356.0 72.0 1356.0 74.0 1358.0 76.0 1358.0 80.0 1364.0 86.0 1364.0 90.0 1366.0 92.0 1366.0 100.0 1364.0 102.0 1364.0 104.0 1362.0 106.0 1358.0 102.0 1358.0 98.0 1356.0 96.0 1356.0 94.0 1354.0 94.0 1350.0 90.0 1348.0 90.0 1342.0 84.0 1340.0 84.0 1338.0 82.0 1338.0 80.0 1334.0 76.0 1334.0 68.0 1336.0 66.0 1336.0 60.0 1334.0 58.0 1334.0 50.0 1332.0 48.0 1332.0 44.0 1330.0 42.0 1330.0 36.0 1328.0 34.0 1328.0 14.0 1326.0 12.0 1326.0 6.0 1324.0 4.0 1324.0 0.0 0.9043188095092773
800.0 1196.0 800.0 1202.0 798.0 1204.0 794.0 1204.0 792.0 1206.0 780.0 1206.0 778.0 1208.0 774.0 1208.0 770.0 1212.0 766.0 1212.0 764.0 1214.0 760.0 1214.0 758.0 1216.0 756.0 1216.0 754.0 1218.0 752.0 1218.0 746.0 1224.0 746.0 1226.0 744.0 1228.0 744.0 1248.0 738.0 1254.0 734.0 1254.0 732.0 1256.0 726.0 1256.0 724.0 1258.0 718.0 1258.0 716.0 1260.0 710.0 1260.0 708.0 1262.0 696.0 1262.0 694.0 1264.0 686.0 1264.0 684.0 1266.0 680.0 1266.0 678.0 1268.0 674.0 1268.0 672.0 1270.0 664.0 1270.0 662.0 1272.0 654.0 1272.0 652.0 1274.0 646.0 1274.0 644.0 1276.0 640.0 1276.0 638.0 1278.0 628.0 1278.0 626.0 1280.0 614.0 1280.0 612.0 1282.0 604.0 1282.0 602.0 1284.0 592.0 1284.0 590.0 1286.0 570.0 1286.0 568.0 1288.0 552.0 1288.0 550.0 1290.0 542.0 1290.0 540.0 1292.0 532.0 1292.0 530.0 1294.0 516.0 1294.0 514.0 1296.0 504.0 1296.0 502.0 1298.0 484.0 1298.0 482.0 1296.0 482.0 1294.0 480.0 1292.0 480.0 1290.0 482.0 1288.0 482.0 1286.0 488.0 1280.0 488.0 1278.0 492.0 1274.0 490.0 1272.0 490.0 1268.0 488.0 1266.0 484.0 1266.0 482.0 1264.0 480.0 1264.0 478.0 1262.0 466.0 1262.0 464.0 1264.0 462.0 1264.0 460.0 1266.0 452.0 1266.0 452.0 1682.0 528.0 1682.0 528.0 1674.0 534.0 1668.0 540.0 1668.0 542.0 1666.0 546.0 1666.0 546.0 1660.0 548.0 1658.0 550.0 1660.0 552.0 1660.0 554.0 1662.0 562.0 1662.0 564.0 1664.0 566.0 1664.0 568.0 1666.0 572.0 1666.0 574.0 1664.0 576.0 1664.0 578.0 1662.0 580.0 1662.0 582.0 1660.0 586.0 1660.0 588.0 1658.0 590.0 1658.0 592.0 1656.0 594.0 1656.0 596.0 1654.0 614.0 1654.0 616.0 1652.0 628.0 1652.0 630.0 1650.0 638.0 1650.0 640.0 1648.0 644.0 1648.0 646.0 1646.0 650.0 1646.0 652.0 1644.0 664.0 1644.0 666.0 1642.0 686.0 1642.0 688.0 1640.0 738.0 1640.0 740.0 1638.0 744.0 1638.0 746.0 1636.0 748.0 1636.0 750.0 1634.0 754.0 1634.0 756.0 1632.0 772.0 1632.0 774.0 1634.0 776.0 1634.0 778.0 1636.0 778.0 1638.0 774.0 1642.0 774.0 1644.0 778.0 1648.0 784.0 1648.0 786.0 1646.0 788.0 1646.0 790.0 1648.0 792.0 1648.0 794.0 1650.0 798.0 1650.0 800.0 1652.0 812.0 1652.0 812.0 1648.0 804.0 1640.0 804.0 1638.0 802.0 1636.0 806.0 1632.0 808.0 1632.0 814.0 1626.0 818.0 1626.0 820.0 1624.0 862.0 1624.0 864.0 1622.0 874.0 1622.0 876.0 1620.0 884.0 1620.0 886.0 1618.0 902.0 1618.0 904.0 1620.0 906.0 1620.0 910.0 1624.0 912.0 1624.0 914.0 1626.0 914.0 1634.0 916.0 1636.0 932.0 1636.0 934.0 1634.0 936.0 1634.0 938.0 1632.0 938.0 1628.0 948.0 1618.0 950.0 1618.0 952.0 1616.0 956.0 1616.0 958.0 1614.0 960.0 1614.0 962.0 1612.0 964.0 1612.0 966.0 1610.0 968.0 1610.0 970.0 1608.0 972.0 1608.0 974.0 1606.0 976.0 1606.0 980.0 1602.0 986.0 1602.0 986.0 1490.0 980.0 1490.0 978.0 1488.0 978.0 1460.0 976.0 1458.0 976.0 1424.0 974.0 1422.0 974.0 1384.0 972.0 1382.0 972.0 1370.0 970.0 1368.0 970.0 1344.0 972.0 1342.0 972.0 1294.0 970.0 1292.0 970.0 1246.0 968.0 1244.0 968.0 1226.0 970.0 1224.0 970.0 1208.0 968.0 1206.0 968.0 1196.0 0.8951956629753113
1796.0 1164.0 1796.0 1170.0 1792.0 1174.0 1784.0 1174.0 1782.0 1176.0 1768.0 1176.0 1766.0 1178.0 1760.0 1178.0 1758.0 1180.0 1752.0 1180.0 1750.0 1182.0 1742.0 1182.0 1740.0 1184.0 1730.0 1184.0 1728.0 1186.0 1722.0 1186.0 1720.0 1188.0 1716.0 1188.0 1714.0 1190.0 1706.0 1190.0 1704.0 1192.0 1698.0 1192.0 1696.0 1194.0 1694.0 1194.0 1692.0 1196.0 1690.0 1196.0 1688.0 1198.0 1686.0 1198.0 1684.0 1200.0 1682.0 1200.0 1680.0 1202.0 1668.0 1202.0 1666.0 1204.0 1658.0 1204.0 1656.0 1206.0 1648.0 1206.0 1646.0 1208.0 1638.0 1208.0 1636.0 1210.0 1632.0 1210.0 1630.0 1212.0 1628.0 1212.0 1626.0 1214.0 1624.0 1214.0 1622.0 1216.0 1618.0 1216.0 1614.0 1220.0 1612.0 1220.0 1606.0 1226.0 1606.0 1228.0 1604.0 1230.0 1604.0 1232.0 1596.0 1240.0 1584.0 1240.0 1582.0 1242.0 1570.0 1242.0 1568.0 1244.0 1560.0 1244.0 1558.0 1246.0 1548.0 1246.0 1546.0 1248.0 1536.0 1248.0 1534.0 1250.0 1528.0 1250.0 1526.0 1252.0 1520.0 1252.0 1518.0 1254.0 1508.0 1254.0 1506.0 1256.0 1494.0 1256.0 1492.0 1258.0 1484.0 1258.0 1482.0 1260.0 1476.0 1260.0 1474.0 1262.0 1466.0 1262.0 1464.0 1264.0 1452.0 1264.0 1450.0 1266.0 1434.0 1266.0 1432.0 1268.0 1426.0 1268.0 1424.0 1270.0 1412.0 1270.0 1412.0 1332.0 1418.0 1332.0 1420.0 1334.0 1420.0 1336.0 1422.0 1338.0 1422.0 1350.0 1424.0 1352.0 1424.0 1366.0 1426.0 1368.0 1426.0 1378.0 1428.0 1380.0 1428.0 1388.0 1430.0 1390.0 1430.0 1418.0 1432.0 1420.0 1432.0 1438.0 1434.0 1440.0 1434.0 1450.0 1436.0 1452.0 1436.0 1456.0 1438.0 1458.0 1438.0 1468.0 1440.0 1470.0 1440.0 1484.0 1442.0 1486.0 1442.0 1500.0 1444.0 1502.0 1444.0 1512.0 1446.0 1514.0 1446.0 1522.0 1448.0 1524.0 1448.0 1530.0 1450.0 1532.0 1450.0 1538.0 1452.0 1540.0 1452.0 1548.0 1454.0 1550.0 1454.0 1558.0 1456.0 1560.0 1456.0 1568.0 1458.0 1570.0 1458.0 1578.0 1460.0 1580.0 1460.0 1586.0 1462.0 1588.0 1462.0 1594.0 1464.0 1596.0 1464.0 1602.0 1466.0 1604.0 1466.0 1606.0 1468.0 1608.0 1468.0 1618.0 1516.0 1618.0 1516.0 1612.0 1518.0 1610.0 1520.0 1610.0 1522.0 1608.0 1528.0 1608.0 1530.0 1606.0 1538.0 1606.0 1540.0 1604.0 1548.0 1604.0 1550.0 1602.0 1556.0 1602.0 1558.0 1600.0 1568.0 1600.0 1570.0 1598.0 1582.0 1598.0 1584.0 1596.0 1594.0 1596.0 1596.0 1594.0 1604.0 1594.0 1606.0 1592.0 1614.0 1592.0 1616.0 1590.0 1628.0 1590.0 1630.0 1588.0 1636.0 1588.0 1638.0 1586.0 1646.0 1586.0 1648.0 1584.0 1668.0 1584.0 1670.0 1582.0 1682.0 1582.0 1684.0 1580.0 1688.0 1580.0 1690.0 1578.0 1696.0 1578.0 1698.0 1576.0 1718.0 1576.0 1720.0 1574.0 1726.0 1574.0 1728.0 1572.0 1730.0 1572.0 1732.0 1570.0 1736.0 1570.0 1738.0 1568.0 1744.0 1568.0 1746.0 1566.0 1756.0 1566.0 1758.0 1564.0 1762.0 1564.0 1764.0 1562.0 1768.0 1562.0 1770.0 1560.0 1774.0 1560.0 1776.0 1558.0 1780.0 1558.0 1782.0 1556.0 1788.0 1556.0 1790.0 1554.0 1796.0 1554.0 1798.0 1552.0 1810.0 1552.0 1812.0 1550.0 1814.0 1550.0 1816.0 1548.0 1818.0 1548.0 1820.0 1546.0 1820.0 1544.0 1822.0 1542.0 1822.0 1532.0 1824.0 1530.0 1824.0 1522.0 1822.0 1520.0 1822.0 1512.0 1820.0 1510.0 1820.0 1508.0 1818.0 1506.0 1818.0 1502.0 1816.0 1500.0 1816.0 1452.0 1820.0 1448.0 1824.0 1448.0 1826.0 1450.0 1826.0 1454.0 1824.0 1456.0 1824.0 1470.0 1826.0 1472.0 1826.0 1474.0 1830.0 1478.0 1830.0 1480.0 1834.0 1484.0 1834.0 1488.0 1840.0 1494.0 1842.0 1494.0 1844.0 1496.0 1846.0 1496.0 1852.0 1502.0 1858.0 1502.0 1860.0 1504.0 1868.0 1504.0 1884.0 1488.0 1890.0 1488.0 1892.0 1486.0 1894.0 1486.0 1896.0 1484.0 1900.0 1484.0 1902.0 1482.0 1906.0 1482.0 1908.0 1480.0 1918.0 1480.0 1924.0 1486.0 1924.0 1488.0 1926.0 1490.0 1926.0 1496.0 1924.0 1498.0 1926.0 1500.0 1926.0 1502.0 1928.0 1504.0 1928.0 1506.0 1924.0 1510.0 1920.0 1510.0 1918.0 1512.0 1916.0 1512.0 1910.0 1518.0 1910.0 1520.0 1908.0 1522.0 1908.0 1532.0 1914.0 1538.0 1908.0 1544.0 1908.0 1546.0 1906.0 1548.0 1906.0 1550.0 1904.0 1552.0 1904.0 1554.0 1896.0 1562.0 1894.0 1562.0 1890.0 1566.0 1882.0 1566.0 1876.0 1572.0 1874.0 1572.0 1872.0 1574.0 1868.0 1574.0 1866.0 1576.0 1864.0 1576.0 1858.0 1582.0 1856.0 1582.0 1852.0 1586.0 1852.0 1588.0 1850.0 1590.0 1850.0 1594.0 1854.0 1598.0 1856.0 1598.0 1858.0 1600.0 1860.0 1600.0 1862.0 1602.0 1864.0 1602.0 1866.0 1604.0 1868.0 1604.0 1874.0 1610.0 1874.0 1618.0 1946.0 1618.0 1946.0 1478.0 1934.0 1478.0 1932.0 1476.0 1932.0 1474.0 1934.0 1472.0 1936.0 1472.0 1936.0 1470.0 1940.0 1466.0 1946.0 1466.0 1946.0 1402.0 1938.0 1402.0 1934.0 1398.0 1934.0 1394.0 1932.0 1392.0 1932.0 1386.0 1930.0 1384.0 1930.0 1378.0 1926.0 1378.0 1926.0 1380.0 1924.0 1382.0 1924.0 1388.0 1926.0 1390.0 1926.0 1412.0 1924.0 1414.0 1924.0 1416.0 1922.0 1418.0 1920.0 1418.0 1920.0 1420.0 1916.0 1424.0 1914.0 1424.0 1912.0 1422.0 1912.0 1420.0 1910.0 1418.0 1910.0 1416.0 1906.0 1412.0 1906.0 1410.0 1904.0 1408.0 1904.0 1402.0 1902.0 1400.0 1902.0 1394.0 1900.0 1392.0 1900.0 1388.0 1898.0 1386.0 1898.0 1384.0 1896.0 1382.0 1896.0 1378.0 1894.0 1376.0 1894.0 1372.0 1890.0 1368.0 1890.0 1366.0 1888.0 1364.0 1888.0 1358.0 1886.0 1356.0 1886.0 1352.0 1884.0 1350.0 1884.0 1348.0 1882.0 1346.0 1882.0 1342.0 1880.0 1340.0 1880.0 1332.0 1878.0 1330.0 1878.0 1320.0 1876.0 1318.0 1876.0 1312.0 1878.0 1310.0 1878.0 1308.0 1884.0 1302.0 1884.0 1290.0 1882.0 1288.0 1882.0 1280.0 1880.0 1278.0 1880.0 1276.0 1878.0 1274.0 1878.0 1270.0 1876.0 1268.0 1876.0 1262.0 1874.0 1260.0 1874.0 1256.0 1872.0 1254.0 1872.0 1250.0 1870.0 1248.0 1870.0 1244.0 1868.0 1242.0 1868.0 1238.0 1866.0 1236.0 1866.0 1234.0 1864.0 1232.0 1864.0 1230.0 1862.0 1228.0 1862.0 1226.0 1860.0 1224.0 1860.0 1222.0 1858.0 1220.0 1858.0 1218.0 1856.0 1216.0 1856.0 1214.0 1854.0 1212.0 1854.0 1210.0 1852.0 1208.0 1852.0 1204.0 1850.0 1202.0 1850.0 1200.0 1848.0 1198.0 1848.0 1196.0 1846.0 1194.0 1846.0 1192.0 1844.0 1190.0 1844.0 1186.0 1842.0 1184.0 1842.0 1182.0 1840.0 1180.0 1840.0 1178.0 1834.0 1172.0 1834.0 1164.0 0.8928837776184082
1340.0 4.0 1340.0 56.0 1346.0 56.0 1348.0 58.0 1348.0 60.0 1350.0 62.0 1350.0 68.0 1352.0 70.0 1352.0 74.0 1354.0 76.0 1354.0 78.0 1356.0 80.0 1356.0 82.0 1358.0 84.0 1358.0 86.0 1360.0 88.0 1360.0 90.0 1362.0 92.0 1362.0 98.0 1364.0 100.0 1364.0 108.0 1366.0 110.0 1366.0 124.0 1368.0 126.0 1368.0 136.0 1370.0 138.0 1370.0 144.0 1372.0 146.0 1372.0 152.0 1374.0 154.0 1374.0 164.0 1376.0 166.0 1376.0 170.0 1378.0 172.0 1378.0 174.0 1380.0 174.0 1382.0 176.0 1386.0 176.0 1388.0 178.0 1400.0 178.0 1402.0 176.0 1414.0 176.0 1416.0 174.0 1422.0 174.0 1424.0 172.0 1430.0 172.0 1432.0 170.0 1436.0 170.0 1438.0 168.0 1440.0 168.0 1442.0 166.0 1444.0 166.0 1446.0 164.0 1448.0 164.0 1450.0 162.0 1452.0 162.0 1454.0 160.0 1456.0 160.0 1458.0 158.0 1460.0 158.0 1462.0 156.0 1464.0 156.0 1466.0 154.0 1472.0 154.0 1474.0 152.0 1492.0 152.0 1494.0 150.0 1502.0 150.0 1504.0 148.0 1508.0 148.0 1510.0 146.0 1516.0 146.0 1518.0 144.0 1540.0 144.0 1542.0 142.0 1554.0 142.0 1556.0 140.0 1566.0 140.0 1568.0 138.0 1582.0 138.0 1584.0 136.0 1608.0 136.0 1610.0 134.0 1616.0 134.0 1618.0 132.0 1622.0 132.0 1624.0 130.0 1632.0 130.0 1634.0 128.0 1642.0 128.0 1644.0 126.0 1648.0 126.0 1650.0 124.0 1652.0 124.0 1654.0 122.0 1656.0 122.0 1660.0 118.0 1666.0 118.0 1666.0 112.0 1660.0 112.0 1658.0 110.0 1658.0 108.0 1656.0 106.0 1656.0 98.0 1654.0 96.0 1654.0 90.0 1652.0 88.0 1652.0 82.0 1650.0 80.0 1650.0 74.0 1648.0 72.0 1648.0 68.0 1646.0 66.0 1646.0 62.0 1644.0 60.0 1644.0 56.0 1642.0 54.0 1642.0 50.0 1640.0 48.0 1640.0 44.0 1638.0 42.0 1638.0 36.0 1636.0 34.0 1636.0 30.0 1634.0 28.0 1634.0 24.0 1632.0 22.0 1632.0 16.0 1630.0 14.0 1630.0 4.0 0.8839516043663025
1044.0 4.0 1044.0 50.0 1050.0 50.0 1054.0 54.0 1054.0 60.0 1056.0 62.0 1056.0 70.0 1058.0 72.0 1058.0 78.0 1060.0 80.0 1060.0 84.0 1062.0 86.0 1062.0 90.0 1064.0 92.0 1064.0 98.0 1066.0 100.0 1066.0 108.0 1068.0 110.0 1068.0 116.0 1070.0 118.0 1070.0 126.0 1072.0 128.0 1072.0 142.0 1074.0 144.0 1074.0 154.0 1076.0 156.0 1076.0 160.0 1078.0 162.0 1078.0 168.0 1080.0 170.0 1080.0 178.0 1082.0 180.0 1082.0 186.0 1084.0 188.0 1084.0 192.0 1086.0 194.0 1086.0 198.0 1088.0 200.0 1088.0 204.0 1090.0 206.0 1090.0 208.0 1092.0 210.0 1092.0 218.0 1134.0 218.0 1134.0 212.0 1136.0 210.0 1138.0 210.0 1140.0 208.0 1148.0 208.0 1150.0 206.0 1160.0 206.0 1162.0 204.0 1174.0 204.0 1176.0 202.0 1184.0 202.0 1186.0 200.0 1194.0 200.0 1196.0 198.0 1208.0 198.0 1210.0 196.0 1230.0 196.0 1232.0 194.0 1244.0 194.0 1246.0 192.0 1252.0 192.0 1254.0 190.0 1262.0 190.0 1264.0 188.0 1274.0 188.0 1276.0 186.0 1288.0 186.0 1290.0 184.0 1298.0 184.0 1300.0 182.0 1312.0 182.0 1314.0 180.0 1326.0 180.0 1328.0 178.0 1334.0 178.0 1336.0 176.0 1338.0 176.0 1340.0 174.0 1344.0 174.0 1346.0 172.0 1354.0 172.0 1356.0 170.0 1360.0 170.0 1364.0 166.0 1370.0 166.0 1372.0 168.0 1372.0 170.0 1374.0 172.0 1376.0 172.0 1378.0 174.0 1380.0 174.0 1382.0 176.0 1386.0 176.0 1388.0 178.0 1400.0 178.0 1402.0 176.0 1414.0 176.0 1416.0 174.0 1424.0 174.0 1426.0 172.0 1432.0 172.0 1434.0 170.0 1436.0 170.0 1438.0 168.0 1440.0 168.0 1442.0 166.0 1444.0 166.0 1446.0 164.0 1448.0 164.0 1450.0 162.0 1452.0 162.0 1454.0 160.0 1456.0 160.0 1458.0 158.0 1462.0 158.0 1464.0 156.0 1466.0 156.0 1468.0 154.0 1472.0 154.0 1474.0 152.0 1492.0 152.0 1494.0 150.0 1504.0 150.0 1506.0 148.0 1510.0 148.0 1512.0 146.0 1522.0 146.0 1524.0 144.0 1546.0 144.0 1548.0 142.0 1560.0 142.0 1562.0 140.0 1572.0 140.0 1574.0 138.0 1614.0 138.0 1616.0 136.0 1630.0 136.0 1632.0 134.0 1636.0 134.0 1640.0 130.0 1650.0 130.0 1652.0 128.0 1666.0 128.0 1666.0 104.0 1660.0 104.0 1658.0 102.0 1658.0 100.0 1656.0 98.0 1656.0 92.0 1654.0 90.0 1654.0 84.0 1652.0 82.0 1652.0 78.0 1650.0 76.0 1650.0 72.0 1648.0 70.0 1648.0 66.0 1646.0 64.0 1646.0 60.0 1644.0 58.0 1644.0 54.0 1642.0 52.0 1642.0 50.0 1640.0 48.0 1640.0 42.0 1638.0 40.0 1638.0 36.0 1636.0 34.0 1636.0 30.0 1634.0 28.0 1634.0 24.0 1632.0 22.0 1632.0 16.0 1630.0 14.0 1630.0 4.0 1334.0 4.0 1334.0 10.0 1336.0 12.0 1336.0 22.0 1340.0 26.0 1340.0 38.0 1338.0 40.0 1336.0 38.0 1336.0 36.0 1334.0 34.0 1332.0 34.0 1330.0 32.0 1330.0 26.0 1328.0 24.0 1328.0 4.0 0.7075391411781311
2026.0 1060.0 2026.0 1066.0 2018.0 1074.0 2016.0 1074.0 2014.0 1076.0 2012.0 1076.0 2010.0 1078.0 2008.0 1078.0 2006.0 1080.0 2004.0 1080.0 2002.0 1082.0 2000.0 1082.0 1998.0 1084.0 1996.0 1084.0 1992.0 1088.0 1988.0 1088.0 1986.0 1090.0 1982.0 1090.0 1980.0 1092.0 1976.0 1092.0 1974.0 1094.0 1972.0 1094.0 1970.0 1096.0 1966.0 1096.0 1964.0 1098.0 1962.0 1098.0 1960.0 1100.0 1956.0 1100.0 1954.0 1102.0 1950.0 1102.0 1948.0 1104.0 1940.0 1104.0 1938.0 1106.0 1928.0 1106.0 1926.0 1108.0 1916.0 1108.0 1914.0 1110.0 1910.0 1110.0 1908.0 1112.0 1906.0 1112.0 1902.0 1116.0 1900.0 1116.0 1892.0 1124.0 1884.0 1124.0 1884.0 1184.0 1890.0 1184.0 1894.0 1188.0 1894.0 1190.0 1896.0 1192.0 1896.0 1194.0 1898.0 1196.0 1898.0 1200.0 1900.0 1202.0 1900.0 1206.0 1902.0 1208.0 1902.0 1210.0 1904.0 1212.0 1904.0 1216.0 1906.0 1218.0 1906.0 1226.0 1908.0 1228.0 1908.0 1234.0 1910.0 1236.0 1910.0 1240.0 1912.0 1242.0 1912.0 1252.0 1914.0 1254.0 1914.0 1260.0 1916.0 1262.0 1916.0 1264.0 1918.0 1266.0 1918.0 1268.0 1920.0 1270.0 1920.0 1272.0 1922.0 1274.0 1922.0 1276.0 1924.0 1278.0 1924.0 1280.0 1926.0 1282.0 1926.0 1284.0 1928.0 1286.0 1928.0 1288.0 1930.0 1290.0 1930.0 1292.0 1932.0 1294.0 1932.0 1296.0 1934.0 1298.0 1934.0 1300.0 1936.0 1302.0 1936.0 1304.0 1938.0 1306.0 1938.0 1310.0 1942.0 1314.0 1942.0 1316.0 1946.0 1320.0 1946.0 1322.0 1948.0 1324.0 1948.0 1326.0 1952.0 1330.0 1952.0 1332.0 1954.0 1334.0 1954.0 1336.0 1956.0 1338.0 1956.0 1340.0 1958.0 1340.0 1960.0 1342.0 1960.0 1344.0 1962.0 1346.0 1962.0 1350.0 1964.0 1352.0 1964.0 1354.0 1966.0 1356.0 1966.0 1358.0 1968.0 1360.0 1968.0 1364.0 1970.0 1366.0 1970.0 1372.0 1972.0 1374.0 1972.0 1376.0 1974.0 1378.0 1974.0 1382.0 1976.0 1384.0 1976.0 1388.0 1978.0 1390.0 1978.0 1402.0 2046.0 1402.0 2046.0 1060.0 0.606559693813324
1306.0 1108.0 1306.0 1114.0 1304.0 1116.0 1300.0 1116.0 1298.0 1118.0 1294.0 1118.0 1292.0 1120.0 1278.0 1120.0 1276.0 1122.0 1270.0 1122.0 1268.0 1124.0 1260.0 1124.0 1258.0 1126.0 1236.0 1126.0 1234.0 1128.0 1228.0 1128.0 1226.0 1130.0 1222.0 1130.0 1220.0 1132.0 1216.0 1132.0 1214.0 1134.0 1210.0 1134.0 1208.0 1136.0 1202.0 1136.0 1200.0 1138.0 1194.0 1138.0 1192.0 1140.0 1184.0 1140.0 1182.0 1142.0 1170.0 1142.0 1168.0 1144.0 1140.0 1144.0 1138.0 1146.0 1130.0 1146.0 1128.0 1148.0 1122.0 1148.0 1120.0 1150.0 1114.0 1150.0 1112.0 1152.0 1106.0 1152.0 1104.0 1154.0 1098.0 1154.0 1096.0 1156.0 1092.0 1156.0 1090.0 1158.0 1086.0 1158.0 1084.0 1160.0 1082.0 1160.0 1078.0 1164.0 1076.0 1164.0 1072.0 1168.0 1070.0 1168.0 1066.0 1172.0 1064.0 1172.0 1062.0 1174.0 1060.0 1174.0 1058.0 1176.0 1052.0 1176.0 1050.0 1178.0 1048.0 1178.0 1046.0 1180.0 1042.0 1180.0 1040.0 1182.0 1036.0 1182.0 1034.0 1184.0 1028.0 1184.0 1026.0 1186.0 1024.0 1186.0 1022.0 1188.0 1020.0 1188.0 1018.0 1190.0 1016.0 1190.0 1010.0 1196.0 1010.0 1198.0 1008.0 1200.0 1008.0 1232.0 1010.0 1234.0 1010.0 1242.0 1012.0 1244.0 1012.0 1252.0 1014.0 1254.0 1014.0 1266.0 1016.0 1268.0 1016.0 1280.0 1018.0 1282.0 1018.0 1290.0 1020.0 1292.0 1020.0 1298.0 1022.0 1300.0 1022.0 1324.0 1024.0 1326.0 1024.0 1348.0 1022.0 1350.0 1022.0 1352.0 1018.0 1356.0 1014.0 1356.0 1012.0 1358.0 996.0 1358.0 996.0 1440.0 1002.0 1440.0 1004.0 1442.0 1004.0 1446.0 1006.0 1448.0 1006.0 1460.0 1008.0 1462.0 1008.0 1478.0 1010.0 1480.0 1010.0 1500.0 1012.0 1502.0 1012.0 1512.0 1014.0 1514.0 1014.0 1528.0 1016.0 1530.0 1016.0 1542.0 1018.0 1544.0 1018.0 1554.0 1020.0 1556.0 1020.0 1564.0 1022.0 1566.0 1022.0 1576.0 1024.0 1578.0 1024.0 1592.0 1026.0 1594.0 1026.0 1610.0 1028.0 1612.0 1028.0 1620.0 1030.0 1622.0 1030.0 1626.0 1032.0 1628.0 1032.0 1634.0 1034.0 1636.0 1034.0 1638.0 1038.0 1642.0 1038.0 1644.0 1040.0 1646.0 1040.0 1648.0 1042.0 1650.0 1042.0 1652.0 1038.0 1656.0 1038.0 1658.0 1036.0 1660.0 1036.0 1666.0 1220.0 1666.0 1220.0 1654.0 1218.0 1652.0 1218.0 1644.0 1216.0 1642.0 1216.0 1626.0 1214.0 1624.0 1214.0 1618.0 1212.0 1616.0 1212.0 1614.0 1208.0 1610.0 1208.0 1602.0 1212.0 1598.0 1214.0 1598.0 1216.0 1596.0 1218.0 1596.0 1222.0 1592.0 1224.0 1592.0 1226.0 1590.0 1230.0 1590.0 1232.0 1588.0 1244.0 1588.0 1246.0 1590.0 1296.0 1590.0 1298.0 1588.0 1314.0 1588.0 1316.0 1586.0 1330.0 1586.0 1332.0 1584.0 1352.0 1584.0 1354.0 1582.0 1376.0 1582.0 1378.0 1580.0 1388.0 1580.0 1390.0 1578.0 1398.0 1578.0 1400.0 1576.0 1402.0 1576.0 1404.0 1574.0 1408.0 1574.0 1410.0 1572.0 1412.0 1572.0 1418.0 1566.0 1426.0 1566.0 1426.0 1532.0 1418.0 1532.0 1416.0 1530.0 1416.0 1528.0 1414.0 1526.0 1414.0 1522.0 1412.0 1520.0 1412.0 1514.0 1410.0 1512.0 1410.0 1500.0 1408.0 1498.0 1408.0 1490.0 1406.0 1488.0 1406.0 1474.0 1404.0 1472.0 1404.0 1460.0 1402.0 1458.0 1402.0 1448.0 1400.0 1446.0 1400.0 1442.0 1398.0 1440.0 1398.0 1430.0 1396.0 1428.0 1396.0 1416.0 1394.0 1414.0 1394.0 1396.0 1392.0 1394.0 1392.0 1384.0 1390.0 1382.0 1390.0 1372.0 1388.0 1370.0 1388.0 1356.0 1386.0 1354.0 1386.0 1336.0 1384.0 1334.0 1384.0 1330.0 1382.0 1328.0 1382.0 1324.0 1380.0 1322.0 1380.0 1316.0 1378.0 1314.0 1378.0 1306.0 1376.0 1304.0 1376.0 1302.0 1374.0 1300.0 1374.0 1296.0 1372.0 1294.0 1372.0 1288.0 1370.0 1286.0 1370.0 1280.0 1368.0 1278.0 1368.0 1276.0 1366.0 1274.0 1366.0 1272.0 1362.0 1268.0 1362.0 1262.0 1360.0 1260.0 1360.0 1258.0 1356.0 1254.0 1356.0 1252.0 1354.0 1250.0 1354.0 1248.0 1352.0 1246.0 1352.0 1242.0 1346.0 1236.0 1346.0 1234.0 1344.0 1232.0 1344.0 1230.0 1334.0 1220.0 1334.0 1218.0 1332.0 1216.0 1332.0 1212.0 1330.0 1210.0 1330.0 1208.0 1324.0 1202.0 1326.0 1200.0 1326.0 1194.0 1322.0 1190.0 1322.0 1186.0 1324.0 1184.0 1324.0 1182.0 1326.0 1180.0 1326.0 1166.0 1328.0 1164.0 1328.0 1162.0 1330.0 1160.0 1330.0 1156.0 1332.0 1154.0 1332.0 1152.0 1334.0 1150.0 1334.0 1146.0 1340.0 1140.0 1342.0 1140.0 1344.0 1138.0 1344.0 1136.0 1346.0 1134.0 1346.0 1124.0 1340.0 1118.0 1338.0 1118.0 1336.0 1116.0 1336.0 1108.0 0.5973322987556458
