222.0 1140.0 222.0 1146.0 220.0 1148.0 214.0 1148.0 212.0 1150.0 194.0 1150.0 192.0 1152.0 176.0 1152.0 174.0 1154.0 168.0 1154.0 166.0 1156.0 162.0 1156.0 160.0 1158.0 156.0 1158.0 154.0 1160.0 150.0 1160.0 148.0 1162.0 142.0 1162.0 140.0 1164.0 136.0 1164.0 134.0 1166.0 128.0 1166.0 126.0 1168.0 118.0 1168.0 116.0 1170.0 108.0 1170.0 106.0 1172.0 100.0 1172.0 98.0 1174.0 92.0 1174.0 90.0 1176.0 82.0 1176.0 80.0 1178.0 74.0 1178.0 72.0 1180.0 66.0 1180.0 64.0 1182.0 58.0 1182.0 56.0 1184.0 46.0 1184.0 44.0 1186.0 26.0 1186.0 24.0 1188.0 16.0 1188.0 14.0 1190.0 4.0 1190.0 4.0 1530.0 22.0 1530.0 22.0 1524.0 24.0 1522.0 26.0 1522.0 28.0 1520.0 36.0 1520.0 38.0 1518.0 50.0 1518.0 52.0 1516.0 62.0 1516.0 64.0 1514.0 70.0 1514.0 72.0 1512.0 76.0 1512.0 78.0 1510.0 84.0 1510.0 86.0 1508.0 100.0 1508.0 102.0 1506.0 112.0 1506.0 114.0 1504.0 118.0 1504.0 120.0 1502.0 124.0 1502.0 126.0 1500.0 130.0 1500.0 132.0 1498.0 134.0 1498.0 136.0 1496.0 140.0 1496.0 142.0 1494.0 146.0 1494.0 148.0 1492.0 152.0 1492.0 154.0 1490.0 160.0 1490.0 162.0 1488.0 190.0 1488.0 192.0 1490.0 204.0 1490.0 206.0 1488.0 218.0 1488.0 220.0 1486.0 228.0 1486.0 230.0 1484.0 236.0 1484.0 238.0 1482.0 246.0 1482.0 248.0 1480.0 252.0 1480.0 254.0 1478.0 258.0 1478.0 260.0 1476.0 262.0 1476.0 264.0 1474.0 270.0 1474.0 272.0 1472.0 278.0 1472.0 280.0 1470.0 284.0 1470.0 286.0 1468.0 290.0 1468.0 292.0 1466.0 298.0 1466.0 300.0 1464.0 314.0 1464.0 316.0 1462.0 324.0 1462.0 326.0 1460.0 330.0 1460.0 332.0 1458.0 334.0 1458.0 336.0 1456.0 338.0 1456.0 340.0 1454.0 346.0 1454.0 346.0 1420.0 340.0 1420.0 336.0 1416.0 336.0 1410.0 334.0 1408.0 334.0 1402.0 332.0 1400.0 332.0 1396.0 330.0 1394.0 330.0 1388.0 328.0 1386.0 328.0 1380.0 326.0 1378.0 326.0 1370.0 324.0 1368.0 324.0 1360.0 322.0 1358.0 322.0 1348.0 320.0 1346.0 320.0 1334.0 318.0 1332.0 318.0 1322.0 316.0 1320.0 316.0 1310.0 314.0 1308.0 314.0 1296.0 312.0 1294.0 312.0 1260.0 310.0 1258.0 310.0 1240.0 308.0 1238.0 308.0 1228.0 306.0 1226.0 306.0 1216.0 304.0 1214.0 304.0 1204.0 302.0 1202.0 302.0 1192.0 300.0 1190.0 300.0 1174.0 298.0 1172.0 298.0 1162.0 296.0 1160.0 296.0 1154.0 294.0 1152.0 294.0 1150.0 292.0 1148.0 292.0 1140.0 0.9734053611755371
1568.0 780.0 1568.0 786.0 1566.0 788.0 1564.0 788.0 1562.0 790.0 1558.0 790.0 1556.0 792.0 1552.0 792.0 1550.0 794.0 1546.0 794.0 1544.0 796.0 1540.0 796.0 1538.0 798.0 1534.0 798.0 1532.0 800.0 1524.0 800.0 1522.0 802.0 1496.0 802.0 1494.0 804.0 1484.0 804.0 1482.0 806.0 1474.0 806.0 1472.0 808.0 1464.0 808.0 1462.0 810.0 1456.0 810.0 1454.0 812.0 1450.0 812.0 1448.0 814.0 1444.0 814.0 1442.0 816.0 1436.0 816.0 1434.0 818.0 1428.0 818.0 1426.0 820.0 1420.0 820.0 1418.0 822.0 1412.0 822.0 1410.0 824.0 1404.0 824.0 1402.0 826.0 1396.0 826.0 1394.0 828.0 1388.0 828.0 1386.0 830.0 1378.0 830.0 1376.0 832.0 1370.0 832.0 1368.0 834.0 1364.0 834.0 1362.0 836.0 1358.0 836.0 1356.0 838.0 1348.0 838.0 1346.0 840.0 1340.0 840.0 1338.0 842.0 1334.0 842.0 1332.0 844.0 1328.0 844.0 1326.0 846.0 1322.0 846.0 1320.0 848.0 1318.0 848.0 1316.0 850.0 1314.0 850.0 1306.0 858.0 1302.0 858.0 1300.0 860.0 1280.0 860.0 1278.0 862.0 1262.0 862.0 1260.0 864.0 1240.0 864.0 1238.0 866.0 1230.0 866.0 1228.0 868.0 1222.0 868.0 1220.0 870.0 1214.0 870.0 1212.0 872.0 1206.0 872.0 1204.0 874.0 1202.0 874.0 1200.0 876.0 1198.0 876.0 1196.0 878.0 1194.0 878.0 1190.0 882.0 1186.0 882.0 1184.0 884.0 1170.0 884.0 1168.0 886.0 1158.0 886.0 1156.0 888.0 1142.0 888.0 1140.0 890.0 1132.0 890.0 1130.0 892.0 1126.0 892.0 1124.0 894.0 1116.0 894.0 1114.0 896.0 1104.0 896.0 1102.0 898.0 1096.0 898.0 1094.0 900.0 1090.0 900.0 1088.0 902.0 1078.0 902.0 1076.0 904.0 1066.0 904.0 1064.0 906.0 1060.0 906.0 1058.0 908.0 1054.0 908.0 1052.0 910.0 1044.0 910.0 1042.0 912.0 1028.0 912.0 1026.0 914.0 1018.0 914.0 1016.0 916.0 1012.0 916.0 1010.0 918.0 1004.0 918.0 1002.0 920.0 996.0 920.0 994.0 922.0 988.0 922.0 986.0 924.0 982.0 924.0 980.0 926.0 972.0 926.0 970.0 928.0 962.0 928.0 960.0 930.0 954.0 930.0 952.0 932.0 948.0 932.0 946.0 934.0 942.0 934.0 940.0 936.0 932.0 936.0 932.0 1016.0 938.0 1016.0 940.0 1018.0 940.0 1024.0 942.0 1026.0 942.0 1036.0 944.0 1038.0 944.0 1048.0 946.0 1050.0 946.0 1062.0 948.0 1064.0 948.0 1070.0 950.0 1072.0 950.0 1076.0 952.0 1078.0 952.0 1080.0 954.0 1082.0 954.0 1086.0 956.0 1088.0 956.0 1096.0 958.0 1098.0 958.0 1106.0 960.0 1108.0 960.0 1112.0 962.0 1114.0 962.0 1118.0 964.0 1120.0 964.0 1126.0 966.0 1128.0 966.0 1140.0 968.0 1142.0 968.0 1152.0 970.0 1154.0 970.0 1164.0 972.0 1166.0 972.0 1196.0 974.0 1198.0 974.0 1214.0 976.0 1216.0 976.0 1234.0 978.0 1236.0 978.0 1248.0 980.0 1250.0 980.0 1256.0 982.0 1258.0 982.0 1264.0 984.0 1266.0 984.0 1276.0 986.0 1278.0 986.0 1284.0 988.0 1286.0 988.0 1292.0 990.0 1294.0 990.0 1306.0 1040.0 1306.0 1040.0 1300.0 1042.0 1298.0 1044.0 1298.0 1046.0 1296.0 1050.0 1296.0 1052.0 1294.0 1058.0 1294.0 1060.0 1292.0 1062.0 1292.0 1064.0 1290.0 1066.0 1290.0 1068.0 1288.0 1074.0 1288.0 1076.0 1286.0 1084.0 1286.0 1086.0 1284.0 1094.0 1284.0 1096.0 1282.0 1100.0 1282.0 1102.0 1280.0 1106.0 1280.0 1108.0 1278.0 1114.0 1278.0 1116.0 1276.0 1136.0 1276.0 1138.0 1278.0 1158.0 1278.0 1162.0 1274.0 1164.0 1274.0 1166.0 1272.0 1172.0 1272.0 1174.0 1270.0 1178.0 1270.0 1180.0 1268.0 1182.0 1268.0 1184.0 1266.0 1188.0 1266.0 1190.0 1264.0 1196.0 1264.0 1198.0 1262.0 1210.0 1262.0 1212.0 1260.0 1224.0 1260.0 1226.0 1258.0 1230.0 1258.0 1232.0 1256.0 1234.0 1256.0 1236.0 1254.0 1240.0 1254.0 1242.0 1252.0 1246.0 1252.0 1248.0 1250.0 1254.0 1250.0 1256.0 1248.0 1260.0 1248.0 1262.0 1246.0 1268.0 1246.0 1270.0 1244.0 1272.0 1244.0 1274.0 1242.0 1286.0 1242.0 1288.0 1240.0 1296.0 1240.0 1298.0 1238.0 1302.0 1238.0 1304.0 1236.0 1306.0 1236.0 1308.0 1234.0 1312.0 1234.0 1314.0 1232.0 1330.0 1232.0 1332.0 1230.0 1336.0 1230.0 1338.0 1228.0 1340.0 1228.0 1342.0 1226.0 1346.0 1226.0 1348.0 1224.0 1356.0 1224.0 1358.0 1222.0 1362.0 1222.0 1366.0 1218.0 1368.0 1218.0 1370.0 1216.0 1372.0 1216.0 1374.0 1214.0 1376.0 1214.0 1378.0 1212.0 1380.0 1212.0 1382.0 1210.0 1384.0 1210.0 1386.0 1208.0 1388.0 1208.0 1390.0 1206.0 1398.0 1206.0 1400.0 1204.0 1410.0 1204.0 1412.0 1202.0 1418.0 1202.0 1420.0 1200.0 1424.0 1200.0 1426.0 1198.0 1432.0 1198.0 1434.0 1196.0 1438.0 1196.0 1440.0 1194.0 1444.0 1194.0 1446.0 1192.0 1452.0 1192.0 1454.0 1190.0 1482.0 1190.0 1484.0 1188.0 1496.0 1188.0 1498.0 1186.0 1506.0 1186.0 1508.0 1184.0 1526.0 1184.0 1528.0 1182.0 1542.0 1182.0 1544.0 1180.0 1554.0 1180.0 1556.0 1178.0 1564.0 1178.0 1566.0 1176.0 1574.0 1176.0 1576.0 1174.0 1586.0 1174.0 1588.0 1172.0 1616.0 1172.0 1618.0 1170.0 1632.0 1170.0 1634.0 1168.0 1638.0 1168.0 1640.0 1166.0 1644.0 1166.0 1646.0 1164.0 1648.0 1164.0 1650.0 1162.0 1652.0 1162.0 1654.0 1160.0 1658.0 1160.0 1660.0 1158.0 1662.0 1158.0 1664.0 1156.0 1668.0 1156.0 1670.0 1154.0 1674.0 1154.0 1676.0 1152.0 1686.0 1152.0 1688.0 1150.0 1702.0 1150.0 1704.0 1148.0 1708.0 1148.0 1712.0 1144.0 1712.0 1142.0 1716.0 1138.0 1716.0 1136.0 1720.0 1132.0 1720.0 1130.0 1724.0 1126.0 1726.0 1126.0 1730.0 1122.0 1732.0 1122.0 1734.0 1120.0 1736.0 1120.0 1738.0 1118.0 1746.0 1118.0 1746.0 1054.0 1740.0 1054.0 1738.0 1052.0 1738.0 1050.0 1736.0 1048.0 1736.0 1040.0 1734.0 1038.0 1734.0 1030.0 1732.0 1028.0 1732.0 1020.0 1730.0 1018.0 1730.0 1004.0 1728.0 1002.0 1728.0 980.0 1730.0 978.0 1730.0 960.0 1732.0 958.0 1732.0 950.0 1734.0 948.0 1734.0 938.0 1736.0 936.0 1736.0 932.0 1738.0 930.0 1738.0 926.0 1740.0 924.0 1746.0 924.0 1746.0 910.0 1740.0 910.0 1738.0 908.0 1738.0 902.0 1736.0 900.0 1736.0 894.0 1734.0 892.0 1734.0 888.0 1732.0 886.0 1732.0 884.0 1730.0 882.0 1730.0 878.0 1726.0 874.0 1726.0 872.0 1724.0 870.0 1724.0 868.0 1722.0 866.0 1722.0 864.0 1720.0 862.0 1720.0 858.0 1718.0 856.0 1718.0 852.0 1716.0 850.0 1716.0 846.0 1714.0 844.0 1714.0 840.0 1712.0 838.0 1712.0 832.0 1710.0 830.0 1710.0 826.0 1708.0 824.0 1708.0 820.0 1706.0 818.0 1706.0 816.0 1704.0 814.0 1704.0 810.0 1702.0 808.0 1702.0 804.0 1700.0 802.0 1700.0 798.0 1698.0 796.0 1698.0 790.0 1696.0 788.0 1696.0 780.0 0.9623181223869324
1428.0 380.0 1428.0 386.0 1424.0 390.0 1422.0 390.0 1420.0 392.0 1414.0 392.0 1412.0 394.0 1404.0 394.0 1402.0 396.0 1396.0 396.0 1394.0 398.0 1390.0 398.0 1388.0 400.0 1378.0 400.0 1376.0 402.0 1362.0 402.0 1360.0 404.0 1354.0 404.0 1352.0 406.0 1350.0 406.0 1348.0 408.0 1344.0 408.0 1342.0 410.0 1332.0 410.0 1330.0 412.0 1326.0 412.0 1324.0 414.0 1320.0 414.0 1318.0 416.0 1308.0 416.0 1306.0 418.0 1292.0 418.0 1290.0 420.0 1284.0 420.0 1282.0 422.0 1280.0 422.0 1278.0 424.0 1272.0 424.0 1270.0 426.0 1264.0 426.0 1262.0 428.0 1260.0 428.0 1256.0 432.0 1254.0 432.0 1252.0 434.0 1244.0 434.0 1244.0 502.0 1250.0 502.0 1252.0 504.0 1252.0 506.0 1254.0 508.0 1254.0 516.0 1256.0 518.0 1256.0 524.0 1258.0 526.0 1258.0 530.0 1260.0 532.0 1260.0 536.0 1262.0 538.0 1262.0 546.0 1264.0 548.0 1264.0 562.0 1266.0 564.0 1266.0 572.0 1268.0 574.0 1268.0 580.0 1270.0 582.0 1270.0 590.0 1272.0 592.0 1272.0 600.0 1274.0 602.0 1274.0 614.0 1276.0 616.0 1276.0 630.0 1278.0 632.0 1278.0 642.0 1280.0 644.0 1280.0 654.0 1282.0 656.0 1282.0 668.0 1284.0 670.0 1284.0 678.0 1286.0 680.0 1286.0 688.0 1288.0 690.0 1288.0 700.0 1290.0 702.0 1290.0 714.0 1292.0 716.0 1292.0 724.0 1294.0 726.0 1294.0 730.0 1296.0 732.0 1296.0 738.0 1298.0 740.0 1298.0 744.0 1300.0 746.0 1300.0 748.0 1302.0 750.0 1304.0 750.0 1308.0 754.0 1308.0 762.0 1346.0 762.0 1346.0 756.0 1350.0 752.0 1356.0 752.0 1358.0 750.0 1370.0 750.0 1372.0 748.0 1384.0 748.0 1386.0 746.0 1394.0 746.0 1396.0 744.0 1400.0 744.0 1402.0 742.0 1406.0 742.0 1408.0 740.0 1414.0 740.0 1416.0 738.0 1420.0 738.0 1424.0 734.0 1428.0 734.0 1430.0 732.0 1438.0 732.0 1440.0 730.0 1448.0 730.0 1450.0 728.0 1458.0 728.0 1460.0 726.0 1474.0 726.0 1476.0 724.0 1486.0 724.0 1488.0 722.0 1496.0 722.0 1498.0 720.0 1506.0 720.0 1508.0 718.0 1526.0 718.0 1528.0 716.0 1540.0 716.0 1542.0 714.0 1548.0 714.0 1550.0 712.0 1572.0 712.0 1574.0 714.0 1580.0 714.0 1582.0 716.0 1588.0 716.0 1590.0 718.0 1594.0 718.0 1596.0 720.0 1602.0 720.0 1604.0 722.0 1646.0 722.0 1648.0 720.0 1654.0 720.0 1656.0 718.0 1660.0 718.0 1662.0 716.0 1664.0 716.0 1668.0 712.0 1668.0 710.0 1670.0 708.0 1670.0 704.0 1672.0 702.0 1672.0 698.0 1674.0 696.0 1676.0 696.0 1680.0 692.0 1682.0 692.0 1684.0 690.0 1690.0 690.0 1692.0 688.0 1704.0 688.0 1706.0 686.0 1708.0 686.0 1712.0 682.0 1716.0 682.0 1718.0 680.0 1722.0 680.0 1724.0 678.0 1728.0 678.0 1730.0 676.0 1736.0 676.0 1738.0 674.0 1744.0 674.0 1746.0 672.0 1752.0 672.0 1754.0 670.0 1758.0 670.0 1760.0 668.0 1762.0 668.0 1764.0 666.0 1764.0 664.0 1768.0 660.0 1768.0 646.0 1766.0 644.0 1766.0 632.0 1764.0 630.0 1764.0 602.0 1762.0 600.0 1762.0 594.0 1760.0 592.0 1760.0 588.0 1756.0 584.0 1756.0 580.0 1748.0 572.0 1748.0 570.0 1740.0 562.0 1740.0 560.0 1738.0 558.0 1736.0 558.0 1734.0 556.0 1734.0 554.0 1730.0 550.0 1730.0 548.0 1728.0 546.0 1728.0 542.0 1726.0 540.0 1726.0 534.0 1724.0 532.0 1724.0 530.0 1722.0 528.0 1722.0 526.0 1700.0 504.0 1700.0 502.0 1690.0 492.0 1690.0 490.0 1684.0 484.0 1684.0 482.0 1680.0 478.0 1680.0 476.0 1674.0 470.0 1674.0 468.0 1668.0 462.0 1668.0 460.0 1650.0 442.0 1648.0 442.0 1628.0 422.0 1628.0 420.0 1612.0 404.0 1610.0 404.0 1608.0 402.0 1606.0 402.0 1604.0 400.0 1596.0 400.0 1594.0 402.0 1590.0 402.0 1588.0 404.0 1586.0 404.0 1584.0 406.0 1582.0 406.0 1580.0 408.0 1572.0 408.0 1570.0 410.0 1562.0 410.0 1560.0 412.0 1554.0 412.0 1552.0 414.0 1544.0 414.0 1542.0 416.0 1530.0 416.0 1528.0 418.0 1520.0 418.0 1518.0 420.0 1498.0 420.0 1496.0 418.0 1496.0 416.0 1492.0 412.0 1492.0 408.0 1490.0 406.0 1490.0 400.0 1488.0 398.0 1488.0 396.0 1480.0 388.0 1480.0 380.0 0.961798906326294
4.0 4.0 4.0 146.0 22.0 146.0 22.0 140.0 24.0 138.0 26.0 138.0 28.0 136.0 34.0 136.0 36.0 134.0 38.0 134.0 40.0 132.0 44.0 132.0 46.0 130.0 50.0 130.0 52.0 128.0 54.0 128.0 56.0 126.0 62.0 126.0 64.0 124.0 72.0 124.0 74.0 122.0 80.0 122.0 82.0 120.0 86.0 120.0 88.0 118.0 94.0 118.0 96.0 116.0 112.0 116.0 114.0 114.0 132.0 114.0 134.0 112.0 136.0 112.0 138.0 110.0 140.0 110.0 142.0 108.0 148.0 108.0 150.0 106.0 154.0 106.0 156.0 104.0 158.0 104.0 160.0 102.0 164.0 102.0 166.0 100.0 178.0 100.0 180.0 98.0 196.0 98.0 198.0 96.0 208.0 96.0 210.0 94.0 216.0 94.0 218.0 92.0 226.0 92.0 228.0 90.0 234.0 90.0 236.0 88.0 244.0 88.0 246.0 86.0 256.0 86.0 258.0 84.0 272.0 84.0 274.0 82.0 286.0 82.0 288.0 80.0 294.0 80.0 296.0 78.0 298.0 78.0 300.0 76.0 302.0 76.0 304.0 74.0 306.0 74.0 306.0 72.0 312.0 66.0 312.0 64.0 316.0 60.0 322.0 60.0 322.0 4.0 0.9588878750801086
176.0 668.0 176.0 674.0 174.0 676.0 166.0 676.0 164.0 678.0 142.0 678.0 140.0 680.0 132.0 680.0 130.0 682.0 120.0 682.0 118.0 684.0 104.0 684.0 102.0 686.0 82.0 686.0 80.0 688.0 66.0 688.0 64.0 690.0 46.0 690.0 44.0 692.0 26.0 692.0 24.0 694.0 4.0 694.0 4.0 1142.0 34.0 1142.0 36.0 1140.0 50.0 1140.0 52.0 1138.0 58.0 1138.0 60.0 1136.0 68.0 1136.0 70.0 1134.0 82.0 1134.0 84.0 1132.0 94.0 1132.0 96.0 1130.0 104.0 1130.0 106.0 1128.0 116.0 1128.0 118.0 1126.0 130.0 1126.0 132.0 1124.0 140.0 1124.0 142.0 1122.0 148.0 1122.0 150.0 1120.0 160.0 1120.0 162.0 1118.0 176.0 1118.0 178.0 1116.0 188.0 1116.0 190.0 1114.0 196.0 1114.0 198.0 1112.0 206.0 1112.0 208.0 1110.0 218.0 1110.0 220.0 1108.0 230.0 1108.0 232.0 1106.0 240.0 1106.0 242.0 1104.0 254.0 1104.0 256.0 1102.0 264.0 1102.0 266.0 1100.0 270.0 1100.0 272.0 1098.0 274.0 1098.0 278.0 1094.0 278.0 1086.0 280.0 1084.0 278.0 1082.0 278.0 1068.0 276.0 1066.0 276.0 1050.0 274.0 1048.0 274.0 1032.0 272.0 1030.0 272.0 1018.0 270.0 1016.0 270.0 1002.0 268.0 1000.0 268.0 986.0 266.0 984.0 266.0 974.0 264.0 972.0 264.0 968.0 262.0 966.0 262.0 964.0 260.0 962.0 260.0 958.0 258.0 956.0 258.0 954.0 256.0 952.0 256.0 950.0 252.0 946.0 252.0 944.0 250.0 942.0 250.0 940.0 248.0 938.0 248.0 936.0 246.0 934.0 246.0 930.0 244.0 928.0 244.0 920.0 242.0 918.0 242.0 908.0 240.0 906.0 240.0 896.0 238.0 894.0 238.0 876.0 236.0 874.0 236.0 858.0 234.0 856.0 234.0 846.0 232.0 844.0 232.0 836.0 230.0 834.0 230.0 824.0 228.0 822.0 228.0 812.0 226.0 810.0 226.0 804.0 224.0 802.0 224.0 796.0 222.0 794.0 222.0 788.0 220.0 786.0 220.0 780.0 218.0 778.0 218.0 768.0 216.0 766.0 216.0 758.0 214.0 756.0 214.0 744.0 212.0 742.0 212.0 728.0 210.0 726.0 210.0 718.0 208.0 716.0 208.0 712.0 206.0 710.0 206.0 704.0 204.0 702.0 204.0 694.0 202.0 692.0 202.0 684.0 194.0 676.0 192.0 676.0 190.0 674.0 190.0 668.0 0.9546457529067993
216.0 92.0 216.0 98.0 214.0 100.0 208.0 100.0 206.0 102.0 200.0 102.0 198.0 104.0 194.0 104.0 192.0 106.0 188.0 106.0 186.0 108.0 182.0 108.0 180.0 110.0 174.0 110.0 172.0 112.0 166.0 112.0 164.0 114.0 160.0 114.0 158.0 116.0 150.0 116.0 148.0 118.0 124.0 118.0 122.0 120.0 106.0 120.0 104.0 122.0 98.0 122.0 96.0 124.0 90.0 124.0 88.0 126.0 84.0 126.0 82.0 128.0 76.0 128.0 74.0 130.0 72.0 130.0 70.0 132.0 68.0 132.0 66.0 134.0 62.0 134.0 60.0 136.0 58.0 136.0 52.0 142.0 50.0 142.0 48.0 144.0 46.0 144.0 42.0 148.0 40.0 148.0 38.0 150.0 34.0 150.0 32.0 152.0 26.0 152.0 24.0 154.0 16.0 154.0 14.0 156.0 4.0 156.0 4.0 660.0 16.0 660.0 18.0 658.0 26.0 658.0 28.0 656.0 44.0 656.0 46.0 654.0 58.0 654.0 60.0 652.0 70.0 652.0 72.0 650.0 80.0 650.0 82.0 648.0 112.0 648.0 114.0 646.0 128.0 646.0 130.0 648.0 140.0 648.0 142.0 650.0 148.0 650.0 150.0 652.0 154.0 652.0 156.0 654.0 162.0 654.0 164.0 656.0 168.0 656.0 170.0 658.0 172.0 658.0 174.0 660.0 194.0 660.0 200.0 654.0 200.0 652.0 202.0 650.0 202.0 640.0 200.0 638.0 200.0 628.0 198.0 626.0 198.0 620.0 196.0 618.0 196.0 612.0 194.0 610.0 194.0 602.0 192.0 600.0 192.0 596.0 190.0 594.0 190.0 592.0 186.0 588.0 186.0 582.0 184.0 580.0 190.0 574.0 192.0 574.0 194.0 572.0 196.0 572.0 198.0 570.0 200.0 570.0 202.0 568.0 204.0 568.0 206.0 566.0 214.0 566.0 216.0 564.0 218.0 564.0 220.0 566.0 270.0 566.0 272.0 564.0 286.0 564.0 288.0 562.0 306.0 562.0 308.0 560.0 336.0 560.0 338.0 558.0 366.0 558.0 368.0 556.0 378.0 556.0 380.0 554.0 384.0 554.0 386.0 552.0 390.0 552.0 392.0 550.0 394.0 550.0 396.0 548.0 402.0 548.0 402.0 496.0 396.0 496.0 394.0 494.0 394.0 492.0 392.0 490.0 392.0 484.0 390.0 482.0 390.0 474.0 388.0 472.0 388.0 458.0 386.0 456.0 386.0 446.0 384.0 444.0 384.0 436.0 382.0 434.0 382.0 424.0 380.0 422.0 380.0 412.0 378.0 410.0 378.0 396.0 376.0 394.0 376.0 384.0 374.0 382.0 374.0 370.0 372.0 368.0 372.0 348.0 370.0 346.0 370.0 338.0 368.0 336.0 368.0 326.0 366.0 324.0 366.0 308.0 364.0 306.0 364.0 296.0 362.0 294.0 362.0 286.0 360.0 284.0 360.0 278.0 358.0 276.0 358.0 268.0 356.0 266.0 356.0 254.0 354.0 252.0 354.0 236.0 352.0 234.0 352.0 220.0 350.0 218.0 350.0 214.0 348.0 212.0 348.0 208.0 346.0 206.0 346.0 186.0 348.0 184.0 348.0 166.0 346.0 164.0 346.0 152.0 344.0 150.0 344.0 136.0 342.0 134.0 342.0 124.0 340.0 122.0 340.0 118.0 338.0 116.0 338.0 112.0 336.0 110.0 336.0 106.0 334.0 104.0 334.0 102.0 332.0 100.0 332.0 92.0 0.938559889793396
1994.0 524.0 1994.0 532.0 1992.0 534.0 1990.0 534.0 1988.0 536.0 1986.0 536.0 1984.0 538.0 1982.0 538.0 1980.0 540.0 1980.0 542.0 1978.0 544.0 1978.0 560.0 1980.0 562.0 1978.0 564.0 1970.0 564.0 1968.0 562.0 1966.0 562.0 1964.0 560.0 1954.0 560.0 1950.0 564.0 1950.0 568.0 1948.0 570.0 1944.0 566.0 1944.0 562.0 1942.0 560.0 1942.0 558.0 1940.0 556.0 1930.0 556.0 1928.0 554.0 1918.0 554.0 1916.0 556.0 1908.0 556.0 1906.0 558.0 1904.0 558.0 1902.0 560.0 1900.0 560.0 1898.0 562.0 1894.0 562.0 1892.0 564.0 1888.0 564.0 1886.0 566.0 1882.0 566.0 1880.0 568.0 1876.0 568.0 1874.0 570.0 1870.0 570.0 1868.0 572.0 1864.0 572.0 1862.0 574.0 1858.0 574.0 1856.0 576.0 1850.0 576.0 1848.0 578.0 1842.0 578.0 1840.0 580.0 1836.0 580.0 1834.0 582.0 1830.0 582.0 1828.0 584.0 1824.0 584.0 1822.0 586.0 1818.0 586.0 1816.0 588.0 1812.0 588.0 1810.0 590.0 1808.0 590.0 1804.0 594.0 1796.0 594.0 1796.0 650.0 1802.0 650.0 1806.0 654.0 1806.0 658.0 1808.0 660.0 1808.0 666.0 1810.0 668.0 1810.0 680.0 1812.0 682.0 1812.0 688.0 1814.0 690.0 1814.0 692.0 1816.0 694.0 1816.0 698.0 1818.0 700.0 1818.0 706.0 1820.0 708.0 1820.0 714.0 1822.0 716.0 1822.0 720.0 1824.0 722.0 1824.0 726.0 1826.0 728.0 1826.0 730.0 1828.0 732.0 1828.0 734.0 1830.0 736.0 1830.0 738.0 1838.0 746.0 1838.0 750.0 1840.0 752.0 1840.0 756.0 1842.0 758.0 1842.0 762.0 1844.0 764.0 1844.0 772.0 1846.0 774.0 1846.0 778.0 1848.0 780.0 1848.0 782.0 1850.0 784.0 1850.0 786.0 1852.0 788.0 1852.0 792.0 1854.0 794.0 1854.0 796.0 1856.0 798.0 1856.0 802.0 1858.0 804.0 1858.0 806.0 1860.0 808.0 1860.0 812.0 1862.0 814.0 1862.0 818.0 1864.0 820.0 1864.0 824.0 1866.0 826.0 1866.0 828.0 1868.0 830.0 1868.0 834.0 1870.0 836.0 1870.0 840.0 1872.0 842.0 1872.0 844.0 1874.0 846.0 1874.0 850.0 1876.0 852.0 1876.0 858.0 1878.0 860.0 1878.0 864.0 1880.0 866.0 1880.0 868.0 1882.0 870.0 1882.0 872.0 1884.0 874.0 1884.0 876.0 1886.0 878.0 1886.0 884.0 1888.0 886.0 1888.0 890.0 1890.0 892.0 1890.0 896.0 1892.0 898.0 1892.0 900.0 1894.0 902.0 1894.0 906.0 1896.0 908.0 1896.0 910.0 1898.0 912.0 1898.0 914.0 1900.0 916.0 1900.0 918.0 1902.0 920.0 1902.0 926.0 1904.0 928.0 1904.0 932.0 1906.0 934.0 1906.0 936.0 1908.0 938.0 1908.0 940.0 1910.0 942.0 1910.0 946.0 1912.0 948.0 1912.0 950.0 1914.0 952.0 1914.0 954.0 1916.0 956.0 1916.0 960.0 1918.0 962.0 1918.0 966.0 1920.0 968.0 1920.0 972.0 1922.0 974.0 1922.0 980.0 1924.0 982.0 1924.0 984.0 1926.0 986.0 1926.0 990.0 1928.0 992.0 1928.0 996.0 1930.0 998.0 1930.0 1000.0 1932.0 1002.0 1932.0 1006.0 1934.0 1008.0 1934.0 1014.0 1936.0 1016.0 1936.0 1022.0 1938.0 1024.0 1938.0 1030.0 1940.0 1032.0 1940.0 1034.0 1942.0 1036.0 1942.0 1040.0 1944.0 1042.0 1944.0 1046.0 1946.0 1048.0 1946.0 1052.0 1948.0 1054.0 1948.0 1058.0 1950.0 1060.0 1950.0 1064.0 1952.0 1066.0 1952.0 1072.0 1954.0 1074.0 1954.0 1080.0 1956.0 1082.0 1956.0 1088.0 1958.0 1090.0 1958.0 1096.0 1960.0 1098.0 1960.0 1102.0 1962.0 1104.0 1962.0 1108.0 1964.0 1110.0 1964.0 1114.0 1966.0 1116.0 1966.0 1120.0 1968.0 1122.0 1968.0 1126.0 1972.0 1130.0 1972.0 1138.0 2006.0 1138.0 2006.0 1132.0 2008.0 1130.0 2010.0 1130.0 2012.0 1128.0 2018.0 1128.0 2020.0 1126.0 2024.0 1126.0 2026.0 1124.0 2028.0 1124.0 2030.0 1122.0 2032.0 1122.0 2034.0 1120.0 2040.0 1120.0 2042.0 1118.0 2046.0 1118.0 2046.0 524.0 0.9239811897277832
348.0 4.0 348.0 60.0 354.0 60.0 360.0 66.0 360.0 68.0 362.0 70.0 362.0 74.0 364.0 76.0 364.0 80.0 366.0 82.0 366.0 86.0 368.0 88.0 368.0 94.0 370.0 96.0 370.0 118.0 368.0 120.0 368.0 124.0 366.0 126.0 366.0 132.0 364.0 134.0 364.0 140.0 366.0 142.0 366.0 150.0 368.0 152.0 368.0 158.0 370.0 160.0 370.0 166.0 372.0 168.0 372.0 170.0 374.0 172.0 374.0 174.0 376.0 176.0 376.0 178.0 378.0 180.0 378.0 182.0 380.0 184.0 380.0 186.0 382.0 188.0 382.0 192.0 384.0 194.0 384.0 196.0 386.0 198.0 386.0 202.0 388.0 204.0 388.0 206.0 390.0 208.0 390.0 210.0 392.0 212.0 392.0 214.0 396.0 218.0 396.0 220.0 402.0 226.0 404.0 226.0 406.0 228.0 408.0 228.0 410.0 230.0 434.0 230.0 436.0 228.0 440.0 228.0 442.0 226.0 446.0 226.0 448.0 224.0 452.0 224.0 454.0 222.0 456.0 222.0 458.0 220.0 462.0 220.0 464.0 218.0 468.0 218.0 470.0 216.0 474.0 216.0 476.0 214.0 478.0 214.0 480.0 212.0 482.0 212.0 484.0 210.0 486.0 210.0 488.0 208.0 490.0 208.0 492.0 206.0 494.0 206.0 496.0 204.0 498.0 204.0 500.0 202.0 502.0 202.0 504.0 200.0 508.0 200.0 510.0 198.0 514.0 198.0 516.0 196.0 520.0 196.0 522.0 194.0 526.0 194.0 528.0 192.0 534.0 192.0 536.0 190.0 540.0 190.0 542.0 188.0 546.0 188.0 548.0 186.0 552.0 186.0 554.0 184.0 560.0 184.0 562.0 182.0 568.0 182.0 570.0 180.0 588.0 180.0 590.0 178.0 596.0 178.0 598.0 176.0 604.0 176.0 606.0 174.0 610.0 174.0 612.0 172.0 616.0 172.0 618.0 170.0 624.0 170.0 626.0 168.0 634.0 168.0 636.0 166.0 642.0 166.0 644.0 164.0 648.0 164.0 650.0 162.0 654.0 162.0 658.0 158.0 660.0 158.0 662.0 156.0 664.0 156.0 666.0 154.0 668.0 154.0 670.0 152.0 672.0 152.0 674.0 150.0 678.0 150.0 680.0 148.0 682.0 148.0 684.0 146.0 690.0 146.0 692.0 144.0 694.0 144.0 696.0 142.0 700.0 142.0 702.0 140.0 708.0 140.0 710.0 138.0 712.0 138.0 714.0 136.0 716.0 136.0 718.0 134.0 722.0 134.0 724.0 132.0 728.0 132.0 730.0 130.0 734.0 130.0 736.0 128.0 744.0 128.0 746.0 126.0 752.0 126.0 754.0 124.0 760.0 124.0 762.0 122.0 768.0 122.0 770.0 120.0 776.0 120.0 778.0 118.0 780.0 118.0 782.0 116.0 786.0 116.0 796.0 106.0 796.0 104.0 798.0 102.0 798.0 100.0 800.0 98.0 800.0 78.0 798.0 76.0 798.0 72.0 796.0 70.0 796.0 64.0 794.0 62.0 794.0 60.0 792.0 58.0 792.0 56.0 790.0 54.0 790.0 52.0 788.0 50.0 788.0 48.0 786.0 46.0 786.0 44.0 784.0 42.0 784.0 40.0 780.0 36.0 780.0 34.0 766.0 20.0 766.0 18.0 760.0 12.0 760.0 4.0 0.9157686233520508
820.0 4.0 820.0 22.0 828.0 22.0 830.0 24.0 830.0 26.0 832.0 28.0 832.0 30.0 834.0 32.0 834.0 34.0 836.0 36.0 836.0 38.0 838.0 40.0 838.0 42.0 840.0 44.0 840.0 46.0 842.0 48.0 842.0 50.0 844.0 52.0 844.0 54.0 848.0 58.0 848.0 62.0 850.0 64.0 850.0 66.0 860.0 76.0 860.0 82.0 876.0 82.0 876.0 76.0 878.0 74.0 880.0 74.0 882.0 72.0 886.0 72.0 888.0 70.0 894.0 70.0 896.0 68.0 898.0 68.0 900.0 66.0 904.0 66.0 906.0 64.0 908.0 64.0 910.0 62.0 912.0 62.0 914.0 60.0 918.0 60.0 920.0 58.0 924.0 58.0 926.0 56.0 928.0 56.0 930.0 54.0 932.0 54.0 934.0 52.0 936.0 52.0 938.0 50.0 940.0 50.0 942.0 48.0 944.0 48.0 946.0 46.0 950.0 46.0 952.0 44.0 954.0 44.0 956.0 42.0 960.0 42.0 962.0 40.0 966.0 40.0 968.0 38.0 970.0 38.0 972.0 36.0 976.0 36.0 978.0 34.0 980.0 34.0 982.0 32.0 984.0 32.0 986.0 30.0 988.0 30.0 990.0 28.0 992.0 28.0 994.0 26.0 998.0 26.0 1000.0 24.0 1010.0 24.0 1012.0 22.0 1022.0 22.0 1024.0 20.0 1030.0 20.0 1032.0 18.0 1034.0 18.0 1036.0 16.0 1038.0 16.0 1040.0 14.0 1044.0 14.0 1046.0 12.0 1050.0 12.0 1052.0 10.0 1052.0 4.0 0.7946064472198486
1084.0 4.0 1084.0 10.0 1080.0 14.0 1078.0 14.0 1076.0 16.0 1072.0 16.0 1070.0 18.0 1066.0 18.0 1064.0 20.0 1062.0 20.0 1060.0 22.0 1058.0 22.0 1056.0 24.0 1052.0 24.0 1050.0 26.0 1046.0 26.0 1044.0 28.0 1042.0 28.0 1040.0 30.0 1038.0 30.0 1036.0 32.0 1034.0 32.0 1032.0 34.0 1030.0 34.0 1028.0 36.0 1026.0 36.0 1022.0 40.0 1020.0 40.0 1018.0 42.0 1014.0 42.0 1012.0 44.0 1010.0 44.0 1008.0 46.0 1006.0 46.0 1004.0 48.0 1002.0 48.0 1000.0 50.0 998.0 50.0 990.0 58.0 988.0 58.0 986.0 60.0 984.0 60.0 982.0 62.0 980.0 62.0 978.0 64.0 974.0 64.0 972.0 66.0 964.0 66.0 962.0 68.0 960.0 68.0 960.0 70.0 956.0 74.0 954.0 74.0 952.0 76.0 950.0 76.0 972.0 76.0 974.0 74.0 982.0 74.0 984.0 72.0 994.0 72.0 996.0 74.0 1018.0 74.0 1020.0 76.0 1022.0 76.0 1024.0 78.0 1030.0 78.0 1032.0 80.0 1054.0 80.0 1056.0 82.0 1062.0 82.0 1064.0 84.0 1066.0 84.0 1068.0 86.0 1070.0 86.0 1074.0 90.0 1076.0 90.0 1078.0 92.0 1080.0 92.0 1086.0 98.0 1086.0 102.0 1088.0 104.0 1088.0 108.0 1086.0 110.0 1086.0 112.0 1084.0 114.0 1084.0 116.0 1082.0 118.0 1082.0 120.0 1078.0 124.0 1078.0 126.0 1072.0 132.0 1072.0 134.0 1052.0 154.0 1052.0 178.0 1050.0 180.0 1050.0 182.0 1048.0 184.0 1048.0 186.0 1046.0 188.0 1046.0 190.0 1044.0 192.0 1044.0 194.0 1042.0 196.0 1042.0 198.0 1038.0 202.0 1038.0 204.0 1036.0 206.0 1036.0 220.0 1040.0 224.0 1040.0 226.0 1042.0 228.0 1040.0 230.0 1040.0 236.0 1038.0 238.0 1038.0 240.0 1036.0 242.0 1028.0 242.0 1026.0 244.0 1022.0 244.0 1020.0 246.0 1018.0 246.0 1012.0 240.0 1010.0 240.0 1008.0 238.0 1006.0 238.0 1002.0 234.0 1002.0 232.0 1000.0 230.0 1000.0 224.0 1004.0 220.0 1004.0 212.0 1002.0 210.0 1000.0 210.0 996.0 206.0 990.0 206.0 988.0 204.0 984.0 204.0 982.0 202.0 968.0 202.0 966.0 204.0 956.0 204.0 952.0 208.0 952.0 214.0 954.0 216.0 954.0 220.0 962.0 228.0 960.0 230.0 960.0 232.0 952.0 240.0 950.0 240.0 948.0 242.0 948.0 244.0 946.0 246.0 946.0 258.0 948.0 260.0 948.0 262.0 946.0 264.0 946.0 270.0 944.0 272.0 944.0 274.0 942.0 276.0 936.0 276.0 932.0 272.0 930.0 272.0 928.0 274.0 928.0 278.0 926.0 280.0 926.0 284.0 928.0 286.0 928.0 292.0 930.0 294.0 930.0 300.0 932.0 302.0 932.0 306.0 934.0 308.0 934.0 312.0 936.0 314.0 936.0 316.0 938.0 318.0 938.0 322.0 940.0 324.0 940.0 326.0 942.0 328.0 942.0 332.0 944.0 334.0 944.0 338.0 946.0 340.0 946.0 342.0 948.0 344.0 948.0 348.0 950.0 350.0 950.0 354.0 952.0 356.0 952.0 358.0 954.0 360.0 954.0 362.0 956.0 364.0 956.0 366.0 958.0 368.0 958.0 374.0 960.0 376.0 960.0 384.0 962.0 386.0 962.0 390.0 964.0 392.0 964.0 396.0 966.0 398.0 966.0 400.0 968.0 402.0 968.0 406.0 966.0 408.0 966.0 412.0 962.0 416.0 960.0 416.0 954.0 422.0 952.0 422.0 946.0 428.0 944.0 428.0 940.0 432.0 938.0 432.0 930.0 440.0 928.0 440.0 926.0 442.0 922.0 442.0 918.0 446.0 916.0 446.0 912.0 450.0 910.0 450.0 906.0 454.0 904.0 454.0 900.0 458.0 898.0 458.0 896.0 460.0 894.0 460.0 892.0 462.0 890.0 462.0 888.0 464.0 886.0 464.0 880.0 470.0 878.0 470.0 876.0 472.0 872.0 472.0 868.0 476.0 864.0 476.0 856.0 468.0 856.0 466.0 864.0 458.0 866.0 458.0 868.0 456.0 872.0 456.0 876.0 452.0 878.0 452.0 886.0 444.0 886.0 440.0 882.0 436.0 882.0 434.0 880.0 434.0 872.0 426.0 872.0 422.0 870.0 420.0 870.0 414.0 868.0 412.0 868.0 406.0 860.0 398.0 858.0 398.0 856.0 396.0 856.0 394.0 850.0 388.0 850.0 386.0 852.0 384.0 852.0 378.0 854.0 376.0 854.0 372.0 856.0 370.0 856.0 366.0 858.0 364.0 858.0 344.0 856.0 342.0 856.0 328.0 854.0 326.0 854.0 316.0 852.0 314.0 852.0 306.0 850.0 304.0 850.0 298.0 848.0 296.0 848.0 290.0 846.0 288.0 846.0 284.0 844.0 282.0 844.0 280.0 842.0 278.0 842.0 274.0 840.0 272.0 840.0 256.0 842.0 254.0 842.0 252.0 846.0 248.0 846.0 232.0 844.0 230.0 844.0 224.0 842.0 222.0 842.0 218.0 840.0 216.0 840.0 214.0 838.0 212.0 838.0 210.0 836.0 208.0 836.0 204.0 834.0 202.0 834.0 200.0 832.0 198.0 832.0 196.0 830.0 194.0 830.0 192.0 828.0 190.0 828.0 188.0 826.0 186.0 826.0 182.0 822.0 178.0 822.0 174.0 820.0 172.0 820.0 168.0 818.0 166.0 818.0 162.0 814.0 158.0 814.0 156.0 810.0 152.0 810.0 150.0 808.0 150.0 806.0 148.0 804.0 148.0 802.0 146.0 796.0 146.0 796.0 554.0 802.0 554.0 808.0 560.0 808.0 562.0 822.0 576.0 824.0 576.0 826.0 578.0 828.0 578.0 830.0 580.0 836.0 580.0 838.0 582.0 840.0 582.0 842.0 584.0 844.0 584.0 850.0 590.0 850.0 592.0 854.0 596.0 854.0 600.0 856.0 602.0 856.0 610.0 858.0 612.0 858.0 628.0 860.0 630.0 860.0 642.0 858.0 644.0 858.0 682.0 860.0 684.0 860.0 692.0 862.0 694.0 862.0 696.0 864.0 698.0 864.0 700.0 866.0 702.0 866.0 704.0 868.0 706.0 868.0 708.0 874.0 714.0 874.0 716.0 876.0 718.0 876.0 722.0 878.0 724.0 878.0 732.0 880.0 734.0 880.0 742.0 882.0 744.0 882.0 754.0 884.0 756.0 884.0 770.0 886.0 772.0 886.0 782.0 888.0 784.0 888.0 788.0 890.0 790.0 890.0 798.0 892.0 800.0 892.0 816.0 894.0 818.0 894.0 828.0 896.0 830.0 896.0 842.0 898.0 844.0 898.0 860.0 900.0 862.0 900.0 876.0 902.0 878.0 902.0 882.0 904.0 884.0 904.0 886.0 906.0 888.0 906.0 892.0 908.0 894.0 908.0 896.0 914.0 896.0 916.0 894.0 916.0 890.0 920.0 886.0 920.0 884.0 928.0 876.0 930.0 876.0 932.0 874.0 934.0 874.0 936.0 872.0 944.0 872.0 946.0 870.0 954.0 870.0 956.0 872.0 958.0 872.0 962.0 876.0 964.0 876.0 966.0 878.0 968.0 878.0 972.0 882.0 974.0 882.0 980.0 888.0 988.0 888.0 990.0 890.0 990.0 898.0 994.0 902.0 996.0 902.0 1000.0 906.0 1000.0 908.0 998.0 910.0 998.0 912.0 994.0 916.0 990.0 916.0 988.0 918.0 982.0 918.0 980.0 920.0 978.0 920.0 976.0 922.0 974.0 922.0 972.0 924.0 972.0 930.0 1322.0 930.0 1322.0 920.0 1320.0 918.0 1320.0 910.0 1318.0 908.0 1318.0 902.0 1316.0 900.0 1316.0 898.0 1314.0 896.0 1314.0 894.0 1310.0 890.0 1310.0 888.0 1308.0 886.0 1300.0 886.0 1298.0 888.0 1296.0 888.0 1292.0 892.0 1290.0 892.0 1280.0 882.0 1280.0 880.0 1272.0 872.0 1272.0 870.0 1270.0 870.0 1268.0 868.0 1264.0 868.0 1262.0 866.0 1252.0 866.0 1250.0 864.0 1248.0 866.0 1234.0 866.0 1232.0 868.0 1228.0 868.0 1226.0 870.0 1220.0 870.0 1218.0 872.0 1212.0 872.0 1210.0 874.0 1208.0 874.0 1202.0 880.0 1200.0 880.0 1198.0 882.0 1196.0 882.0 1190.0 888.0 1176.0 888.0 1174.0 886.0 1166.0 886.0 1164.0 888.0 1148.0 888.0 1144.0 884.0 1144.0 882.0 1146.0 880.0 1156.0 880.0 1158.0 878.0 1164.0 878.0 1168.0 874.0 1170.0 874.0 1172.0 872.0 1174.0 872.0 1178.0 868.0 1180.0 868.0 1182.0 866.0 1184.0 866.0 1186.0 864.0 1190.0 864.0 1192.0 862.0 1202.0 862.0 1204.0 860.0 1212.0 860.0 1214.0 858.0 1224.0 858.0 1226.0 856.0 1244.0 856.0 1246.0 854.0 1256.0 854.0 1258.0 852.0 1262.0 852.0 1264.0 850.0 1266.0 850.0 1268.0 848.0 1274.0 848.0 1276.0 846.0 1282.0 846.0 1284.0 844.0 1288.0 844.0 1290.0 842.0 1292.0 842.0 1294.0 840.0 1296.0 840.0 1302.0 834.0 1302.0 830.0 1304.0 828.0 1304.0 824.0 1306.0 822.0 1306.0 802.0 1308.0 800.0 1308.0 794.0 1310.0 792.0 1310.0 788.0 1312.0 786.0 1312.0 778.0 1310.0 776.0 1310.0 774.0 1308.0 772.0 1308.0 770.0 1302.0 764.0 1302.0 762.0 1296.0 756.0 1296.0 754.0 1294.0 752.0 1294.0 746.0 1292.0 744.0 1292.0 736.0 1290.0 734.0 1290.0 728.0 1288.0 726.0 1288.0 720.0 1286.0 718.0 1286.0 712.0 1284.0 710.0 1284.0 704.0 1282.0 702.0 1282.0 696.0 1280.0 694.0 1280.0 682.0 1278.0 680.0 1278.0 668.0 1276.0 666.0 1276.0 658.0 1274.0 656.0 1274.0 650.0 1272.0 648.0 1272.0 640.0 1270.0 638.0 1270.0 622.0 1268.0 620.0 1268.0 608.0 1266.0 606.0 1266.0 598.0 1264.0 596.0 1264.0 590.0 1262.0 588.0 1262.0 580.0 1260.0 578.0 1260.0 572.0 1258.0 570.0 1258.0 564.0 1256.0 562.0 1256.0 556.0 1254.0 554.0 1254.0 546.0 1252.0 544.0 1252.0 538.0 1250.0 536.0 1250.0 528.0 1248.0 526.0 1248.0 516.0 1246.0 514.0 1246.0 502.0 1244.0 500.0 1244.0 486.0 1242.0 484.0 1242.0 478.0 1240.0 476.0 1240.0 472.0 1238.0 470.0 1238.0 466.0 1236.0 464.0 1236.0 460.0 1234.0 458.0 1234.0 456.0 1232.0 454.0 1232.0 452.0 1230.0 450.0 1230.0 448.0 1228.0 446.0 1228.0 444.0 1224.0 440.0 1224.0 438.0 1222.0 436.0 1222.0 434.0 1220.0 432.0 1220.0 430.0 1218.0 428.0 1218.0 422.0 1216.0 420.0 1216.0 418.0 1224.0 410.0 1228.0 410.0 1230.0 408.0 1234.0 408.0 1236.0 406.0 1238.0 406.0 1240.0 404.0 1246.0 404.0 1248.0 402.0 1254.0 402.0 1256.0 400.0 1258.0 400.0 1260.0 398.0 1266.0 398.0 1268.0 396.0 1274.0 396.0 1276.0 394.0 1280.0 394.0 1282.0 392.0 1284.0 392.0 1286.0 390.0 1288.0 390.0 1290.0 388.0 1296.0 388.0 1298.0 386.0 1302.0 386.0 1304.0 384.0 1310.0 384.0 1312.0 382.0 1320.0 382.0 1322.0 380.0 1328.0 380.0 1330.0 378.0 1338.0 378.0 1340.0 376.0 1354.0 376.0 1356.0 374.0 1362.0 374.0 1364.0 372.0 1370.0 372.0 1372.0 370.0 1390.0 370.0 1392.0 368.0 1402.0 368.0 1404.0 366.0 1406.0 366.0 1408.0 364.0 1410.0 364.0 1412.0 362.0 1414.0 362.0 1418.0 358.0 1420.0 358.0 1420.0 356.0 1422.0 354.0 1422.0 352.0 1424.0 350.0 1424.0 348.0 1426.0 346.0 1426.0 336.0 1424.0 334.0 1424.0 328.0 1422.0 326.0 1422.0 322.0 1420.0 320.0 1420.0 316.0 1416.0 312.0 1416.0 310.0 1414.0 308.0 1414.0 306.0 1412.0 304.0 1412.0 300.0 1410.0 298.0 1410.0 294.0 1408.0 292.0 1408.0 290.0 1406.0 288.0 1406.0 286.0 1404.0 284.0 1404.0 282.0 1402.0 280.0 1402.0 278.0 1400.0 276.0 1400.0 274.0 1398.0 272.0 1398.0 270.0 1396.0 268.0 1396.0 266.0 1394.0 264.0 1394.0 262.0 1392.0 260.0 1392.0 258.0 1390.0 256.0 1390.0 254.0 1388.0 252.0 1388.0 250.0 1386.0 248.0 1386.0 246.0 1384.0 244.0 1384.0 242.0 1382.0 240.0 1382.0 238.0 1380.0 236.0 1380.0 232.0 1378.0 230.0 1378.0 226.0 1376.0 224.0 1376.0 222.0 1374.0 220.0 1374.0 216.0 1372.0 214.0 1372.0 210.0 1368.0 206.0 1368.0 204.0 1366.0 202.0 1366.0 200.0 1364.0 198.0 1364.0 196.0 1362.0 194.0 1362.0 192.0 1360.0 190.0 1360.0 188.0 1358.0 186.0 1358.0 184.0 1356.0 182.0 1356.0 178.0 1352.0 174.0 1352.0 172.0 1350.0 170.0 1350.0 168.0 1348.0 166.0 1348.0 164.0 1344.0 160.0 1344.0 158.0 1340.0 154.0 1340.0 152.0 1338.0 150.0 1338.0 148.0 1332.0 142.0 1332.0 140.0 1330.0 138.0 1330.0 136.0 1326.0 132.0 1326.0 130.0 1324.0 128.0 1324.0 126.0 1322.0 124.0 1322.0 120.0 1320.0 118.0 1320.0 116.0 1318.0 114.0 1318.0 112.0 1316.0 110.0 1316.0 106.0 1314.0 104.0 1314.0 102.0 1312.0 100.0 1312.0 98.0 1310.0 96.0 1310.0 94.0 1308.0 92.0 1308.0 90.0 1306.0 88.0 1306.0 84.0 1304.0 82.0 1304.0 80.0 1302.0 78.0 1302.0 76.0 1300.0 74.0 1300.0 72.0 1298.0 70.0 1298.0 66.0 1294.0 62.0 1294.0 60.0 1292.0 58.0 1292.0 54.0 1290.0 52.0 1290.0 50.0 1286.0 46.0 1286.0 44.0 1284.0 42.0 1284.0 40.0 1282.0 38.0 1282.0 36.0 1280.0 34.0 1280.0 32.0 1276.0 28.0 1276.0 26.0 1274.0 24.0 1274.0 22.0 1268.0 16.0 1268.0 14.0 1266.0 12.0 1266.0 4.0 0.7924699187278748
770.0 140.0 770.0 146.0 768.0 148.0 766.0 148.0 764.0 150.0 756.0 150.0 754.0 152.0 742.0 152.0 740.0 154.0 734.0 154.0 732.0 156.0 726.0 156.0 724.0 158.0 712.0 158.0 710.0 160.0 702.0 160.0 700.0 162.0 696.0 162.0 694.0 164.0 690.0 164.0 688.0 166.0 680.0 166.0 678.0 168.0 674.0 168.0 672.0 170.0 668.0 170.0 666.0 172.0 664.0 172.0 660.0 176.0 656.0 176.0 654.0 178.0 642.0 178.0 640.0 180.0 632.0 180.0 630.0 182.0 622.0 182.0 620.0 184.0 614.0 184.0 612.0 186.0 608.0 186.0 606.0 188.0 602.0 188.0 600.0 190.0 598.0 190.0 596.0 192.0 594.0 192.0 592.0 194.0 590.0 194.0 582.0 202.0 582.0 204.0 580.0 206.0 580.0 208.0 574.0 214.0 572.0 214.0 570.0 216.0 552.0 216.0 550.0 218.0 540.0 218.0 538.0 220.0 532.0 220.0 530.0 222.0 518.0 222.0 516.0 224.0 506.0 224.0 504.0 226.0 498.0 226.0 496.0 228.0 490.0 228.0 488.0 230.0 478.0 230.0 476.0 232.0 468.0 232.0 466.0 234.0 458.0 234.0 456.0 236.0 450.0 236.0 448.0 238.0 438.0 238.0 436.0 240.0 424.0 240.0 422.0 242.0 410.0 242.0 408.0 244.0 402.0 244.0 400.0 246.0 388.0 246.0 388.0 308.0 394.0 308.0 396.0 310.0 396.0 312.0 398.0 314.0 398.0 324.0 400.0 326.0 400.0 342.0 402.0 344.0 402.0 356.0 404.0 358.0 404.0 364.0 406.0 366.0 406.0 386.0 408.0 388.0 408.0 390.0 406.0 392.0 406.0 396.0 408.0 398.0 408.0 416.0 410.0 418.0 410.0 428.0 412.0 430.0 412.0 436.0 414.0 438.0 414.0 448.0 416.0 450.0 416.0 466.0 418.0 468.0 418.0 482.0 420.0 484.0 420.0 492.0 422.0 494.0 422.0 500.0 424.0 502.0 424.0 508.0 426.0 510.0 426.0 518.0 428.0 520.0 428.0 524.0 430.0 526.0 430.0 534.0 432.0 536.0 432.0 544.0 434.0 546.0 434.0 554.0 436.0 556.0 436.0 562.0 438.0 564.0 438.0 570.0 440.0 572.0 440.0 576.0 442.0 578.0 442.0 582.0 444.0 584.0 444.0 586.0 446.0 588.0 446.0 594.0 492.0 594.0 492.0 588.0 494.0 586.0 496.0 586.0 498.0 584.0 506.0 584.0 508.0 582.0 516.0 582.0 518.0 580.0 524.0 580.0 526.0 578.0 534.0 578.0 536.0 576.0 546.0 576.0 548.0 574.0 560.0 574.0 562.0 572.0 572.0 572.0 574.0 570.0 580.0 570.0 582.0 568.0 592.0 568.0 594.0 566.0 604.0 566.0 606.0 564.0 614.0 564.0 616.0 562.0 626.0 562.0 628.0 560.0 646.0 560.0 648.0 558.0 658.0 558.0 660.0 556.0 666.0 556.0 668.0 554.0 676.0 554.0 678.0 552.0 698.0 552.0 700.0 550.0 704.0 550.0 706.0 548.0 708.0 548.0 710.0 546.0 714.0 546.0 716.0 544.0 724.0 544.0 726.0 542.0 734.0 542.0 736.0 540.0 740.0 540.0 742.0 538.0 744.0 538.0 746.0 536.0 752.0 536.0 754.0 534.0 760.0 534.0 762.0 532.0 766.0 532.0 768.0 530.0 774.0 530.0 776.0 528.0 784.0 528.0 786.0 526.0 788.0 526.0 794.0 532.0 794.0 534.0 796.0 536.0 796.0 542.0 798.0 544.0 798.0 548.0 800.0 550.0 800.0 552.0 804.0 556.0 804.0 558.0 806.0 560.0 806.0 562.0 808.0 564.0 808.0 566.0 818.0 576.0 820.0 576.0 822.0 578.0 824.0 578.0 826.0 580.0 830.0 580.0 832.0 582.0 838.0 582.0 840.0 584.0 844.0 584.0 846.0 586.0 846.0 594.0 906.0 594.0 906.0 458.0 898.0 458.0 896.0 460.0 894.0 460.0 890.0 464.0 886.0 464.0 884.0 466.0 882.0 466.0 878.0 470.0 876.0 470.0 874.0 472.0 872.0 472.0 868.0 476.0 856.0 476.0 854.0 474.0 852.0 474.0 850.0 472.0 848.0 472.0 846.0 470.0 844.0 470.0 842.0 468.0 842.0 464.0 846.0 460.0 846.0 454.0 848.0 452.0 848.0 448.0 846.0 446.0 846.0 438.0 844.0 436.0 844.0 432.0 842.0 430.0 842.0 428.0 836.0 422.0 836.0 420.0 834.0 422.0 834.0 424.0 832.0 426.0 832.0 428.0 830.0 430.0 830.0 432.0 826.0 436.0 824.0 436.0 822.0 434.0 818.0 434.0 816.0 432.0 808.0 432.0 802.0 438.0 802.0 440.0 800.0 442.0 800.0 446.0 798.0 448.0 798.0 450.0 806.0 458.0 806.0 460.0 808.0 462.0 808.0 468.0 810.0 468.0 812.0 470.0 816.0 470.0 818.0 472.0 826.0 472.0 828.0 474.0 828.0 476.0 826.0 478.0 826.0 480.0 824.0 482.0 824.0 484.0 822.0 486.0 822.0 490.0 810.0 502.0 808.0 502.0 806.0 504.0 806.0 506.0 802.0 510.0 798.0 506.0 798.0 502.0 796.0 500.0 796.0 494.0 794.0 492.0 794.0 490.0 792.0 488.0 792.0 482.0 790.0 480.0 790.0 470.0 792.0 468.0 792.0 452.0 794.0 450.0 794.0 448.0 792.0 446.0 792.0 434.0 790.0 432.0 790.0 428.0 792.0 426.0 792.0 422.0 794.0 420.0 794.0 418.0 796.0 416.0 798.0 416.0 798.0 414.0 800.0 412.0 800.0 406.0 802.0 404.0 802.0 396.0 804.0 394.0 804.0 392.0 806.0 390.0 806.0 382.0 808.0 380.0 808.0 374.0 812.0 370.0 814.0 372.0 816.0 372.0 818.0 374.0 830.0 374.0 832.0 372.0 836.0 372.0 844.0 364.0 846.0 364.0 846.0 362.0 850.0 358.0 850.0 334.0 848.0 332.0 848.0 310.0 846.0 308.0 846.0 302.0 844.0 300.0 844.0 296.0 842.0 294.0 842.0 292.0 840.0 290.0 840.0 286.0 838.0 284.0 838.0 280.0 836.0 278.0 836.0 272.0 834.0 270.0 834.0 266.0 832.0 264.0 832.0 260.0 830.0 258.0 830.0 252.0 828.0 250.0 828.0 246.0 826.0 244.0 826.0 242.0 828.0 240.0 844.0 240.0 844.0 220.0 842.0 218.0 842.0 214.0 840.0 212.0 840.0 210.0 838.0 208.0 838.0 204.0 836.0 202.0 836.0 198.0 834.0 196.0 834.0 194.0 832.0 192.0 832.0 190.0 830.0 188.0 830.0 186.0 828.0 184.0 828.0 180.0 826.0 178.0 826.0 176.0 824.0 174.0 824.0 172.0 822.0 170.0 822.0 168.0 820.0 166.0 820.0 162.0 818.0 160.0 818.0 156.0 812.0 150.0 812.0 140.0 0.7320988774299622
