200.0 4.0 200.0 14.0 198.0 16.0 198.0 24.0 196.0 26.0 196.0 32.0 194.0 34.0 188.0 34.0 188.0 146.0 194.0 146.0 196.0 148.0 196.0 184.0 198.0 186.0 198.0 210.0 200.0 212.0 200.0 254.0 202.0 256.0 202.0 314.0 200.0 316.0 200.0 322.0 198.0 324.0 198.0 328.0 194.0 332.0 188.0 332.0 188.0 440.0 194.0 440.0 196.0 442.0 196.0 444.0 198.0 446.0 198.0 484.0 196.0 486.0 196.0 494.0 194.0 496.0 188.0 496.0 188.0 542.0 194.0 542.0 196.0 544.0 196.0 548.0 198.0 550.0 198.0 594.0 196.0 596.0 196.0 618.0 198.0 620.0 198.0 642.0 200.0 644.0 200.0 672.0 202.0 674.0 202.0 694.0 204.0 696.0 204.0 700.0 206.0 702.0 206.0 704.0 208.0 706.0 208.0 708.0 210.0 710.0 210.0 712.0 214.0 716.0 214.0 718.0 218.0 722.0 218.0 724.0 220.0 726.0 222.0 726.0 224.0 728.0 226.0 728.0 228.0 730.0 232.0 730.0 234.0 732.0 234.0 738.0 284.0 738.0 284.0 732.0 286.0 730.0 298.0 730.0 300.0 728.0 322.0 728.0 324.0 726.0 378.0 726.0 380.0 724.0 390.0 724.0 392.0 726.0 410.0 726.0 412.0 728.0 416.0 728.0 418.0 730.0 420.0 730.0 422.0 732.0 422.0 738.0 436.0 738.0 436.0 732.0 438.0 730.0 442.0 730.0 444.0 728.0 454.0 728.0 456.0 726.0 460.0 726.0 462.0 724.0 470.0 724.0 472.0 722.0 480.0 722.0 482.0 720.0 496.0 720.0 498.0 718.0 522.0 718.0 524.0 716.0 566.0 716.0 568.0 714.0 578.0 714.0 580.0 716.0 582.0 714.0 626.0 714.0 628.0 712.0 630.0 712.0 632.0 710.0 634.0 710.0 636.0 708.0 636.0 706.0 638.0 704.0 638.0 648.0 636.0 646.0 636.0 616.0 638.0 614.0 638.0 604.0 640.0 602.0 640.0 590.0 642.0 588.0 642.0 574.0 640.0 572.0 640.0 562.0 638.0 560.0 638.0 554.0 636.0 552.0 636.0 548.0 634.0 546.0 634.0 534.0 632.0 532.0 632.0 516.0 634.0 514.0 634.0 492.0 636.0 490.0 636.0 484.0 638.0 482.0 638.0 472.0 640.0 470.0 640.0 460.0 642.0 458.0 642.0 444.0 640.0 442.0 640.0 436.0 638.0 434.0 638.0 428.0 636.0 426.0 636.0 410.0 634.0 408.0 634.0 396.0 632.0 394.0 632.0 386.0 630.0 384.0 630.0 360.0 632.0 358.0 632.0 352.0 634.0 350.0 634.0 340.0 636.0 338.0 634.0 336.0 634.0 296.0 632.0 294.0 632.0 258.0 634.0 256.0 634.0 218.0 636.0 216.0 636.0 180.0 634.0 178.0 634.0 144.0 632.0 142.0 632.0 112.0 634.0 110.0 634.0 82.0 632.0 80.0 632.0 62.0 634.0 60.0 634.0 48.0 632.0 46.0 632.0 34.0 630.0 32.0 630.0 24.0 628.0 22.0 628.0 14.0 626.0 12.0 626.0 4.0 0.9572886228561401
286.0 788.0 286.0 794.0 282.0 798.0 278.0 798.0 276.0 800.0 274.0 800.0 270.0 804.0 268.0 804.0 266.0 806.0 262.0 806.0 260.0 808.0 254.0 808.0 252.0 810.0 242.0 810.0 240.0 812.0 204.0 812.0 202.0 814.0 196.0 814.0 190.0 820.0 190.0 826.0 188.0 828.0 188.0 838.0 184.0 842.0 184.0 844.0 178.0 850.0 172.0 850.0 172.0 954.0 178.0 954.0 180.0 956.0 180.0 962.0 182.0 964.0 182.0 970.0 184.0 972.0 184.0 980.0 186.0 982.0 186.0 984.0 188.0 986.0 188.0 990.0 186.0 992.0 186.0 998.0 184.0 1000.0 184.0 1008.0 182.0 1010.0 182.0 1026.0 184.0 1028.0 184.0 1048.0 182.0 1050.0 182.0 1150.0 180.0 1152.0 180.0 1170.0 178.0 1172.0 172.0 1172.0 172.0 1192.0 178.0 1192.0 180.0 1194.0 180.0 1212.0 182.0 1214.0 182.0 1246.0 184.0 1248.0 184.0 1262.0 186.0 1264.0 186.0 1276.0 188.0 1278.0 188.0 1282.0 190.0 1284.0 190.0 1290.0 484.0 1290.0 484.0 1284.0 486.0 1282.0 492.0 1282.0 494.0 1280.0 540.0 1280.0 542.0 1278.0 572.0 1278.0 574.0 1276.0 594.0 1276.0 596.0 1274.0 598.0 1274.0 604.0 1268.0 604.0 1266.0 606.0 1264.0 606.0 1258.0 608.0 1256.0 608.0 1248.0 610.0 1246.0 610.0 1244.0 614.0 1240.0 616.0 1240.0 620.0 1236.0 622.0 1236.0 624.0 1234.0 630.0 1234.0 632.0 1232.0 636.0 1232.0 640.0 1228.0 642.0 1228.0 644.0 1226.0 650.0 1226.0 650.0 1136.0 644.0 1136.0 642.0 1134.0 642.0 1110.0 644.0 1108.0 650.0 1108.0 650.0 1028.0 644.0 1028.0 642.0 1026.0 642.0 1000.0 640.0 998.0 640.0 974.0 638.0 972.0 638.0 956.0 636.0 954.0 636.0 948.0 634.0 946.0 634.0 944.0 632.0 942.0 632.0 940.0 630.0 938.0 630.0 922.0 632.0 920.0 632.0 910.0 634.0 908.0 634.0 860.0 632.0 858.0 632.0 844.0 630.0 842.0 630.0 836.0 628.0 834.0 628.0 832.0 624.0 828.0 622.0 828.0 620.0 826.0 616.0 826.0 614.0 824.0 608.0 824.0 606.0 822.0 602.0 822.0 600.0 820.0 598.0 820.0 594.0 816.0 594.0 814.0 592.0 812.0 592.0 810.0 590.0 808.0 590.0 804.0 588.0 802.0 588.0 800.0 586.0 798.0 586.0 788.0 460.0 788.0 460.0 794.0 458.0 796.0 396.0 796.0 394.0 794.0 394.0 788.0 0.9569394588470459
414.0 1332.0 414.0 1338.0 412.0 1340.0 410.0 1340.0 408.0 1342.0 404.0 1342.0 402.0 1344.0 398.0 1344.0 396.0 1346.0 390.0 1346.0 388.0 1348.0 382.0 1348.0 380.0 1350.0 376.0 1350.0 374.0 1352.0 368.0 1352.0 366.0 1354.0 358.0 1354.0 356.0 1356.0 346.0 1356.0 344.0 1354.0 334.0 1354.0 332.0 1352.0 324.0 1352.0 322.0 1350.0 308.0 1350.0 306.0 1352.0 302.0 1352.0 300.0 1354.0 298.0 1354.0 298.0 1356.0 296.0 1358.0 296.0 1362.0 298.0 1364.0 298.0 1366.0 300.0 1368.0 300.0 1370.0 314.0 1384.0 314.0 1386.0 316.0 1388.0 318.0 1388.0 320.0 1390.0 322.0 1390.0 332.0 1400.0 334.0 1398.0 340.0 1398.0 344.0 1394.0 344.0 1392.0 346.0 1390.0 346.0 1386.0 358.0 1374.0 360.0 1374.0 362.0 1372.0 368.0 1372.0 370.0 1370.0 372.0 1370.0 374.0 1372.0 418.0 1372.0 420.0 1374.0 422.0 1374.0 424.0 1376.0 426.0 1376.0 428.0 1378.0 430.0 1378.0 432.0 1376.0 436.0 1376.0 438.0 1374.0 446.0 1374.0 448.0 1376.0 450.0 1376.0 452.0 1378.0 452.0 1380.0 454.0 1382.0 454.0 1400.0 450.0 1404.0 446.0 1400.0 444.0 1400.0 442.0 1398.0 432.0 1398.0 430.0 1396.0 428.0 1396.0 426.0 1398.0 426.0 1400.0 424.0 1402.0 424.0 1406.0 422.0 1408.0 422.0 1414.0 424.0 1416.0 424.0 1418.0 426.0 1420.0 426.0 1422.0 432.0 1428.0 432.0 1430.0 434.0 1432.0 434.0 1436.0 432.0 1438.0 430.0 1438.0 424.0 1444.0 422.0 1444.0 420.0 1446.0 404.0 1446.0 402.0 1448.0 358.0 1448.0 356.0 1446.0 328.0 1446.0 326.0 1444.0 320.0 1444.0 318.0 1446.0 310.0 1446.0 308.0 1444.0 290.0 1444.0 288.0 1446.0 272.0 1446.0 270.0 1448.0 266.0 1448.0 262.0 1452.0 254.0 1452.0 252.0 1454.0 250.0 1454.0 248.0 1452.0 242.0 1452.0 240.0 1450.0 238.0 1450.0 236.0 1448.0 234.0 1448.0 232.0 1446.0 216.0 1446.0 214.0 1444.0 208.0 1444.0 202.0 1438.0 202.0 1436.0 198.0 1432.0 196.0 1432.0 194.0 1430.0 192.0 1430.0 186.0 1424.0 186.0 1410.0 184.0 1408.0 184.0 1404.0 182.0 1402.0 182.0 1394.0 180.0 1392.0 180.0 1390.0 178.0 1388.0 178.0 1386.0 176.0 1384.0 176.0 1380.0 174.0 1378.0 174.0 1376.0 172.0 1374.0 172.0 1372.0 170.0 1370.0 168.0 1370.0 162.0 1364.0 156.0 1364.0 156.0 1438.0 172.0 1438.0 174.0 1440.0 176.0 1440.0 178.0 1442.0 176.0 1444.0 172.0 1444.0 170.0 1446.0 168.0 1446.0 166.0 1448.0 166.0 1450.0 162.0 1454.0 156.0 1454.0 156.0 1550.0 162.0 1550.0 164.0 1552.0 164.0 1558.0 162.0 1560.0 156.0 1560.0 156.0 1564.0 162.0 1564.0 164.0 1566.0 164.0 1586.0 162.0 1588.0 156.0 1588.0 156.0 1784.0 162.0 1784.0 166.0 1788.0 166.0 1794.0 332.0 1794.0 332.0 1786.0 334.0 1784.0 336.0 1784.0 338.0 1782.0 340.0 1782.0 346.0 1776.0 356.0 1776.0 360.0 1780.0 364.0 1780.0 366.0 1782.0 370.0 1782.0 372.0 1784.0 376.0 1784.0 378.0 1786.0 380.0 1786.0 382.0 1788.0 382.0 1794.0 490.0 1794.0 490.0 1788.0 492.0 1786.0 500.0 1786.0 502.0 1788.0 502.0 1794.0 584.0 1794.0 584.0 1788.0 586.0 1786.0 588.0 1786.0 590.0 1784.0 596.0 1784.0 598.0 1782.0 604.0 1782.0 606.0 1780.0 608.0 1780.0 610.0 1778.0 612.0 1778.0 614.0 1776.0 618.0 1776.0 620.0 1774.0 624.0 1774.0 626.0 1772.0 634.0 1772.0 636.0 1770.0 646.0 1770.0 648.0 1768.0 654.0 1768.0 656.0 1766.0 660.0 1766.0 664.0 1762.0 664.0 1760.0 668.0 1756.0 668.0 1752.0 670.0 1750.0 670.0 1748.0 672.0 1746.0 672.0 1742.0 674.0 1740.0 674.0 1738.0 678.0 1734.0 678.0 1732.0 680.0 1730.0 680.0 1722.0 682.0 1720.0 682.0 1712.0 684.0 1710.0 684.0 1698.0 682.0 1696.0 682.0 1664.0 680.0 1662.0 680.0 1630.0 678.0 1628.0 680.0 1626.0 682.0 1626.0 684.0 1624.0 692.0 1624.0 694.0 1622.0 696.0 1622.0 698.0 1620.0 706.0 1620.0 706.0 1512.0 694.0 1512.0 692.0 1510.0 678.0 1510.0 676.0 1508.0 674.0 1508.0 672.0 1506.0 672.0 1494.0 674.0 1492.0 674.0 1468.0 676.0 1466.0 676.0 1426.0 678.0 1424.0 678.0 1362.0 676.0 1360.0 676.0 1354.0 674.0 1352.0 672.0 1352.0 670.0 1350.0 666.0 1350.0 664.0 1348.0 614.0 1348.0 612.0 1350.0 598.0 1350.0 596.0 1352.0 594.0 1352.0 592.0 1350.0 576.0 1350.0 574.0 1348.0 556.0 1348.0 554.0 1346.0 546.0 1346.0 544.0 1344.0 538.0 1344.0 536.0 1342.0 498.0 1342.0 496.0 1340.0 490.0 1340.0 488.0 1338.0 488.0 1332.0 0.9537092447280884
1608.0 1788.0 1608.0 1794.0 1606.0 1796.0 1602.0 1796.0 1600.0 1798.0 1592.0 1798.0 1590.0 1800.0 1582.0 1800.0 1580.0 1802.0 1564.0 1802.0 1562.0 1804.0 1526.0 1804.0 1524.0 1806.0 1482.0 1806.0 1480.0 1808.0 1462.0 1808.0 1460.0 1810.0 1452.0 1810.0 1452.0 1870.0 1458.0 1870.0 1460.0 1872.0 1460.0 1874.0 1462.0 1876.0 1462.0 1880.0 1464.0 1882.0 1464.0 1888.0 1466.0 1890.0 1466.0 1896.0 1468.0 1898.0 1468.0 1908.0 1470.0 1910.0 1470.0 1928.0 1472.0 1930.0 1472.0 1934.0 1470.0 1936.0 1470.0 1956.0 1468.0 1958.0 1468.0 1962.0 1466.0 1964.0 1466.0 1966.0 1464.0 1968.0 1464.0 1972.0 1462.0 1974.0 1462.0 1978.0 1460.0 1980.0 1460.0 1984.0 1458.0 1986.0 1452.0 1986.0 1458.0 1986.0 1460.0 1988.0 1460.0 1992.0 1462.0 1994.0 1462.0 2000.0 1464.0 2002.0 1464.0 2010.0 1466.0 2012.0 1466.0 2020.0 1468.0 2022.0 1468.0 2028.0 1470.0 2030.0 1470.0 2034.0 1472.0 2036.0 1472.0 2040.0 1474.0 2042.0 1474.0 2046.0 1730.0 2046.0 1730.0 2020.0 1724.0 2020.0 1722.0 2018.0 1722.0 2014.0 1720.0 2012.0 1720.0 2002.0 1718.0 2000.0 1718.0 1986.0 1716.0 1984.0 1716.0 1938.0 1714.0 1936.0 1714.0 1916.0 1712.0 1914.0 1712.0 1904.0 1710.0 1902.0 1710.0 1882.0 1708.0 1880.0 1708.0 1840.0 1706.0 1838.0 1706.0 1826.0 1704.0 1824.0 1704.0 1814.0 1702.0 1812.0 1702.0 1800.0 1700.0 1798.0 1700.0 1788.0 0.9489089846611023
914.0 524.0 914.0 530.0 912.0 532.0 898.0 532.0 896.0 534.0 850.0 534.0 848.0 536.0 830.0 536.0 828.0 538.0 824.0 538.0 822.0 540.0 812.0 540.0 812.0 902.0 818.0 902.0 820.0 904.0 820.0 916.0 822.0 918.0 822.0 940.0 824.0 942.0 824.0 966.0 826.0 968.0 826.0 982.0 828.0 984.0 828.0 990.0 830.0 992.0 830.0 1002.0 1022.0 1002.0 1022.0 996.0 1024.0 994.0 1026.0 994.0 1028.0 992.0 1050.0 992.0 1054.0 996.0 1054.0 1002.0 1072.0 1002.0 1072.0 996.0 1074.0 994.0 1076.0 994.0 1078.0 992.0 1080.0 992.0 1082.0 990.0 1084.0 990.0 1088.0 986.0 1092.0 986.0 1094.0 984.0 1102.0 984.0 1104.0 982.0 1116.0 982.0 1118.0 980.0 1128.0 980.0 1130.0 978.0 1144.0 978.0 1146.0 976.0 1162.0 976.0 1164.0 974.0 1188.0 974.0 1190.0 976.0 1204.0 976.0 1206.0 978.0 1220.0 978.0 1222.0 976.0 1236.0 976.0 1238.0 974.0 1258.0 974.0 1260.0 976.0 1268.0 976.0 1270.0 978.0 1276.0 978.0 1278.0 980.0 1288.0 980.0 1290.0 982.0 1292.0 980.0 1298.0 980.0 1300.0 978.0 1308.0 978.0 1310.0 976.0 1316.0 976.0 1324.0 968.0 1330.0 968.0 1330.0 768.0 1324.0 768.0 1322.0 766.0 1322.0 758.0 1320.0 756.0 1320.0 744.0 1322.0 742.0 1322.0 668.0 1320.0 666.0 1320.0 562.0 1318.0 560.0 1318.0 540.0 1316.0 538.0 1316.0 524.0 0.9139099717140198
182.0 1820.0 182.0 1826.0 176.0 1832.0 174.0 1832.0 170.0 1836.0 166.0 1836.0 164.0 1838.0 160.0 1838.0 158.0 1840.0 156.0 1840.0 154.0 1842.0 150.0 1842.0 148.0 1844.0 140.0 1844.0 140.0 2046.0 658.0 2046.0 658.0 2030.0 660.0 2028.0 660.0 2022.0 662.0 2020.0 662.0 2018.0 664.0 2016.0 664.0 2014.0 670.0 2008.0 670.0 2006.0 676.0 2000.0 682.0 2000.0 682.0 1944.0 676.0 1944.0 674.0 1942.0 674.0 1928.0 672.0 1926.0 672.0 1890.0 670.0 1888.0 670.0 1866.0 668.0 1864.0 668.0 1858.0 660.0 1850.0 658.0 1850.0 656.0 1848.0 654.0 1848.0 652.0 1846.0 642.0 1846.0 640.0 1844.0 630.0 1844.0 628.0 1846.0 622.0 1846.0 620.0 1844.0 620.0 1850.0 618.0 1852.0 618.0 1856.0 614.0 1860.0 610.0 1860.0 608.0 1862.0 546.0 1862.0 544.0 1864.0 532.0 1864.0 530.0 1866.0 526.0 1866.0 524.0 1868.0 520.0 1868.0 518.0 1870.0 512.0 1870.0 510.0 1872.0 504.0 1872.0 502.0 1874.0 494.0 1874.0 492.0 1876.0 470.0 1876.0 468.0 1878.0 466.0 1878.0 464.0 1876.0 452.0 1876.0 440.0 1864.0 440.0 1862.0 436.0 1858.0 436.0 1856.0 434.0 1854.0 432.0 1854.0 430.0 1852.0 418.0 1852.0 412.0 1858.0 410.0 1858.0 404.0 1864.0 402.0 1864.0 400.0 1866.0 398.0 1866.0 396.0 1868.0 392.0 1868.0 390.0 1870.0 376.0 1870.0 374.0 1868.0 368.0 1868.0 366.0 1866.0 364.0 1866.0 362.0 1864.0 360.0 1864.0 358.0 1862.0 354.0 1862.0 352.0 1860.0 350.0 1860.0 348.0 1858.0 340.0 1858.0 338.0 1856.0 318.0 1856.0 316.0 1854.0 300.0 1854.0 298.0 1852.0 292.0 1852.0 290.0 1850.0 290.0 1846.0 284.0 1840.0 284.0 1838.0 282.0 1836.0 278.0 1836.0 276.0 1834.0 272.0 1834.0 270.0 1832.0 268.0 1832.0 266.0 1830.0 264.0 1830.0 262.0 1828.0 262.0 1820.0 0.9111943244934082
1832.0 164.0 1830.0 166.0 1786.0 166.0 1784.0 168.0 1760.0 168.0 1758.0 170.0 1742.0 170.0 1740.0 172.0 1718.0 172.0 1716.0 174.0 1694.0 174.0 1692.0 176.0 1678.0 176.0 1676.0 178.0 1666.0 178.0 1664.0 180.0 1658.0 180.0 1656.0 182.0 1654.0 182.0 1650.0 186.0 1648.0 186.0 1644.0 190.0 1642.0 190.0 1640.0 192.0 1638.0 192.0 1636.0 194.0 1634.0 194.0 1630.0 198.0 1628.0 198.0 1624.0 202.0 1624.0 204.0 1614.0 214.0 1614.0 216.0 1612.0 218.0 1612.0 222.0 1610.0 224.0 1610.0 230.0 1608.0 232.0 1608.0 236.0 1604.0 240.0 1600.0 240.0 1598.0 242.0 1592.0 242.0 1590.0 244.0 1558.0 244.0 1556.0 242.0 1554.0 244.0 1542.0 244.0 1540.0 246.0 1524.0 246.0 1522.0 248.0 1518.0 248.0 1514.0 252.0 1510.0 252.0 1508.0 254.0 1498.0 254.0 1496.0 256.0 1488.0 256.0 1486.0 258.0 1480.0 258.0 1478.0 260.0 1468.0 260.0 1466.0 262.0 1372.0 262.0 1370.0 264.0 1364.0 264.0 1362.0 266.0 1358.0 266.0 1356.0 268.0 1352.0 268.0 1350.0 270.0 1348.0 270.0 1340.0 278.0 1332.0 278.0 1332.0 362.0 1338.0 362.0 1340.0 364.0 1340.0 370.0 1342.0 372.0 1342.0 402.0 1344.0 404.0 1344.0 418.0 1346.0 420.0 1346.0 428.0 1348.0 430.0 1348.0 438.0 1350.0 440.0 1350.0 450.0 1352.0 452.0 1352.0 462.0 1354.0 464.0 1354.0 516.0 1352.0 518.0 1352.0 524.0 1350.0 526.0 1350.0 534.0 1346.0 538.0 1346.0 540.0 1342.0 544.0 1342.0 546.0 1340.0 548.0 1332.0 548.0 1332.0 626.0 1448.0 626.0 1448.0 620.0 1450.0 618.0 1452.0 620.0 1452.0 626.0 1474.0 626.0 1474.0 620.0 1476.0 618.0 1484.0 618.0 1486.0 616.0 1504.0 616.0 1506.0 614.0 1574.0 614.0 1576.0 612.0 1624.0 612.0 1626.0 610.0 1650.0 610.0 1652.0 608.0 1666.0 608.0 1668.0 606.0 1698.0 606.0 1700.0 604.0 1740.0 604.0 1742.0 602.0 1756.0 602.0 1758.0 600.0 1780.0 600.0 1782.0 598.0 1786.0 598.0 1788.0 596.0 1790.0 596.0 1792.0 594.0 1794.0 594.0 1798.0 590.0 1800.0 590.0 1804.0 586.0 1806.0 586.0 1808.0 584.0 1814.0 584.0 1816.0 582.0 1830.0 582.0 1832.0 580.0 1866.0 580.0 1868.0 578.0 1872.0 578.0 1874.0 576.0 1876.0 576.0 1878.0 574.0 1880.0 574.0 1882.0 572.0 1888.0 572.0 1890.0 574.0 1902.0 574.0 1906.0 570.0 1914.0 570.0 1914.0 526.0 1908.0 526.0 1906.0 524.0 1906.0 522.0 1904.0 520.0 1904.0 518.0 1902.0 516.0 1902.0 512.0 1900.0 510.0 1900.0 508.0 1898.0 506.0 1898.0 504.0 1896.0 502.0 1896.0 500.0 1894.0 498.0 1894.0 496.0 1892.0 494.0 1892.0 490.0 1890.0 488.0 1890.0 486.0 1886.0 482.0 1886.0 480.0 1884.0 478.0 1884.0 476.0 1882.0 474.0 1882.0 472.0 1880.0 470.0 1880.0 468.0 1878.0 466.0 1878.0 464.0 1876.0 462.0 1876.0 460.0 1872.0 456.0 1872.0 454.0 1868.0 450.0 1868.0 448.0 1862.0 442.0 1862.0 438.0 1860.0 436.0 1860.0 430.0 1858.0 428.0 1858.0 422.0 1856.0 420.0 1856.0 416.0 1854.0 414.0 1854.0 386.0 1852.0 384.0 1852.0 372.0 1850.0 370.0 1850.0 360.0 1848.0 358.0 1848.0 350.0 1846.0 348.0 1846.0 320.0 1844.0 318.0 1844.0 302.0 1842.0 300.0 1842.0 284.0 1850.0 276.0 1852.0 276.0 1854.0 274.0 1856.0 274.0 1860.0 270.0 1862.0 270.0 1866.0 266.0 1866.0 262.0 1868.0 260.0 1868.0 252.0 1866.0 250.0 1866.0 210.0 1864.0 208.0 1864.0 188.0 1862.0 186.0 1862.0 176.0 1860.0 174.0 1860.0 170.0 1858.0 168.0 1856.0 168.0 1854.0 166.0 1852.0 166.0 1850.0 164.0 0.8616507053375244
780.0 4.0 780.0 100.0 786.0 100.0 788.0 102.0 788.0 104.0 790.0 106.0 790.0 128.0 788.0 130.0 788.0 146.0 790.0 148.0 790.0 178.0 792.0 180.0 792.0 202.0 794.0 204.0 794.0 238.0 796.0 240.0 796.0 254.0 794.0 256.0 794.0 328.0 796.0 330.0 796.0 358.0 798.0 360.0 798.0 362.0 796.0 364.0 796.0 388.0 798.0 390.0 798.0 426.0 800.0 428.0 800.0 454.0 802.0 456.0 802.0 474.0 804.0 476.0 804.0 512.0 806.0 514.0 806.0 522.0 1014.0 522.0 1014.0 516.0 1016.0 514.0 1024.0 514.0 1026.0 512.0 1042.0 512.0 1044.0 510.0 1050.0 510.0 1052.0 508.0 1054.0 508.0 1058.0 504.0 1060.0 504.0 1062.0 502.0 1062.0 500.0 1066.0 496.0 1066.0 494.0 1068.0 492.0 1068.0 488.0 1070.0 486.0 1070.0 482.0 1072.0 480.0 1072.0 476.0 1074.0 474.0 1074.0 470.0 1076.0 468.0 1076.0 466.0 1080.0 462.0 1080.0 460.0 1082.0 458.0 1090.0 458.0 1090.0 232.0 1084.0 232.0 1082.0 230.0 1082.0 220.0 1080.0 218.0 1080.0 198.0 1078.0 196.0 1078.0 148.0 1076.0 146.0 1076.0 134.0 1074.0 132.0 1074.0 130.0 1072.0 130.0 1070.0 128.0 1066.0 128.0 1064.0 126.0 1060.0 126.0 1058.0 124.0 1058.0 116.0 1056.0 114.0 1056.0 102.0 1054.0 100.0 1054.0 96.0 1052.0 94.0 1052.0 92.0 1050.0 90.0 1050.0 86.0 1048.0 84.0 1048.0 56.0 1046.0 54.0 1046.0 34.0 1044.0 32.0 1044.0 4.0 0.8153532147407532
1812.0 1464.0 1810.0 1466.0 1784.0 1466.0 1782.0 1468.0 1758.0 1468.0 1756.0 1470.0 1668.0 1470.0 1666.0 1468.0 1654.0 1468.0 1652.0 1466.0 1600.0 1466.0 1598.0 1468.0 1560.0 1468.0 1558.0 1466.0 1532.0 1466.0 1530.0 1468.0 1520.0 1468.0 1518.0 1470.0 1514.0 1470.0 1512.0 1472.0 1508.0 1472.0 1506.0 1474.0 1504.0 1474.0 1502.0 1476.0 1500.0 1476.0 1496.0 1480.0 1494.0 1480.0 1492.0 1482.0 1488.0 1482.0 1486.0 1484.0 1470.0 1484.0 1468.0 1482.0 1444.0 1482.0 1444.0 1746.0 1516.0 1746.0 1516.0 1740.0 1518.0 1738.0 1538.0 1738.0 1540.0 1736.0 1612.0 1736.0 1614.0 1734.0 1624.0 1734.0 1626.0 1732.0 1634.0 1732.0 1636.0 1730.0 1642.0 1730.0 1644.0 1728.0 1648.0 1728.0 1650.0 1726.0 1654.0 1726.0 1656.0 1724.0 1662.0 1724.0 1664.0 1722.0 1738.0 1722.0 1740.0 1720.0 1750.0 1720.0 1752.0 1718.0 1756.0 1718.0 1758.0 1716.0 1760.0 1716.0 1768.0 1708.0 1768.0 1706.0 1772.0 1702.0 1784.0 1702.0 1786.0 1700.0 1788.0 1702.0 1794.0 1702.0 1796.0 1700.0 1798.0 1700.0 1800.0 1698.0 1802.0 1698.0 1802.0 1696.0 1804.0 1694.0 1804.0 1690.0 1806.0 1688.0 1806.0 1682.0 1808.0 1680.0 1808.0 1674.0 1810.0 1672.0 1810.0 1666.0 1812.0 1664.0 1812.0 1652.0 1814.0 1650.0 1814.0 1642.0 1816.0 1640.0 1816.0 1632.0 1818.0 1630.0 1818.0 1620.0 1820.0 1618.0 1820.0 1606.0 1822.0 1604.0 1822.0 1594.0 1824.0 1592.0 1824.0 1588.0 1826.0 1586.0 1826.0 1576.0 1828.0 1574.0 1828.0 1560.0 1830.0 1558.0 1830.0 1550.0 1832.0 1548.0 1832.0 1544.0 1834.0 1542.0 1834.0 1536.0 1836.0 1534.0 1836.0 1520.0 1838.0 1518.0 1838.0 1506.0 1840.0 1504.0 1840.0 1496.0 1844.0 1492.0 1850.0 1492.0 1850.0 1470.0 1844.0 1470.0 1840.0 1466.0 1836.0 1466.0 1834.0 1464.0 0.8101266026496887
914.0 1372.0 914.0 1378.0 910.0 1382.0 906.0 1382.0 904.0 1384.0 900.0 1384.0 898.0 1386.0 896.0 1386.0 894.0 1388.0 892.0 1388.0 890.0 1390.0 888.0 1390.0 880.0 1398.0 874.0 1398.0 872.0 1396.0 868.0 1396.0 866.0 1394.0 864.0 1394.0 862.0 1392.0 860.0 1392.0 858.0 1390.0 856.0 1390.0 852.0 1386.0 844.0 1386.0 844.0 1654.0 852.0 1654.0 856.0 1658.0 862.0 1658.0 864.0 1660.0 868.0 1660.0 870.0 1658.0 876.0 1658.0 878.0 1656.0 884.0 1656.0 886.0 1654.0 890.0 1654.0 892.0 1652.0 906.0 1652.0 908.0 1654.0 918.0 1654.0 920.0 1656.0 944.0 1656.0 946.0 1658.0 956.0 1658.0 958.0 1656.0 964.0 1656.0 968.0 1652.0 970.0 1652.0 972.0 1650.0 974.0 1650.0 976.0 1648.0 978.0 1648.0 980.0 1646.0 982.0 1646.0 984.0 1644.0 986.0 1644.0 988.0 1642.0 992.0 1642.0 994.0 1640.0 1002.0 1640.0 1004.0 1638.0 1028.0 1638.0 1030.0 1636.0 1038.0 1636.0 1040.0 1634.0 1062.0 1634.0 1064.0 1632.0 1068.0 1632.0 1070.0 1630.0 1072.0 1630.0 1072.0 1616.0 1074.0 1614.0 1074.0 1606.0 1076.0 1604.0 1076.0 1586.0 1074.0 1584.0 1074.0 1568.0 1072.0 1566.0 1072.0 1552.0 1074.0 1550.0 1074.0 1546.0 1076.0 1544.0 1078.0 1546.0 1078.0 1548.0 1080.0 1550.0 1082.0 1550.0 1086.0 1554.0 1086.0 1558.0 1088.0 1560.0 1088.0 1572.0 1090.0 1574.0 1090.0 1578.0 1092.0 1580.0 1092.0 1586.0 1094.0 1588.0 1094.0 1594.0 1096.0 1596.0 1096.0 1600.0 1098.0 1602.0 1098.0 1606.0 1104.0 1612.0 1108.0 1612.0 1110.0 1614.0 1114.0 1614.0 1116.0 1616.0 1122.0 1616.0 1124.0 1618.0 1126.0 1618.0 1130.0 1622.0 1138.0 1622.0 1140.0 1624.0 1154.0 1624.0 1156.0 1626.0 1166.0 1626.0 1168.0 1624.0 1196.0 1624.0 1200.0 1628.0 1200.0 1630.0 1202.0 1632.0 1202.0 1638.0 1198.0 1642.0 1194.0 1642.0 1192.0 1640.0 1188.0 1640.0 1186.0 1638.0 1176.0 1638.0 1174.0 1640.0 1168.0 1640.0 1166.0 1638.0 1158.0 1638.0 1156.0 1640.0 1136.0 1640.0 1134.0 1638.0 1120.0 1638.0 1118.0 1636.0 1112.0 1636.0 1110.0 1638.0 1108.0 1638.0 1106.0 1640.0 1104.0 1640.0 1102.0 1642.0 1100.0 1642.0 1098.0 1644.0 1098.0 1648.0 1092.0 1654.0 1090.0 1654.0 1088.0 1652.0 1086.0 1652.0 1084.0 1650.0 1082.0 1650.0 1080.0 1648.0 1074.0 1648.0 1072.0 1650.0 1070.0 1650.0 1068.0 1652.0 1068.0 1656.0 1070.0 1658.0 1066.0 1662.0 1066.0 1664.0 1062.0 1668.0 1050.0 1668.0 1048.0 1670.0 1046.0 1670.0 1044.0 1672.0 1042.0 1672.0 1040.0 1674.0 1034.0 1674.0 1028.0 1680.0 1024.0 1680.0 1022.0 1678.0 1020.0 1678.0 1016.0 1674.0 1014.0 1674.0 1012.0 1672.0 1010.0 1672.0 1008.0 1670.0 1000.0 1670.0 998.0 1668.0 988.0 1668.0 986.0 1666.0 974.0 1666.0 972.0 1664.0 966.0 1664.0 964.0 1662.0 948.0 1662.0 948.0 1664.0 946.0 1666.0 946.0 1668.0 944.0 1670.0 942.0 1670.0 938.0 1674.0 934.0 1674.0 932.0 1676.0 928.0 1676.0 926.0 1678.0 924.0 1678.0 918.0 1684.0 918.0 1700.0 916.0 1702.0 906.0 1702.0 906.0 1704.0 904.0 1706.0 904.0 1710.0 902.0 1712.0 902.0 1716.0 900.0 1718.0 900.0 1724.0 898.0 1726.0 898.0 1738.0 1204.0 1738.0 1204.0 1728.0 1206.0 1726.0 1206.0 1702.0 1208.0 1700.0 1208.0 1696.0 1212.0 1692.0 1214.0 1692.0 1216.0 1694.0 1220.0 1694.0 1222.0 1696.0 1228.0 1696.0 1232.0 1700.0 1234.0 1700.0 1242.0 1708.0 1244.0 1708.0 1246.0 1710.0 1248.0 1710.0 1250.0 1712.0 1254.0 1712.0 1256.0 1714.0 1260.0 1714.0 1262.0 1716.0 1268.0 1716.0 1270.0 1718.0 1276.0 1718.0 1278.0 1720.0 1282.0 1720.0 1284.0 1722.0 1288.0 1722.0 1290.0 1724.0 1294.0 1724.0 1296.0 1726.0 1310.0 1726.0 1312.0 1724.0 1318.0 1724.0 1320.0 1722.0 1334.0 1722.0 1336.0 1720.0 1344.0 1720.0 1346.0 1718.0 1352.0 1718.0 1354.0 1716.0 1356.0 1716.0 1358.0 1714.0 1360.0 1714.0 1366.0 1708.0 1366.0 1706.0 1368.0 1704.0 1368.0 1702.0 1370.0 1700.0 1378.0 1700.0 1378.0 1630.0 1372.0 1630.0 1370.0 1628.0 1370.0 1622.0 1368.0 1620.0 1368.0 1610.0 1366.0 1608.0 1366.0 1592.0 1364.0 1590.0 1364.0 1578.0 1362.0 1576.0 1362.0 1566.0 1360.0 1564.0 1360.0 1520.0 1358.0 1518.0 1358.0 1512.0 1360.0 1510.0 1360.0 1462.0 1362.0 1460.0 1362.0 1446.0 1364.0 1444.0 1364.0 1426.0 1362.0 1424.0 1362.0 1414.0 1360.0 1412.0 1360.0 1406.0 1358.0 1404.0 1358.0 1400.0 1356.0 1398.0 1356.0 1396.0 1354.0 1394.0 1354.0 1392.0 1352.0 1390.0 1352.0 1388.0 1350.0 1386.0 1350.0 1384.0 1344.0 1378.0 1344.0 1372.0 1322.0 1372.0 1322.0 1378.0 1320.0 1380.0 1318.0 1380.0 1316.0 1382.0 1308.0 1382.0 1302.0 1388.0 1300.0 1388.0 1298.0 1390.0 1288.0 1390.0 1286.0 1388.0 1280.0 1388.0 1278.0 1386.0 1272.0 1386.0 1270.0 1384.0 1258.0 1384.0 1256.0 1382.0 1242.0 1382.0 1238.0 1378.0 1238.0 1372.0 1210.0 1372.0 1210.0 1378.0 1208.0 1380.0 1206.0 1380.0 1204.0 1382.0 1190.0 1382.0 1188.0 1384.0 1154.0 1384.0 1152.0 1386.0 1128.0 1386.0 1126.0 1384.0 1114.0 1384.0 1112.0 1382.0 1100.0 1382.0 1098.0 1384.0 1082.0 1384.0 1080.0 1382.0 1078.0 1382.0 1076.0 1380.0 1074.0 1380.0 1072.0 1378.0 1072.0 1372.0 0.7527951002120972
1324.0 4.0 1324.0 70.0 1332.0 70.0 1338.0 76.0 1342.0 76.0 1350.0 84.0 1350.0 120.0 1352.0 122.0 1352.0 146.0 1354.0 148.0 1354.0 160.0 1356.0 162.0 1356.0 166.0 1358.0 168.0 1358.0 172.0 1360.0 174.0 1360.0 180.0 1362.0 182.0 1362.0 188.0 1364.0 190.0 1364.0 194.0 1366.0 196.0 1366.0 202.0 1368.0 204.0 1368.0 214.0 1366.0 216.0 1366.0 230.0 1364.0 232.0 1364.0 236.0 1366.0 238.0 1366.0 242.0 1368.0 244.0 1368.0 254.0 1370.0 256.0 1370.0 266.0 1426.0 266.0 1426.0 260.0 1428.0 258.0 1432.0 258.0 1434.0 256.0 1446.0 256.0 1448.0 254.0 1460.0 254.0 1462.0 252.0 1474.0 252.0 1476.0 250.0 1488.0 250.0 1490.0 248.0 1508.0 248.0 1510.0 246.0 1526.0 246.0 1528.0 244.0 1544.0 244.0 1546.0 242.0 1554.0 242.0 1556.0 240.0 1558.0 240.0 1562.0 236.0 1564.0 236.0 1568.0 232.0 1568.0 230.0 1580.0 218.0 1582.0 218.0 1584.0 216.0 1586.0 216.0 1596.0 206.0 1596.0 204.0 1598.0 202.0 1598.0 198.0 1600.0 196.0 1600.0 192.0 1602.0 190.0 1602.0 184.0 1604.0 182.0 1604.0 158.0 1606.0 156.0 1606.0 152.0 1608.0 150.0 1608.0 148.0 1612.0 144.0 1614.0 144.0 1616.0 142.0 1618.0 142.0 1620.0 140.0 1626.0 140.0 1626.0 76.0 1620.0 76.0 1618.0 74.0 1618.0 68.0 1616.0 66.0 1616.0 58.0 1614.0 56.0 1614.0 48.0 1612.0 46.0 1612.0 4.0 0.7516897320747375
1036.0 1776.0 1034.0 1778.0 1030.0 1778.0 1028.0 1780.0 1024.0 1780.0 1022.0 1782.0 1020.0 1782.0 1018.0 1784.0 1012.0 1784.0 1010.0 1786.0 1010.0 1788.0 1006.0 1792.0 1006.0 1794.0 1004.0 1796.0 1002.0 1796.0 1000.0 1798.0 992.0 1798.0 990.0 1800.0 936.0 1800.0 934.0 1802.0 918.0 1802.0 916.0 1804.0 910.0 1804.0 908.0 1806.0 898.0 1806.0 896.0 1808.0 892.0 1808.0 876.0 1824.0 868.0 1824.0 868.0 1914.0 874.0 1914.0 876.0 1916.0 876.0 1918.0 878.0 1920.0 878.0 1924.0 880.0 1926.0 880.0 1928.0 882.0 1930.0 882.0 1932.0 884.0 1934.0 886.0 1934.0 888.0 1936.0 890.0 1936.0 892.0 1938.0 890.0 1940.0 882.0 1940.0 880.0 1942.0 878.0 1942.0 876.0 1944.0 868.0 1944.0 868.0 2046.0 1426.0 2046.0 1426.0 2042.0 1432.0 2036.0 1432.0 2034.0 1434.0 2032.0 1442.0 2032.0 1442.0 1958.0 1436.0 1958.0 1434.0 1956.0 1434.0 1950.0 1432.0 1948.0 1432.0 1892.0 1434.0 1890.0 1434.0 1888.0 1436.0 1886.0 1442.0 1886.0 1442.0 1868.0 1436.0 1868.0 1434.0 1866.0 1434.0 1864.0 1432.0 1862.0 1432.0 1838.0 1430.0 1836.0 1430.0 1828.0 1428.0 1826.0 1428.0 1820.0 1426.0 1818.0 1426.0 1814.0 1424.0 1812.0 1424.0 1808.0 1422.0 1806.0 1422.0 1804.0 1414.0 1796.0 1414.0 1794.0 1410.0 1790.0 1410.0 1788.0 1404.0 1782.0 1400.0 1782.0 1398.0 1784.0 1392.0 1784.0 1390.0 1786.0 1384.0 1786.0 1382.0 1788.0 1374.0 1788.0 1372.0 1790.0 1362.0 1790.0 1360.0 1792.0 1346.0 1792.0 1344.0 1794.0 1296.0 1794.0 1294.0 1796.0 1280.0 1796.0 1278.0 1798.0 1272.0 1798.0 1270.0 1800.0 1264.0 1800.0 1262.0 1802.0 1258.0 1802.0 1256.0 1804.0 1210.0 1804.0 1208.0 1806.0 1198.0 1806.0 1196.0 1804.0 1172.0 1804.0 1170.0 1802.0 1120.0 1802.0 1118.0 1800.0 1112.0 1800.0 1110.0 1798.0 1106.0 1798.0 1104.0 1796.0 1098.0 1796.0 1096.0 1794.0 1092.0 1794.0 1090.0 1792.0 1086.0 1792.0 1084.0 1790.0 1080.0 1790.0 1076.0 1786.0 1074.0 1786.0 1072.0 1784.0 1068.0 1784.0 1066.0 1782.0 1062.0 1782.0 1060.0 1780.0 1058.0 1780.0 1056.0 1778.0 1054.0 1778.0 1052.0 1776.0 0.726107656955719
4.0 0.0 4.0 530.0 172.0 530.0 172.0 506.0 170.0 504.0 170.0 502.0 168.0 500.0 168.0 498.0 166.0 496.0 166.0 490.0 162.0 486.0 162.0 482.0 160.0 480.0 160.0 474.0 158.0 472.0 158.0 446.0 160.0 444.0 160.0 442.0 170.0 432.0 170.0 426.0 172.0 424.0 172.0 410.0 170.0 408.0 170.0 400.0 168.0 398.0 168.0 370.0 170.0 368.0 170.0 364.0 172.0 362.0 172.0 358.0 174.0 356.0 174.0 316.0 176.0 314.0 176.0 218.0 174.0 216.0 174.0 188.0 172.0 186.0 172.0 138.0 170.0 136.0 170.0 84.0 168.0 82.0 168.0 36.0 166.0 34.0 166.0 0.0 0.6970592141151428
836.0 988.0 836.0 1334.0 842.0 1334.0 846.0 1338.0 846.0 1342.0 848.0 1344.0 848.0 1348.0 850.0 1350.0 850.0 1352.0 852.0 1354.0 852.0 1362.0 882.0 1362.0 882.0 1356.0 884.0 1354.0 888.0 1354.0 890.0 1352.0 922.0 1352.0 924.0 1354.0 940.0 1354.0 942.0 1352.0 972.0 1352.0 974.0 1350.0 980.0 1350.0 982.0 1348.0 986.0 1348.0 988.0 1346.0 990.0 1346.0 992.0 1344.0 998.0 1344.0 1000.0 1342.0 1004.0 1342.0 1006.0 1340.0 1010.0 1340.0 1012.0 1338.0 1016.0 1338.0 1018.0 1336.0 1022.0 1336.0 1024.0 1334.0 1026.0 1334.0 1028.0 1332.0 1034.0 1332.0 1036.0 1334.0 1038.0 1334.0 1042.0 1338.0 1044.0 1338.0 1046.0 1340.0 1050.0 1340.0 1052.0 1342.0 1062.0 1342.0 1064.0 1344.0 1112.0 1344.0 1114.0 1342.0 1124.0 1342.0 1126.0 1340.0 1130.0 1340.0 1132.0 1338.0 1138.0 1338.0 1140.0 1336.0 1160.0 1336.0 1162.0 1334.0 1186.0 1334.0 1188.0 1332.0 1202.0 1332.0 1204.0 1330.0 1214.0 1330.0 1216.0 1332.0 1266.0 1332.0 1268.0 1334.0 1288.0 1334.0 1290.0 1336.0 1328.0 1336.0 1330.0 1334.0 1336.0 1334.0 1338.0 1332.0 1340.0 1332.0 1342.0 1330.0 1344.0 1330.0 1346.0 1328.0 1350.0 1328.0 1352.0 1326.0 1354.0 1326.0 1356.0 1324.0 1362.0 1324.0 1370.0 1316.0 1370.0 1314.0 1372.0 1312.0 1378.0 1312.0 1378.0 1284.0 1372.0 1284.0 1370.0 1282.0 1370.0 1274.0 1368.0 1272.0 1368.0 1252.0 1366.0 1250.0 1366.0 1210.0 1364.0 1208.0 1364.0 1152.0 1362.0 1150.0 1362.0 1130.0 1360.0 1128.0 1360.0 1114.0 1358.0 1112.0 1358.0 1094.0 1356.0 1092.0 1356.0 1076.0 1354.0 1074.0 1354.0 1044.0 1352.0 1042.0 1352.0 1036.0 1350.0 1034.0 1350.0 1032.0 1348.0 1030.0 1348.0 1026.0 1346.0 1024.0 1346.0 996.0 1344.0 994.0 1344.0 988.0 1334.0 988.0 1334.0 996.0 1328.0 1002.0 1328.0 1004.0 1318.0 1014.0 1304.0 1014.0 1302.0 1012.0 1300.0 1012.0 1292.0 1004.0 1292.0 1002.0 1290.0 1000.0 1286.0 1000.0 1284.0 998.0 1246.0 998.0 1244.0 1000.0 1214.0 1000.0 1212.0 998.0 1210.0 998.0 1208.0 1000.0 1180.0 1000.0 1178.0 998.0 1172.0 998.0 1170.0 996.0 1168.0 996.0 1166.0 994.0 1166.0 988.0 1048.0 988.0 1048.0 994.0 1046.0 996.0 1044.0 996.0 1042.0 998.0 1028.0 998.0 1026.0 996.0 1024.0 996.0 1022.0 994.0 1022.0 988.0 0.684184730052948
1016.0 516.0 1016.0 522.0 1014.0 524.0 1006.0 524.0 1004.0 526.0 988.0 526.0 986.0 528.0 916.0 528.0 914.0 530.0 902.0 530.0 900.0 532.0 874.0 532.0 872.0 534.0 836.0 534.0 834.0 536.0 824.0 536.0 822.0 538.0 812.0 538.0 812.0 908.0 818.0 908.0 820.0 910.0 820.0 920.0 822.0 922.0 822.0 940.0 824.0 942.0 824.0 966.0 826.0 968.0 826.0 982.0 828.0 984.0 828.0 1002.0 830.0 1004.0 830.0 1008.0 832.0 1010.0 832.0 1012.0 834.0 1014.0 834.0 1018.0 836.0 1020.0 836.0 1022.0 838.0 1024.0 838.0 1028.0 840.0 1030.0 840.0 1046.0 838.0 1048.0 838.0 1060.0 836.0 1062.0 836.0 1094.0 834.0 1096.0 834.0 1154.0 836.0 1156.0 836.0 1182.0 834.0 1184.0 834.0 1196.0 836.0 1198.0 836.0 1208.0 838.0 1210.0 838.0 1220.0 840.0 1222.0 840.0 1242.0 838.0 1244.0 838.0 1312.0 840.0 1314.0 840.0 1322.0 842.0 1324.0 842.0 1330.0 844.0 1332.0 844.0 1338.0 846.0 1340.0 846.0 1344.0 848.0 1346.0 848.0 1350.0 852.0 1354.0 854.0 1354.0 856.0 1356.0 876.0 1356.0 878.0 1354.0 888.0 1354.0 890.0 1352.0 978.0 1352.0 980.0 1350.0 990.0 1350.0 992.0 1348.0 994.0 1348.0 996.0 1346.0 998.0 1346.0 1000.0 1344.0 1004.0 1344.0 1006.0 1342.0 1010.0 1342.0 1012.0 1340.0 1014.0 1340.0 1016.0 1338.0 1020.0 1338.0 1022.0 1336.0 1038.0 1336.0 1040.0 1338.0 1044.0 1338.0 1046.0 1340.0 1052.0 1340.0 1054.0 1342.0 1066.0 1342.0 1068.0 1344.0 1114.0 1344.0 1116.0 1342.0 1126.0 1342.0 1128.0 1340.0 1132.0 1340.0 1134.0 1338.0 1140.0 1338.0 1142.0 1336.0 1160.0 1336.0 1162.0 1334.0 1188.0 1334.0 1190.0 1332.0 1242.0 1332.0 1244.0 1334.0 1270.0 1334.0 1272.0 1336.0 1282.0 1336.0 1284.0 1338.0 1288.0 1338.0 1292.0 1342.0 1296.0 1342.0 1298.0 1340.0 1300.0 1342.0 1324.0 1342.0 1328.0 1338.0 1332.0 1338.0 1334.0 1336.0 1338.0 1336.0 1340.0 1334.0 1342.0 1334.0 1346.0 1330.0 1354.0 1330.0 1354.0 990.0 1346.0 990.0 1344.0 988.0 1344.0 986.0 1342.0 984.0 1340.0 984.0 1338.0 982.0 1324.0 982.0 1322.0 980.0 1322.0 978.0 1324.0 976.0 1324.0 970.0 1326.0 968.0 1326.0 942.0 1328.0 940.0 1328.0 868.0 1326.0 866.0 1326.0 810.0 1324.0 808.0 1324.0 762.0 1322.0 760.0 1322.0 736.0 1324.0 734.0 1324.0 712.0 1326.0 710.0 1326.0 704.0 1328.0 702.0 1328.0 696.0 1330.0 694.0 1334.0 698.0 1334.0 702.0 1336.0 704.0 1336.0 706.0 1338.0 708.0 1340.0 708.0 1342.0 710.0 1346.0 710.0 1348.0 712.0 1354.0 712.0 1354.0 540.0 1348.0 540.0 1340.0 548.0 1340.0 550.0 1336.0 554.0 1336.0 572.0 1338.0 574.0 1338.0 576.0 1340.0 578.0 1340.0 588.0 1338.0 590.0 1338.0 592.0 1336.0 594.0 1336.0 596.0 1334.0 598.0 1334.0 600.0 1332.0 602.0 1326.0 602.0 1324.0 600.0 1324.0 598.0 1322.0 596.0 1322.0 570.0 1320.0 568.0 1320.0 554.0 1318.0 552.0 1318.0 540.0 1316.0 538.0 1316.0 534.0 1314.0 532.0 1314.0 530.0 1306.0 522.0 1306.0 516.0 1202.0 516.0 1202.0 522.0 1200.0 524.0 1192.0 524.0 1190.0 526.0 1106.0 526.0 1104.0 524.0 1102.0 524.0 1100.0 522.0 1100.0 516.0 0.5388725996017456
