828.0 1548.0 828.0 1554.0 826.0 1556.0 820.0 1556.0 818.0 1558.0 810.0 1558.0 808.0 1560.0 802.0 1560.0 800.0 1562.0 796.0 1562.0 794.0 1564.0 782.0 1564.0 780.0 1566.0 762.0 1566.0 760.0 1568.0 758.0 1568.0 756.0 1570.0 756.0 1572.0 754.0 1574.0 754.0 1600.0 756.0 1602.0 756.0 1628.0 752.0 1632.0 752.0 1634.0 750.0 1636.0 748.0 1636.0 746.0 1638.0 744.0 1638.0 742.0 1640.0 740.0 1640.0 738.0 1642.0 734.0 1642.0 732.0 1644.0 706.0 1644.0 704.0 1646.0 670.0 1646.0 668.0 1648.0 640.0 1648.0 638.0 1650.0 628.0 1650.0 626.0 1652.0 620.0 1652.0 618.0 1654.0 608.0 1654.0 606.0 1656.0 592.0 1656.0 590.0 1658.0 582.0 1658.0 580.0 1660.0 574.0 1660.0 572.0 1662.0 566.0 1662.0 564.0 1664.0 560.0 1664.0 558.0 1666.0 554.0 1666.0 552.0 1668.0 544.0 1668.0 542.0 1670.0 526.0 1670.0 524.0 1672.0 518.0 1672.0 516.0 1674.0 512.0 1674.0 510.0 1676.0 506.0 1676.0 504.0 1678.0 502.0 1678.0 500.0 1680.0 492.0 1680.0 492.0 1862.0 498.0 1862.0 500.0 1864.0 500.0 1866.0 502.0 1868.0 502.0 1872.0 504.0 1874.0 504.0 1876.0 506.0 1878.0 506.0 1880.0 508.0 1882.0 508.0 1884.0 510.0 1886.0 510.0 1888.0 512.0 1890.0 512.0 1892.0 534.0 1914.0 536.0 1914.0 540.0 1918.0 542.0 1918.0 546.0 1922.0 550.0 1922.0 552.0 1924.0 568.0 1924.0 570.0 1926.0 588.0 1926.0 590.0 1928.0 614.0 1928.0 616.0 1926.0 618.0 1926.0 620.0 1924.0 622.0 1924.0 624.0 1922.0 626.0 1922.0 628.0 1920.0 646.0 1920.0 648.0 1922.0 650.0 1922.0 658.0 1930.0 660.0 1930.0 662.0 1932.0 664.0 1932.0 666.0 1934.0 672.0 1934.0 674.0 1936.0 714.0 1936.0 716.0 1934.0 728.0 1934.0 730.0 1932.0 734.0 1932.0 738.0 1928.0 740.0 1928.0 742.0 1926.0 744.0 1926.0 748.0 1922.0 752.0 1922.0 754.0 1920.0 766.0 1920.0 768.0 1922.0 770.0 1922.0 772.0 1924.0 774.0 1924.0 778.0 1928.0 780.0 1928.0 782.0 1930.0 784.0 1930.0 786.0 1932.0 794.0 1932.0 796.0 1934.0 810.0 1934.0 812.0 1936.0 842.0 1936.0 844.0 1938.0 850.0 1938.0 852.0 1940.0 854.0 1940.0 856.0 1942.0 858.0 1942.0 862.0 1946.0 864.0 1946.0 866.0 1948.0 870.0 1948.0 872.0 1950.0 884.0 1950.0 886.0 1952.0 910.0 1952.0 912.0 1954.0 916.0 1954.0 918.0 1956.0 918.0 1962.0 954.0 1962.0 954.0 1956.0 956.0 1954.0 962.0 1954.0 964.0 1952.0 972.0 1952.0 974.0 1950.0 980.0 1950.0 982.0 1948.0 986.0 1948.0 988.0 1946.0 992.0 1946.0 994.0 1944.0 1000.0 1944.0 1002.0 1942.0 1008.0 1942.0 1010.0 1940.0 1018.0 1940.0 1020.0 1938.0 1024.0 1938.0 1026.0 1936.0 1030.0 1936.0 1032.0 1934.0 1036.0 1934.0 1038.0 1932.0 1040.0 1932.0 1042.0 1930.0 1044.0 1930.0 1052.0 1922.0 1052.0 1920.0 1054.0 1918.0 1054.0 1916.0 1056.0 1914.0 1056.0 1912.0 1060.0 1908.0 1060.0 1906.0 1062.0 1904.0 1062.0 1902.0 1068.0 1896.0 1068.0 1894.0 1070.0 1892.0 1070.0 1890.0 1076.0 1884.0 1082.0 1884.0 1082.0 1860.0 1076.0 1860.0 1072.0 1856.0 1072.0 1848.0 1070.0 1846.0 1070.0 1838.0 1068.0 1836.0 1068.0 1826.0 1066.0 1824.0 1066.0 1816.0 1064.0 1814.0 1064.0 1810.0 1062.0 1808.0 1062.0 1804.0 1060.0 1802.0 1060.0 1800.0 1058.0 1798.0 1058.0 1794.0 1054.0 1790.0 1054.0 1788.0 1052.0 1786.0 1052.0 1784.0 1042.0 1774.0 1040.0 1774.0 1032.0 1766.0 1032.0 1762.0 1030.0 1760.0 1030.0 1754.0 1028.0 1752.0 1028.0 1744.0 1026.0 1742.0 1026.0 1728.0 1024.0 1726.0 1024.0 1708.0 1022.0 1706.0 1022.0 1704.0 1024.0 1702.0 1024.0 1690.0 1026.0 1688.0 1026.0 1686.0 1030.0 1682.0 1030.0 1680.0 1032.0 1678.0 1032.0 1676.0 1034.0 1674.0 1034.0 1672.0 1036.0 1670.0 1036.0 1662.0 1038.0 1660.0 1038.0 1638.0 1040.0 1636.0 1038.0 1634.0 1038.0 1622.0 1036.0 1620.0 1036.0 1614.0 1034.0 1612.0 1034.0 1610.0 1032.0 1608.0 1032.0 1606.0 1030.0 1604.0 1030.0 1602.0 1028.0 1600.0 1028.0 1598.0 1026.0 1596.0 1026.0 1592.0 1024.0 1590.0 1024.0 1588.0 1022.0 1586.0 1022.0 1582.0 1020.0 1580.0 1020.0 1578.0 1010.0 1568.0 1008.0 1568.0 1006.0 1566.0 994.0 1566.0 992.0 1564.0 982.0 1564.0 980.0 1562.0 974.0 1562.0 972.0 1560.0 964.0 1560.0 962.0 1558.0 940.0 1558.0 938.0 1560.0 930.0 1560.0 928.0 1562.0 920.0 1562.0 918.0 1560.0 916.0 1560.0 912.0 1556.0 912.0 1548.0 0.9771589636802673
86.0 1580.0 86.0 1586.0 84.0 1588.0 82.0 1588.0 80.0 1590.0 78.0 1590.0 76.0 1592.0 68.0 1592.0 68.0 1730.0 74.0 1730.0 76.0 1732.0 76.0 1734.0 78.0 1736.0 78.0 1774.0 80.0 1776.0 80.0 1816.0 82.0 1818.0 82.0 1844.0 84.0 1846.0 84.0 1882.0 86.0 1884.0 86.0 1906.0 88.0 1908.0 88.0 1940.0 86.0 1942.0 86.0 1946.0 84.0 1948.0 84.0 1950.0 82.0 1952.0 82.0 1954.0 80.0 1956.0 80.0 1970.0 82.0 1972.0 82.0 1974.0 84.0 1976.0 84.0 1978.0 86.0 1980.0 86.0 1982.0 88.0 1984.0 88.0 1988.0 90.0 1990.0 90.0 1998.0 88.0 2000.0 88.0 2018.0 90.0 2020.0 90.0 2026.0 92.0 2028.0 92.0 2030.0 94.0 2032.0 94.0 2034.0 96.0 2036.0 96.0 2038.0 98.0 2040.0 98.0 2042.0 100.0 2044.0 100.0 2046.0 494.0 2046.0 494.0 2032.0 492.0 2030.0 492.0 2026.0 490.0 2024.0 490.0 2022.0 488.0 2020.0 488.0 2018.0 486.0 2016.0 486.0 2012.0 484.0 2010.0 484.0 2004.0 482.0 2002.0 482.0 1996.0 480.0 1994.0 480.0 1988.0 478.0 1986.0 478.0 1980.0 476.0 1978.0 476.0 1974.0 474.0 1972.0 474.0 1968.0 472.0 1966.0 472.0 1950.0 474.0 1948.0 474.0 1936.0 476.0 1934.0 476.0 1928.0 474.0 1926.0 474.0 1910.0 472.0 1908.0 472.0 1892.0 470.0 1890.0 470.0 1888.0 468.0 1886.0 468.0 1884.0 460.0 1876.0 456.0 1876.0 454.0 1874.0 446.0 1874.0 444.0 1872.0 436.0 1872.0 434.0 1870.0 430.0 1870.0 426.0 1866.0 428.0 1864.0 430.0 1864.0 444.0 1850.0 444.0 1816.0 442.0 1814.0 442.0 1802.0 440.0 1800.0 440.0 1790.0 438.0 1788.0 438.0 1776.0 436.0 1774.0 436.0 1730.0 434.0 1728.0 434.0 1722.0 432.0 1720.0 432.0 1718.0 430.0 1716.0 430.0 1714.0 428.0 1712.0 428.0 1704.0 426.0 1702.0 426.0 1684.0 424.0 1682.0 424.0 1662.0 422.0 1660.0 422.0 1640.0 420.0 1638.0 420.0 1624.0 418.0 1622.0 418.0 1614.0 416.0 1612.0 416.0 1580.0 360.0 1580.0 360.0 1586.0 358.0 1588.0 356.0 1588.0 354.0 1590.0 320.0 1590.0 318.0 1588.0 308.0 1588.0 306.0 1586.0 306.0 1580.0 208.0 1580.0 208.0 1586.0 206.0 1588.0 174.0 1588.0 172.0 1586.0 172.0 1580.0 0.9607978463172913
1922.0 1212.0 1922.0 1218.0 1918.0 1222.0 1916.0 1222.0 1914.0 1224.0 1912.0 1224.0 1910.0 1226.0 1908.0 1226.0 1906.0 1228.0 1904.0 1228.0 1902.0 1230.0 1898.0 1230.0 1896.0 1232.0 1892.0 1232.0 1890.0 1234.0 1888.0 1234.0 1886.0 1236.0 1884.0 1236.0 1884.0 1238.0 1882.0 1240.0 1882.0 1242.0 1880.0 1244.0 1880.0 1294.0 1878.0 1296.0 1878.0 1300.0 1876.0 1302.0 1876.0 1304.0 1874.0 1306.0 1874.0 1310.0 1872.0 1312.0 1872.0 1316.0 1870.0 1318.0 1870.0 1322.0 1866.0 1326.0 1860.0 1326.0 1860.0 1382.0 1866.0 1382.0 1870.0 1386.0 1870.0 1388.0 1872.0 1390.0 1872.0 1392.0 1874.0 1394.0 1874.0 1398.0 1876.0 1400.0 1876.0 1402.0 1878.0 1404.0 1878.0 1406.0 1880.0 1408.0 1880.0 1412.0 1882.0 1414.0 1882.0 1418.0 1884.0 1420.0 1884.0 1434.0 1886.0 1436.0 1886.0 1442.0 1884.0 1444.0 1884.0 1460.0 1882.0 1462.0 1882.0 1470.0 1880.0 1472.0 1880.0 1476.0 1876.0 1480.0 1876.0 1484.0 1874.0 1486.0 1874.0 1496.0 1872.0 1498.0 1872.0 1516.0 1874.0 1518.0 1874.0 1524.0 1876.0 1526.0 1876.0 1528.0 1880.0 1528.0 1882.0 1530.0 1884.0 1530.0 1892.0 1538.0 1892.0 1540.0 1884.0 1548.0 1884.0 1550.0 1882.0 1552.0 1882.0 1566.0 1884.0 1568.0 1884.0 1574.0 1886.0 1576.0 1886.0 1582.0 1888.0 1584.0 1888.0 1594.0 1886.0 1596.0 1886.0 1604.0 1884.0 1606.0 1884.0 1616.0 1882.0 1618.0 1882.0 1624.0 1884.0 1626.0 1884.0 1650.0 1886.0 1652.0 1886.0 1662.0 1888.0 1664.0 1888.0 1670.0 1890.0 1672.0 1890.0 1678.0 1892.0 1680.0 1892.0 1684.0 1894.0 1686.0 1894.0 1688.0 1896.0 1690.0 1896.0 1692.0 1898.0 1694.0 1898.0 1696.0 1900.0 1698.0 1900.0 1704.0 1902.0 1706.0 1902.0 1722.0 1904.0 1724.0 1904.0 1736.0 1906.0 1738.0 1906.0 1742.0 1908.0 1744.0 1908.0 1746.0 1914.0 1752.0 1916.0 1752.0 1918.0 1754.0 1920.0 1754.0 1922.0 1756.0 1924.0 1756.0 1926.0 1758.0 1928.0 1758.0 1930.0 1760.0 1932.0 1760.0 1952.0 1780.0 1952.0 1786.0 2046.0 1786.0 2046.0 1222.0 2040.0 1222.0 2038.0 1224.0 2032.0 1224.0 2030.0 1226.0 2022.0 1226.0 2020.0 1228.0 2008.0 1228.0 2006.0 1226.0 1996.0 1226.0 1994.0 1224.0 1986.0 1224.0 1984.0 1222.0 1974.0 1222.0 1972.0 1220.0 1964.0 1220.0 1962.0 1218.0 1962.0 1212.0 0.930487871170044
146.0 268.0 146.0 274.0 144.0 276.0 136.0 276.0 134.0 278.0 116.0 278.0 114.0 280.0 96.0 280.0 94.0 282.0 78.0 282.0 76.0 284.0 66.0 284.0 64.0 286.0 56.0 286.0 54.0 288.0 44.0 288.0 42.0 290.0 30.0 290.0 28.0 292.0 4.0 292.0 4.0 902.0 12.0 902.0 14.0 900.0 22.0 900.0 24.0 898.0 36.0 898.0 38.0 896.0 50.0 896.0 52.0 894.0 70.0 894.0 72.0 892.0 86.0 892.0 88.0 890.0 96.0 890.0 98.0 888.0 116.0 888.0 118.0 890.0 122.0 890.0 124.0 892.0 128.0 892.0 130.0 894.0 134.0 894.0 136.0 896.0 144.0 896.0 146.0 898.0 180.0 898.0 182.0 896.0 196.0 896.0 198.0 894.0 214.0 894.0 216.0 892.0 248.0 892.0 250.0 890.0 262.0 890.0 264.0 888.0 270.0 888.0 272.0 886.0 274.0 886.0 276.0 884.0 282.0 884.0 282.0 830.0 276.0 830.0 274.0 828.0 274.0 818.0 272.0 816.0 272.0 800.0 270.0 798.0 270.0 792.0 268.0 790.0 268.0 784.0 266.0 782.0 266.0 772.0 264.0 770.0 264.0 740.0 262.0 738.0 262.0 724.0 260.0 722.0 260.0 712.0 258.0 710.0 258.0 694.0 256.0 692.0 256.0 656.0 254.0 654.0 254.0 636.0 252.0 634.0 252.0 618.0 250.0 616.0 250.0 606.0 248.0 604.0 248.0 598.0 246.0 596.0 246.0 590.0 244.0 588.0 244.0 580.0 242.0 578.0 242.0 570.0 240.0 568.0 240.0 552.0 238.0 550.0 238.0 538.0 236.0 536.0 236.0 534.0 234.0 532.0 234.0 530.0 232.0 528.0 232.0 526.0 230.0 524.0 230.0 522.0 232.0 520.0 232.0 514.0 234.0 512.0 234.0 440.0 232.0 438.0 232.0 410.0 234.0 408.0 234.0 406.0 238.0 402.0 238.0 400.0 240.0 398.0 240.0 396.0 242.0 394.0 242.0 390.0 244.0 388.0 244.0 336.0 242.0 334.0 242.0 320.0 240.0 318.0 240.0 310.0 238.0 308.0 238.0 298.0 236.0 296.0 236.0 282.0 234.0 280.0 234.0 278.0 232.0 276.0 232.0 268.0 0.9244887232780457
1884.0 1828.0 1884.0 1906.0 1890.0 1906.0 1892.0 1908.0 1892.0 1910.0 1894.0 1912.0 1894.0 1920.0 1896.0 1922.0 1896.0 1940.0 1898.0 1942.0 1898.0 1958.0 1900.0 1960.0 1900.0 1988.0 1902.0 1990.0 1902.0 2002.0 1904.0 2004.0 1904.0 2014.0 1906.0 2016.0 1906.0 2026.0 1908.0 2028.0 1908.0 2036.0 1910.0 2038.0 1910.0 2046.0 2046.0 2046.0 2046.0 1828.0 0.8909980654716492
516.0 1948.0 516.0 2000.0 522.0 2000.0 526.0 2004.0 526.0 2006.0 528.0 2008.0 528.0 2010.0 530.0 2012.0 530.0 2014.0 536.0 2020.0 536.0 2022.0 540.0 2026.0 540.0 2030.0 542.0 2032.0 542.0 2038.0 544.0 2040.0 544.0 2046.0 1090.0 2046.0 1090.0 1966.0 1080.0 1966.0 1078.0 1964.0 1072.0 1964.0 1070.0 1962.0 1066.0 1962.0 1064.0 1964.0 1056.0 1964.0 1054.0 1966.0 1040.0 1966.0 1038.0 1968.0 1022.0 1968.0 1020.0 1970.0 1000.0 1970.0 998.0 1972.0 984.0 1972.0 982.0 1974.0 966.0 1974.0 964.0 1976.0 944.0 1976.0 942.0 1974.0 936.0 1974.0 932.0 1970.0 928.0 1970.0 926.0 1968.0 914.0 1968.0 912.0 1966.0 902.0 1966.0 900.0 1968.0 876.0 1968.0 874.0 1970.0 864.0 1970.0 862.0 1972.0 856.0 1972.0 854.0 1974.0 840.0 1974.0 838.0 1976.0 818.0 1976.0 816.0 1974.0 814.0 1974.0 810.0 1970.0 810.0 1968.0 808.0 1966.0 808.0 1962.0 804.0 1958.0 802.0 1958.0 798.0 1954.0 798.0 1948.0 0.8599430918693542
1908.0 1220.0 1908.0 1226.0 1906.0 1228.0 1904.0 1228.0 1902.0 1230.0 1900.0 1230.0 1898.0 1232.0 1894.0 1232.0 1892.0 1234.0 1888.0 1234.0 1884.0 1238.0 1884.0 1240.0 1882.0 1242.0 1882.0 1246.0 1880.0 1248.0 1880.0 1270.0 1882.0 1272.0 1882.0 1286.0 1880.0 1288.0 1880.0 1296.0 1878.0 1298.0 1878.0 1300.0 1876.0 1302.0 1876.0 1306.0 1874.0 1308.0 1874.0 1312.0 1872.0 1314.0 1872.0 1318.0 1870.0 1320.0 1870.0 1322.0 1866.0 1326.0 1860.0 1326.0 1860.0 1382.0 1866.0 1382.0 1870.0 1386.0 1870.0 1388.0 1874.0 1392.0 1874.0 1396.0 1876.0 1398.0 1876.0 1402.0 1878.0 1404.0 1878.0 1406.0 1880.0 1408.0 1880.0 1412.0 1882.0 1414.0 1882.0 1418.0 1884.0 1420.0 1884.0 1432.0 1886.0 1434.0 1886.0 1444.0 1884.0 1446.0 1884.0 1460.0 1882.0 1462.0 1882.0 1470.0 1880.0 1472.0 1880.0 1478.0 1878.0 1480.0 1878.0 1482.0 1876.0 1484.0 1876.0 1490.0 1874.0 1492.0 1874.0 1502.0 1872.0 1504.0 1872.0 1514.0 1874.0 1516.0 1874.0 1522.0 1876.0 1524.0 1876.0 1526.0 1878.0 1528.0 1880.0 1528.0 1882.0 1530.0 1884.0 1530.0 1892.0 1538.0 1892.0 1540.0 1884.0 1548.0 1884.0 1552.0 1882.0 1554.0 1882.0 1566.0 1884.0 1568.0 1884.0 1574.0 1886.0 1576.0 1886.0 1584.0 1888.0 1586.0 1888.0 1590.0 1886.0 1592.0 1886.0 1604.0 1884.0 1606.0 1884.0 1640.0 1886.0 1642.0 1886.0 1656.0 1888.0 1658.0 1888.0 1666.0 1890.0 1668.0 1890.0 1676.0 1892.0 1678.0 1892.0 1682.0 1894.0 1684.0 1894.0 1688.0 1896.0 1690.0 1896.0 1692.0 1898.0 1694.0 1898.0 1696.0 1900.0 1698.0 1900.0 1704.0 1902.0 1706.0 1902.0 1720.0 1904.0 1722.0 1904.0 1734.0 1906.0 1736.0 1906.0 1742.0 1908.0 1744.0 1908.0 1746.0 1914.0 1752.0 1916.0 1752.0 1918.0 1754.0 1920.0 1754.0 1922.0 1756.0 1924.0 1756.0 1926.0 1758.0 1928.0 1758.0 1930.0 1760.0 1932.0 1760.0 1954.0 1782.0 1954.0 1784.0 1956.0 1784.0 1968.0 1796.0 1968.0 1798.0 1972.0 1802.0 1972.0 1804.0 1974.0 1804.0 1978.0 1808.0 1982.0 1808.0 1984.0 1810.0 1988.0 1810.0 1990.0 1812.0 1996.0 1812.0 1998.0 1814.0 2006.0 1814.0 2008.0 1816.0 2012.0 1816.0 2014.0 1814.0 2030.0 1814.0 2034.0 1818.0 2032.0 1820.0 2030.0 1820.0 2028.0 1822.0 2016.0 1822.0 2014.0 1824.0 2004.0 1824.0 2002.0 1826.0 2000.0 1826.0 1998.0 1828.0 1984.0 1828.0 1982.0 1830.0 1972.0 1830.0 1970.0 1832.0 1916.0 1832.0 1914.0 1834.0 1904.0 1834.0 1902.0 1836.0 1900.0 1836.0 1898.0 1838.0 1896.0 1838.0 1894.0 1840.0 1892.0 1840.0 1890.0 1842.0 1890.0 1846.0 1888.0 1848.0 1888.0 1876.0 1890.0 1878.0 1890.0 1890.0 1892.0 1892.0 1892.0 1906.0 1894.0 1908.0 1894.0 1916.0 1896.0 1918.0 1896.0 1930.0 1898.0 1932.0 1898.0 1950.0 1900.0 1952.0 1900.0 1978.0 1902.0 1980.0 1902.0 1996.0 1904.0 1998.0 1904.0 2008.0 1906.0 2010.0 1906.0 2020.0 1908.0 2022.0 1908.0 2032.0 1910.0 2034.0 1910.0 2040.0 1912.0 2042.0 1912.0 2046.0 2046.0 2046.0 2046.0 1220.0 0.7072562575340271
1652.0 436.0 1652.0 678.0 1658.0 678.0 1660.0 680.0 1660.0 682.0 1662.0 684.0 1662.0 688.0 1664.0 690.0 1664.0 694.0 1666.0 696.0 1666.0 704.0 1668.0 706.0 1668.0 714.0 1670.0 716.0 1670.0 724.0 1672.0 726.0 1672.0 736.0 1674.0 738.0 1674.0 752.0 1676.0 754.0 1676.0 782.0 1678.0 784.0 1678.0 802.0 1680.0 804.0 1680.0 824.0 1682.0 826.0 1682.0 838.0 1684.0 840.0 1684.0 898.0 1686.0 900.0 1686.0 914.0 1688.0 916.0 1688.0 942.0 1690.0 944.0 1690.0 976.0 1688.0 978.0 1690.0 980.0 1690.0 988.0 1692.0 990.0 1692.0 994.0 1694.0 996.0 1694.0 1000.0 1696.0 1002.0 1696.0 1036.0 1698.0 1038.0 1698.0 1044.0 1700.0 1046.0 1700.0 1060.0 1698.0 1062.0 1698.0 1070.0 1696.0 1072.0 1696.0 1078.0 1694.0 1080.0 1694.0 1104.0 1696.0 1106.0 1696.0 1114.0 1698.0 1116.0 1698.0 1122.0 1916.0 1122.0 1916.0 1116.0 1924.0 1108.0 1924.0 1106.0 1928.0 1102.0 1930.0 1102.0 1932.0 1100.0 1934.0 1100.0 1936.0 1098.0 1946.0 1098.0 1948.0 1096.0 1992.0 1096.0 1994.0 1098.0 1996.0 1098.0 1998.0 1096.0 2014.0 1096.0 2020.0 1102.0 2020.0 1108.0 2018.0 1110.0 2018.0 1122.0 2046.0 1122.0 2046.0 436.0 0.6855481266975403
4.0 4.0 4.0 202.0 18.0 202.0 18.0 196.0 20.0 194.0 52.0 194.0 54.0 192.0 98.0 192.0 100.0 190.0 116.0 190.0 118.0 192.0 188.0 192.0 190.0 190.0 202.0 190.0 204.0 188.0 206.0 188.0 208.0 186.0 210.0 186.0 216.0 180.0 218.0 180.0 220.0 178.0 226.0 178.0 226.0 134.0 220.0 134.0 218.0 132.0 218.0 112.0 216.0 110.0 216.0 98.0 218.0 96.0 218.0 82.0 220.0 80.0 226.0 80.0 226.0 4.0 0.6659060716629028
1660.0 644.0 1660.0 706.0 1666.0 706.0 1668.0 708.0 1668.0 712.0 1670.0 714.0 1670.0 722.0 1672.0 724.0 1672.0 732.0 1674.0 734.0 1674.0 748.0 1676.0 750.0 1676.0 774.0 1678.0 776.0 1678.0 796.0 1680.0 798.0 1680.0 812.0 1682.0 814.0 1682.0 830.0 1684.0 832.0 1684.0 846.0 1686.0 848.0 1686.0 858.0 1684.0 860.0 1684.0 894.0 1686.0 896.0 1686.0 910.0 1688.0 912.0 1688.0 938.0 1690.0 940.0 1690.0 952.0 1692.0 954.0 1692.0 966.0 1690.0 968.0 1690.0 986.0 1692.0 988.0 1692.0 992.0 1694.0 994.0 1694.0 998.0 1696.0 1000.0 1696.0 1032.0 1698.0 1034.0 1698.0 1040.0 1700.0 1042.0 1700.0 1068.0 1698.0 1070.0 1698.0 1122.0 1938.0 1122.0 1938.0 1114.0 1948.0 1104.0 1954.0 1104.0 1956.0 1102.0 1972.0 1102.0 1976.0 1106.0 1972.0 1110.0 1972.0 1112.0 1970.0 1114.0 1970.0 1122.0 2046.0 1122.0 2046.0 644.0 0.6239063739776611
1620.0 316.0 1620.0 458.0 1626.0 458.0 1628.0 460.0 1628.0 464.0 1630.0 466.0 1630.0 476.0 1632.0 478.0 1632.0 490.0 1634.0 492.0 1634.0 502.0 1636.0 504.0 1636.0 512.0 1638.0 514.0 1638.0 524.0 1640.0 526.0 1640.0 534.0 1642.0 536.0 1642.0 546.0 1644.0 548.0 1644.0 558.0 1646.0 560.0 1646.0 568.0 1648.0 570.0 1648.0 592.0 1650.0 594.0 1650.0 624.0 1652.0 626.0 1652.0 652.0 1654.0 654.0 1654.0 666.0 1836.0 666.0 1836.0 660.0 1846.0 650.0 1850.0 650.0 1852.0 648.0 1862.0 648.0 1864.0 646.0 1874.0 646.0 1876.0 644.0 1888.0 644.0 1890.0 642.0 1904.0 642.0 1906.0 640.0 1918.0 640.0 1920.0 638.0 1930.0 638.0 1932.0 636.0 1942.0 636.0 1944.0 634.0 1968.0 634.0 1970.0 632.0 1998.0 632.0 2000.0 630.0 2018.0 630.0 2020.0 628.0 2034.0 628.0 2036.0 626.0 2046.0 626.0 2046.0 376.0 2024.0 376.0 2022.0 378.0 2018.0 378.0 2016.0 376.0 2010.0 376.0 2008.0 374.0 2004.0 374.0 2002.0 372.0 2000.0 372.0 1998.0 370.0 1996.0 370.0 1994.0 368.0 1992.0 368.0 1990.0 366.0 1986.0 366.0 1984.0 364.0 1980.0 364.0 1978.0 362.0 1964.0 362.0 1962.0 360.0 1946.0 360.0 1944.0 358.0 1932.0 358.0 1930.0 356.0 1918.0 356.0 1916.0 358.0 1900.0 358.0 1898.0 356.0 1894.0 356.0 1892.0 354.0 1888.0 354.0 1886.0 352.0 1884.0 352.0 1882.0 350.0 1880.0 350.0 1876.0 346.0 1874.0 346.0 1868.0 340.0 1866.0 340.0 1864.0 338.0 1862.0 338.0 1858.0 334.0 1856.0 334.0 1854.0 332.0 1832.0 332.0 1830.0 330.0 1782.0 330.0 1780.0 332.0 1778.0 330.0 1714.0 330.0 1706.0 322.0 1706.0 316.0 0.5274046063423157
