316.0 1284.0 316.0 1366.0 322.0 1366.0 326.0 1370.0 326.0 1392.0 324.0 1394.0 324.0 1400.0 326.0 1402.0 326.0 1422.0 324.0 1424.0 324.0 1430.0 322.0 1432.0 316.0 1432.0 316.0 1516.0 322.0 1516.0 324.0 1518.0 326.0 1518.0 328.0 1520.0 330.0 1520.0 332.0 1522.0 332.0 1524.0 334.0 1526.0 334.0 1552.0 332.0 1554.0 332.0 1572.0 330.0 1574.0 330.0 1584.0 328.0 1586.0 328.0 1598.0 326.0 1600.0 326.0 1614.0 324.0 1616.0 324.0 1620.0 322.0 1622.0 316.0 1622.0 316.0 1638.0 322.0 1638.0 324.0 1640.0 324.0 1642.0 326.0 1644.0 326.0 1646.0 340.0 1660.0 340.0 1664.0 342.0 1666.0 342.0 1700.0 344.0 1702.0 344.0 1704.0 346.0 1706.0 346.0 1708.0 348.0 1708.0 352.0 1712.0 354.0 1712.0 356.0 1714.0 360.0 1714.0 362.0 1716.0 368.0 1716.0 370.0 1718.0 378.0 1718.0 380.0 1720.0 390.0 1720.0 392.0 1722.0 448.0 1722.0 450.0 1724.0 462.0 1724.0 464.0 1726.0 468.0 1726.0 470.0 1724.0 486.0 1724.0 488.0 1722.0 514.0 1722.0 516.0 1724.0 526.0 1724.0 528.0 1726.0 534.0 1726.0 536.0 1728.0 540.0 1728.0 542.0 1730.0 556.0 1730.0 558.0 1732.0 634.0 1732.0 636.0 1730.0 688.0 1730.0 690.0 1732.0 720.0 1732.0 722.0 1730.0 744.0 1730.0 746.0 1732.0 750.0 1732.0 752.0 1734.0 756.0 1734.0 758.0 1736.0 762.0 1736.0 764.0 1738.0 774.0 1738.0 776.0 1740.0 844.0 1740.0 846.0 1742.0 872.0 1742.0 874.0 1744.0 924.0 1744.0 926.0 1746.0 948.0 1746.0 950.0 1748.0 950.0 1754.0 1070.0 1754.0 1070.0 1748.0 1072.0 1746.0 1074.0 1746.0 1076.0 1744.0 1082.0 1744.0 1084.0 1742.0 1086.0 1742.0 1092.0 1736.0 1092.0 1734.0 1094.0 1732.0 1094.0 1730.0 1096.0 1728.0 1096.0 1718.0 1098.0 1716.0 1098.0 1706.0 1100.0 1704.0 1106.0 1704.0 1106.0 1688.0 1100.0 1688.0 1098.0 1686.0 1098.0 1680.0 1096.0 1678.0 1096.0 1646.0 1098.0 1644.0 1098.0 1614.0 1096.0 1612.0 1096.0 1528.0 1098.0 1526.0 1098.0 1520.0 1096.0 1518.0 1096.0 1504.0 1094.0 1502.0 1094.0 1496.0 1092.0 1494.0 1092.0 1484.0 1090.0 1482.0 1090.0 1466.0 1092.0 1464.0 1092.0 1424.0 1090.0 1422.0 1090.0 1410.0 1086.0 1406.0 1086.0 1404.0 1082.0 1400.0 1080.0 1400.0 1078.0 1398.0 1076.0 1398.0 1074.0 1396.0 1072.0 1396.0 1070.0 1394.0 1066.0 1394.0 1064.0 1392.0 1058.0 1392.0 1056.0 1390.0 1046.0 1390.0 1044.0 1388.0 1036.0 1388.0 1034.0 1386.0 1014.0 1386.0 1012.0 1384.0 992.0 1384.0 990.0 1382.0 978.0 1382.0 976.0 1380.0 968.0 1380.0 966.0 1378.0 962.0 1378.0 960.0 1376.0 954.0 1376.0 952.0 1374.0 948.0 1374.0 946.0 1372.0 944.0 1372.0 942.0 1370.0 940.0 1370.0 938.0 1368.0 932.0 1368.0 930.0 1366.0 928.0 1366.0 926.0 1364.0 922.0 1364.0 920.0 1362.0 916.0 1362.0 914.0 1360.0 908.0 1360.0 906.0 1358.0 894.0 1358.0 892.0 1356.0 872.0 1356.0 870.0 1354.0 864.0 1354.0 862.0 1352.0 860.0 1352.0 858.0 1350.0 852.0 1350.0 850.0 1348.0 846.0 1348.0 844.0 1346.0 836.0 1346.0 834.0 1344.0 822.0 1344.0 820.0 1342.0 808.0 1342.0 806.0 1340.0 798.0 1340.0 796.0 1338.0 790.0 1338.0 788.0 1336.0 784.0 1336.0 782.0 1334.0 780.0 1334.0 778.0 1332.0 776.0 1332.0 774.0 1330.0 758.0 1330.0 756.0 1328.0 688.0 1328.0 686.0 1326.0 658.0 1326.0 656.0 1324.0 636.0 1324.0 634.0 1322.0 622.0 1322.0 620.0 1320.0 614.0 1320.0 612.0 1318.0 608.0 1318.0 606.0 1316.0 598.0 1316.0 596.0 1314.0 572.0 1314.0 570.0 1312.0 544.0 1312.0 542.0 1310.0 524.0 1310.0 522.0 1308.0 512.0 1308.0 510.0 1306.0 502.0 1306.0 500.0 1304.0 496.0 1304.0 494.0 1302.0 492.0 1302.0 490.0 1300.0 486.0 1300.0 484.0 1298.0 480.0 1298.0 478.0 1296.0 474.0 1296.0 472.0 1294.0 468.0 1294.0 464.0 1290.0 464.0 1284.0 0.9762800335884094
310.0 524.0 310.0 540.0 308.0 542.0 308.0 556.0 306.0 558.0 306.0 574.0 304.0 576.0 304.0 594.0 302.0 596.0 302.0 600.0 290.0 612.0 284.0 612.0 284.0 856.0 294.0 856.0 296.0 858.0 298.0 858.0 302.0 862.0 302.0 864.0 304.0 866.0 304.0 908.0 306.0 910.0 306.0 940.0 308.0 942.0 308.0 956.0 310.0 958.0 310.0 960.0 312.0 962.0 312.0 964.0 314.0 966.0 314.0 968.0 316.0 970.0 316.0 972.0 318.0 974.0 318.0 978.0 320.0 980.0 320.0 1006.0 318.0 1008.0 318.0 1040.0 316.0 1042.0 316.0 1062.0 314.0 1064.0 314.0 1088.0 312.0 1090.0 312.0 1144.0 310.0 1146.0 310.0 1204.0 308.0 1206.0 308.0 1222.0 310.0 1224.0 310.0 1230.0 312.0 1232.0 312.0 1234.0 314.0 1236.0 314.0 1238.0 324.0 1248.0 326.0 1248.0 328.0 1250.0 330.0 1250.0 334.0 1254.0 338.0 1254.0 340.0 1256.0 350.0 1256.0 352.0 1258.0 368.0 1258.0 370.0 1260.0 382.0 1260.0 384.0 1262.0 418.0 1262.0 420.0 1264.0 482.0 1264.0 484.0 1266.0 514.0 1266.0 516.0 1268.0 544.0 1268.0 546.0 1270.0 552.0 1270.0 554.0 1272.0 566.0 1272.0 568.0 1274.0 578.0 1274.0 580.0 1276.0 588.0 1276.0 590.0 1278.0 598.0 1278.0 600.0 1280.0 610.0 1280.0 612.0 1282.0 628.0 1282.0 630.0 1284.0 644.0 1284.0 646.0 1286.0 664.0 1286.0 666.0 1288.0 686.0 1288.0 688.0 1290.0 726.0 1290.0 728.0 1292.0 736.0 1292.0 738.0 1294.0 742.0 1294.0 744.0 1296.0 748.0 1296.0 750.0 1298.0 758.0 1298.0 760.0 1300.0 772.0 1300.0 774.0 1302.0 786.0 1302.0 788.0 1304.0 800.0 1304.0 802.0 1306.0 846.0 1306.0 848.0 1308.0 864.0 1308.0 866.0 1310.0 872.0 1310.0 874.0 1312.0 880.0 1312.0 882.0 1314.0 888.0 1314.0 890.0 1316.0 902.0 1316.0 904.0 1318.0 914.0 1318.0 916.0 1320.0 934.0 1320.0 936.0 1322.0 960.0 1322.0 962.0 1324.0 982.0 1324.0 984.0 1326.0 1004.0 1326.0 1006.0 1328.0 1016.0 1328.0 1018.0 1330.0 1022.0 1330.0 1024.0 1332.0 1024.0 1338.0 1074.0 1338.0 1074.0 1328.0 1076.0 1326.0 1076.0 1322.0 1078.0 1320.0 1078.0 1310.0 1080.0 1308.0 1080.0 1288.0 1082.0 1286.0 1082.0 1258.0 1084.0 1256.0 1084.0 1238.0 1086.0 1236.0 1086.0 1224.0 1088.0 1222.0 1088.0 1210.0 1090.0 1208.0 1090.0 1192.0 1092.0 1190.0 1092.0 1160.0 1094.0 1158.0 1094.0 1074.0 1096.0 1072.0 1096.0 1058.0 1098.0 1056.0 1098.0 1046.0 1100.0 1044.0 1100.0 1016.0 1098.0 1014.0 1098.0 1000.0 1096.0 998.0 1096.0 994.0 1094.0 992.0 1094.0 990.0 1092.0 988.0 1092.0 986.0 1088.0 982.0 1086.0 982.0 1082.0 978.0 1082.0 968.0 1080.0 966.0 1080.0 920.0 1082.0 918.0 1082.0 916.0 1084.0 914.0 1102.0 914.0 1104.0 912.0 1106.0 912.0 1110.0 908.0 1110.0 904.0 1112.0 902.0 1112.0 900.0 1114.0 898.0 1114.0 876.0 1116.0 874.0 1116.0 848.0 1118.0 846.0 1118.0 832.0 1120.0 830.0 1120.0 818.0 1122.0 816.0 1122.0 810.0 1124.0 808.0 1130.0 808.0 1130.0 598.0 1122.0 598.0 1116.0 604.0 1114.0 604.0 1112.0 606.0 1098.0 606.0 1096.0 604.0 1092.0 604.0 1090.0 602.0 1086.0 602.0 1078.0 594.0 1078.0 592.0 1076.0 590.0 1076.0 588.0 1072.0 584.0 1070.0 584.0 1064.0 578.0 1064.0 576.0 1062.0 574.0 1062.0 566.0 1064.0 564.0 1062.0 562.0 1062.0 558.0 1060.0 556.0 1060.0 554.0 1050.0 554.0 1048.0 552.0 1046.0 552.0 1044.0 550.0 1030.0 550.0 1028.0 548.0 1024.0 548.0 1022.0 550.0 1006.0 550.0 1004.0 552.0 994.0 552.0 992.0 554.0 978.0 554.0 976.0 556.0 974.0 556.0 974.0 560.0 976.0 562.0 976.0 564.0 980.0 568.0 982.0 568.0 984.0 570.0 980.0 574.0 978.0 574.0 976.0 576.0 974.0 576.0 970.0 580.0 968.0 578.0 964.0 578.0 962.0 580.0 958.0 580.0 956.0 582.0 954.0 582.0 952.0 580.0 950.0 580.0 948.0 578.0 944.0 578.0 942.0 580.0 922.0 580.0 920.0 578.0 918.0 578.0 916.0 576.0 914.0 576.0 912.0 578.0 910.0 578.0 908.0 580.0 900.0 580.0 898.0 582.0 896.0 582.0 892.0 586.0 886.0 586.0 884.0 588.0 880.0 588.0 878.0 590.0 868.0 590.0 866.0 588.0 864.0 588.0 862.0 590.0 860.0 590.0 850.0 580.0 842.0 580.0 834.0 572.0 832.0 572.0 830.0 574.0 828.0 574.0 824.0 570.0 824.0 566.0 820.0 562.0 820.0 560.0 812.0 560.0 810.0 558.0 808.0 558.0 806.0 556.0 792.0 556.0 790.0 554.0 788.0 554.0 786.0 552.0 780.0 552.0 772.0 544.0 770.0 544.0 768.0 542.0 764.0 542.0 754.0 532.0 752.0 534.0 736.0 534.0 734.0 536.0 724.0 536.0 722.0 538.0 708.0 538.0 706.0 536.0 684.0 536.0 682.0 534.0 666.0 534.0 664.0 532.0 662.0 532.0 660.0 530.0 660.0 524.0 652.0 524.0 652.0 530.0 650.0 532.0 646.0 532.0 644.0 534.0 642.0 534.0 638.0 538.0 638.0 558.0 636.0 560.0 636.0 578.0 634.0 580.0 634.0 586.0 632.0 588.0 632.0 590.0 630.0 592.0 630.0 598.0 628.0 600.0 628.0 604.0 626.0 606.0 624.0 604.0 624.0 602.0 620.0 598.0 620.0 596.0 618.0 594.0 616.0 594.0 612.0 590.0 596.0 590.0 592.0 586.0 592.0 584.0 590.0 582.0 590.0 580.0 588.0 578.0 584.0 578.0 582.0 580.0 582.0 586.0 576.0 592.0 574.0 592.0 572.0 594.0 570.0 594.0 564.0 588.0 564.0 586.0 566.0 584.0 566.0 574.0 564.0 572.0 564.0 570.0 562.0 568.0 562.0 566.0 556.0 566.0 554.0 564.0 552.0 564.0 550.0 562.0 542.0 562.0 540.0 564.0 538.0 562.0 536.0 562.0 534.0 560.0 532.0 560.0 530.0 558.0 528.0 558.0 526.0 556.0 524.0 556.0 514.0 546.0 520.0 540.0 520.0 538.0 518.0 538.0 516.0 536.0 500.0 536.0 498.0 538.0 482.0 538.0 480.0 536.0 476.0 536.0 474.0 534.0 462.0 534.0 460.0 532.0 458.0 532.0 456.0 534.0 450.0 534.0 448.0 532.0 446.0 532.0 444.0 530.0 444.0 524.0 0.9718589186668396
1998.0 60.0 1998.0 66.0 1996.0 68.0 1994.0 68.0 1992.0 70.0 1986.0 70.0 1984.0 72.0 1976.0 72.0 1974.0 74.0 1966.0 74.0 1964.0 76.0 1956.0 76.0 1954.0 78.0 1942.0 78.0 1940.0 80.0 1924.0 80.0 1922.0 82.0 1912.0 82.0 1910.0 84.0 1904.0 84.0 1902.0 86.0 1896.0 86.0 1894.0 88.0 1886.0 88.0 1884.0 90.0 1872.0 90.0 1870.0 92.0 1862.0 92.0 1860.0 94.0 1854.0 94.0 1852.0 96.0 1846.0 96.0 1844.0 98.0 1840.0 98.0 1838.0 100.0 1834.0 100.0 1832.0 102.0 1828.0 102.0 1826.0 104.0 1822.0 104.0 1820.0 106.0 1812.0 106.0 1810.0 108.0 1804.0 108.0 1802.0 110.0 1794.0 110.0 1792.0 112.0 1782.0 112.0 1780.0 114.0 1754.0 114.0 1752.0 116.0 1738.0 116.0 1736.0 118.0 1734.0 118.0 1732.0 120.0 1728.0 120.0 1726.0 122.0 1718.0 122.0 1716.0 124.0 1708.0 124.0 1706.0 126.0 1704.0 126.0 1702.0 128.0 1698.0 128.0 1696.0 130.0 1692.0 130.0 1690.0 132.0 1686.0 132.0 1684.0 134.0 1680.0 134.0 1678.0 136.0 1674.0 136.0 1672.0 138.0 1666.0 138.0 1664.0 140.0 1662.0 140.0 1660.0 142.0 1658.0 142.0 1652.0 148.0 1644.0 148.0 1644.0 254.0 1650.0 254.0 1652.0 256.0 1652.0 260.0 1654.0 262.0 1654.0 270.0 1656.0 272.0 1656.0 280.0 1658.0 282.0 1658.0 292.0 1660.0 294.0 1660.0 300.0 1662.0 302.0 1662.0 312.0 1664.0 314.0 1664.0 336.0 1666.0 338.0 1666.0 382.0 1668.0 384.0 1668.0 392.0 1670.0 394.0 1670.0 404.0 1672.0 406.0 1672.0 416.0 1674.0 418.0 1674.0 426.0 1676.0 428.0 1676.0 436.0 1678.0 438.0 1678.0 448.0 1680.0 450.0 1680.0 458.0 1682.0 460.0 1682.0 464.0 1684.0 466.0 1684.0 470.0 1686.0 472.0 1686.0 478.0 1688.0 480.0 1688.0 488.0 1690.0 490.0 1690.0 496.0 1692.0 498.0 1692.0 500.0 1696.0 504.0 1696.0 506.0 1700.0 510.0 1702.0 510.0 1706.0 514.0 1706.0 522.0 1758.0 522.0 1758.0 516.0 1762.0 512.0 1770.0 512.0 1772.0 510.0 1788.0 510.0 1790.0 508.0 1810.0 508.0 1812.0 506.0 1830.0 506.0 1832.0 504.0 1844.0 504.0 1846.0 502.0 1860.0 502.0 1862.0 500.0 1882.0 500.0 1884.0 498.0 1892.0 498.0 1894.0 496.0 1898.0 496.0 1900.0 494.0 1906.0 494.0 1908.0 492.0 1916.0 492.0 1918.0 490.0 1922.0 490.0 1924.0 488.0 1926.0 488.0 1928.0 486.0 1932.0 486.0 1934.0 484.0 1942.0 484.0 1944.0 482.0 1948.0 482.0 1950.0 480.0 1952.0 480.0 1954.0 478.0 1962.0 478.0 1972.0 488.0 1974.0 488.0 1976.0 490.0 1978.0 490.0 1980.0 492.0 1986.0 492.0 1988.0 494.0 2002.0 494.0 2004.0 492.0 2010.0 492.0 2012.0 490.0 2016.0 490.0 2026.0 480.0 2028.0 480.0 2030.0 478.0 2032.0 478.0 2034.0 476.0 2036.0 476.0 2038.0 474.0 2040.0 474.0 2042.0 472.0 2046.0 472.0 2046.0 60.0 0.967825710773468
598.0 4.0 598.0 46.0 596.0 48.0 596.0 62.0 598.0 64.0 598.0 72.0 596.0 74.0 596.0 82.0 594.0 84.0 588.0 84.0 588.0 226.0 612.0 226.0 614.0 228.0 636.0 228.0 638.0 230.0 660.0 230.0 662.0 232.0 678.0 232.0 680.0 234.0 696.0 234.0 698.0 236.0 712.0 236.0 714.0 238.0 734.0 238.0 736.0 240.0 750.0 240.0 752.0 242.0 760.0 242.0 762.0 244.0 770.0 244.0 772.0 246.0 798.0 246.0 800.0 248.0 820.0 248.0 822.0 250.0 826.0 250.0 828.0 252.0 828.0 258.0 852.0 258.0 852.0 250.0 858.0 244.0 858.0 240.0 860.0 238.0 860.0 230.0 862.0 228.0 862.0 220.0 864.0 218.0 864.0 204.0 866.0 202.0 866.0 152.0 868.0 150.0 868.0 140.0 870.0 138.0 870.0 126.0 872.0 124.0 872.0 100.0 874.0 98.0 874.0 82.0 876.0 80.0 876.0 70.0 878.0 68.0 878.0 48.0 880.0 46.0 880.0 40.0 882.0 38.0 882.0 34.0 884.0 32.0 890.0 32.0 890.0 4.0 0.9303147196769714
1272.0 1820.0 1272.0 1828.0 1266.0 1834.0 1260.0 1834.0 1260.0 1992.0 1266.0 1992.0 1268.0 1994.0 1268.0 1998.0 1266.0 2000.0 1260.0 2000.0 1260.0 2004.0 1266.0 2004.0 1268.0 2006.0 1268.0 2012.0 1270.0 2014.0 1270.0 2046.0 1994.0 2046.0 1994.0 2022.0 1988.0 2022.0 1980.0 2014.0 1978.0 2014.0 1974.0 2010.0 1972.0 2010.0 1970.0 2008.0 1968.0 2008.0 1958.0 1998.0 1958.0 1996.0 1956.0 1994.0 1956.0 1986.0 1954.0 1984.0 1954.0 1906.0 1952.0 1904.0 1952.0 1902.0 1950.0 1900.0 1950.0 1898.0 1942.0 1890.0 1940.0 1890.0 1938.0 1888.0 1936.0 1888.0 1934.0 1886.0 1932.0 1886.0 1930.0 1884.0 1922.0 1884.0 1920.0 1882.0 1906.0 1882.0 1904.0 1880.0 1892.0 1880.0 1890.0 1878.0 1872.0 1878.0 1870.0 1876.0 1840.0 1876.0 1838.0 1874.0 1800.0 1874.0 1798.0 1872.0 1788.0 1872.0 1786.0 1870.0 1778.0 1870.0 1776.0 1868.0 1762.0 1868.0 1760.0 1866.0 1726.0 1866.0 1724.0 1864.0 1706.0 1864.0 1704.0 1862.0 1694.0 1862.0 1692.0 1860.0 1686.0 1860.0 1684.0 1858.0 1680.0 1858.0 1678.0 1856.0 1674.0 1856.0 1672.0 1854.0 1666.0 1854.0 1664.0 1852.0 1628.0 1852.0 1626.0 1850.0 1618.0 1850.0 1616.0 1848.0 1612.0 1848.0 1610.0 1846.0 1604.0 1846.0 1602.0 1844.0 1588.0 1844.0 1586.0 1842.0 1530.0 1842.0 1528.0 1840.0 1510.0 1840.0 1508.0 1838.0 1496.0 1838.0 1494.0 1836.0 1478.0 1836.0 1476.0 1834.0 1454.0 1834.0 1452.0 1832.0 1438.0 1832.0 1436.0 1830.0 1424.0 1830.0 1422.0 1828.0 1416.0 1828.0 1414.0 1826.0 1414.0 1820.0 0.9284712672233582
1956.0 540.0 1956.0 546.0 1954.0 548.0 1950.0 548.0 1948.0 550.0 1938.0 550.0 1936.0 552.0 1928.0 552.0 1926.0 554.0 1916.0 554.0 1914.0 556.0 1900.0 556.0 1898.0 558.0 1888.0 558.0 1886.0 560.0 1874.0 560.0 1872.0 562.0 1858.0 562.0 1856.0 564.0 1846.0 564.0 1844.0 566.0 1836.0 566.0 1834.0 568.0 1824.0 568.0 1822.0 570.0 1806.0 570.0 1804.0 572.0 1788.0 572.0 1786.0 574.0 1776.0 574.0 1774.0 576.0 1762.0 576.0 1760.0 578.0 1750.0 578.0 1748.0 580.0 1742.0 580.0 1740.0 582.0 1732.0 582.0 1730.0 584.0 1716.0 584.0 1714.0 586.0 1700.0 586.0 1698.0 588.0 1690.0 588.0 1688.0 590.0 1678.0 590.0 1676.0 592.0 1664.0 592.0 1662.0 594.0 1654.0 594.0 1652.0 596.0 1648.0 596.0 1646.0 598.0 1636.0 598.0 1636.0 768.0 1644.0 768.0 1646.0 770.0 1652.0 770.0 1654.0 772.0 1672.0 772.0 1674.0 774.0 1714.0 774.0 1716.0 776.0 1732.0 776.0 1734.0 778.0 1744.0 778.0 1746.0 780.0 1754.0 780.0 1756.0 782.0 1768.0 782.0 1770.0 784.0 1782.0 784.0 1784.0 786.0 1834.0 786.0 1836.0 788.0 1856.0 788.0 1858.0 790.0 1888.0 790.0 1890.0 792.0 1916.0 792.0 1918.0 794.0 1930.0 794.0 1932.0 796.0 1986.0 796.0 1988.0 798.0 2008.0 798.0 2010.0 800.0 2046.0 800.0 2046.0 540.0 0.9058759808540344
272.0 228.0 272.0 244.0 270.0 246.0 270.0 264.0 268.0 266.0 268.0 284.0 266.0 286.0 266.0 324.0 264.0 326.0 264.0 360.0 262.0 362.0 262.0 396.0 260.0 398.0 260.0 412.0 258.0 414.0 252.0 414.0 252.0 456.0 258.0 456.0 264.0 462.0 264.0 464.0 268.0 468.0 270.0 468.0 272.0 470.0 274.0 470.0 276.0 472.0 282.0 472.0 284.0 474.0 312.0 474.0 314.0 476.0 328.0 476.0 330.0 478.0 338.0 478.0 340.0 480.0 372.0 480.0 374.0 478.0 396.0 478.0 398.0 480.0 420.0 480.0 422.0 482.0 434.0 482.0 436.0 484.0 450.0 484.0 452.0 486.0 466.0 486.0 468.0 488.0 476.0 488.0 478.0 486.0 510.0 486.0 512.0 488.0 524.0 488.0 526.0 490.0 534.0 490.0 536.0 492.0 554.0 492.0 556.0 494.0 578.0 494.0 580.0 496.0 596.0 496.0 598.0 498.0 620.0 498.0 622.0 500.0 658.0 500.0 660.0 502.0 680.0 502.0 682.0 504.0 736.0 504.0 738.0 506.0 772.0 506.0 774.0 504.0 802.0 504.0 804.0 506.0 828.0 506.0 830.0 508.0 842.0 508.0 844.0 510.0 860.0 510.0 862.0 512.0 880.0 512.0 882.0 514.0 906.0 514.0 908.0 516.0 932.0 516.0 934.0 518.0 960.0 518.0 962.0 520.0 1030.0 520.0 1032.0 522.0 1042.0 522.0 1044.0 524.0 1044.0 530.0 1096.0 530.0 1096.0 522.0 1100.0 518.0 1100.0 516.0 1102.0 514.0 1102.0 512.0 1104.0 510.0 1104.0 506.0 1106.0 504.0 1106.0 500.0 1108.0 498.0 1108.0 492.0 1110.0 490.0 1110.0 402.0 1112.0 400.0 1112.0 378.0 1114.0 376.0 1114.0 370.0 1116.0 368.0 1122.0 368.0 1122.0 312.0 1116.0 312.0 1114.0 310.0 1114.0 308.0 1112.0 306.0 1112.0 304.0 1102.0 294.0 1100.0 294.0 1098.0 292.0 1094.0 292.0 1092.0 290.0 1090.0 290.0 1086.0 286.0 1084.0 286.0 1082.0 284.0 1074.0 284.0 1072.0 282.0 1044.0 282.0 1042.0 280.0 1028.0 280.0 1026.0 278.0 1020.0 278.0 1018.0 276.0 1012.0 276.0 1010.0 274.0 992.0 274.0 990.0 272.0 972.0 272.0 970.0 270.0 902.0 270.0 900.0 268.0 890.0 268.0 888.0 270.0 884.0 270.0 882.0 272.0 878.0 272.0 876.0 274.0 872.0 274.0 870.0 276.0 856.0 276.0 854.0 278.0 850.0 278.0 848.0 276.0 840.0 276.0 838.0 274.0 832.0 274.0 830.0 272.0 822.0 272.0 820.0 270.0 814.0 270.0 812.0 268.0 808.0 268.0 806.0 266.0 804.0 266.0 802.0 264.0 800.0 264.0 794.0 258.0 790.0 258.0 788.0 256.0 782.0 256.0 780.0 254.0 772.0 254.0 770.0 252.0 764.0 252.0 762.0 250.0 750.0 250.0 748.0 248.0 736.0 248.0 734.0 246.0 722.0 246.0 720.0 244.0 710.0 244.0 708.0 242.0 694.0 242.0 692.0 240.0 622.0 240.0 620.0 242.0 616.0 242.0 612.0 246.0 610.0 246.0 604.0 252.0 602.0 252.0 600.0 254.0 594.0 254.0 592.0 252.0 586.0 252.0 584.0 250.0 564.0 250.0 562.0 248.0 550.0 248.0 548.0 246.0 540.0 246.0 538.0 244.0 530.0 244.0 528.0 242.0 514.0 242.0 512.0 240.0 502.0 240.0 500.0 238.0 448.0 238.0 446.0 236.0 430.0 236.0 428.0 234.0 428.0 228.0 0.894978940486908
1308.0 756.0 1308.0 764.0 1306.0 766.0 1306.0 770.0 1304.0 772.0 1304.0 778.0 1302.0 780.0 1302.0 792.0 1300.0 794.0 1300.0 814.0 1298.0 816.0 1298.0 836.0 1296.0 838.0 1296.0 872.0 1294.0 874.0 1294.0 894.0 1296.0 896.0 1296.0 906.0 1298.0 908.0 1298.0 912.0 1300.0 914.0 1300.0 916.0 1308.0 924.0 1308.0 934.0 1306.0 936.0 1306.0 950.0 1304.0 952.0 1304.0 978.0 1302.0 980.0 1302.0 1038.0 1300.0 1040.0 1300.0 1074.0 1296.0 1078.0 1296.0 1080.0 1288.0 1088.0 1286.0 1088.0 1282.0 1092.0 1282.0 1094.0 1278.0 1098.0 1278.0 1100.0 1276.0 1102.0 1276.0 1104.0 1274.0 1106.0 1274.0 1114.0 1272.0 1116.0 1272.0 1130.0 1270.0 1132.0 1270.0 1148.0 1268.0 1150.0 1268.0 1186.0 1266.0 1188.0 1266.0 1218.0 1264.0 1220.0 1264.0 1234.0 1262.0 1236.0 1262.0 1246.0 1260.0 1248.0 1260.0 1252.0 1258.0 1254.0 1258.0 1258.0 1256.0 1260.0 1256.0 1264.0 1254.0 1266.0 1254.0 1268.0 1252.0 1270.0 1252.0 1274.0 1250.0 1276.0 1250.0 1282.0 1248.0 1284.0 1248.0 1290.0 1246.0 1292.0 1246.0 1298.0 1244.0 1300.0 1244.0 1306.0 1242.0 1308.0 1242.0 1316.0 1240.0 1318.0 1240.0 1330.0 1238.0 1332.0 1238.0 1352.0 1236.0 1354.0 1236.0 1360.0 1234.0 1362.0 1228.0 1362.0 1228.0 1516.0 1234.0 1516.0 1236.0 1518.0 1236.0 1524.0 1238.0 1526.0 1238.0 1544.0 1240.0 1546.0 1240.0 1558.0 1242.0 1560.0 1242.0 1570.0 1244.0 1572.0 1244.0 1580.0 1246.0 1582.0 1246.0 1594.0 1248.0 1596.0 1248.0 1618.0 1250.0 1620.0 1250.0 1646.0 1252.0 1648.0 1252.0 1726.0 1254.0 1728.0 1254.0 1740.0 1256.0 1742.0 1256.0 1754.0 1258.0 1756.0 1258.0 1764.0 1276.0 1782.0 1280.0 1782.0 1282.0 1784.0 1284.0 1784.0 1288.0 1788.0 1290.0 1788.0 1292.0 1790.0 1296.0 1790.0 1298.0 1792.0 1304.0 1792.0 1306.0 1794.0 1312.0 1794.0 1314.0 1792.0 1322.0 1792.0 1324.0 1790.0 1326.0 1790.0 1328.0 1788.0 1348.0 1788.0 1350.0 1790.0 1354.0 1790.0 1358.0 1794.0 1360.0 1794.0 1366.0 1800.0 1366.0 1802.0 1368.0 1802.0 1370.0 1804.0 1374.0 1804.0 1376.0 1806.0 1378.0 1806.0 1380.0 1808.0 1382.0 1808.0 1384.0 1810.0 1386.0 1810.0 1388.0 1812.0 1392.0 1812.0 1394.0 1814.0 1396.0 1814.0 1398.0 1816.0 1400.0 1816.0 1402.0 1818.0 1408.0 1818.0 1410.0 1820.0 1418.0 1820.0 1420.0 1822.0 1432.0 1822.0 1434.0 1824.0 1446.0 1824.0 1448.0 1826.0 1458.0 1826.0 1460.0 1828.0 1482.0 1828.0 1484.0 1830.0 1508.0 1830.0 1510.0 1832.0 1528.0 1832.0 1530.0 1834.0 1558.0 1834.0 1560.0 1836.0 1582.0 1836.0 1584.0 1838.0 1614.0 1838.0 1616.0 1840.0 1630.0 1840.0 1632.0 1842.0 1686.0 1842.0 1688.0 1844.0 1698.0 1844.0 1700.0 1846.0 1704.0 1846.0 1706.0 1848.0 1708.0 1848.0 1710.0 1850.0 1712.0 1850.0 1714.0 1852.0 1718.0 1852.0 1720.0 1854.0 1756.0 1854.0 1758.0 1852.0 1766.0 1852.0 1768.0 1850.0 1768.0 1848.0 1766.0 1846.0 1766.0 1844.0 1764.0 1842.0 1764.0 1838.0 1762.0 1836.0 1762.0 1830.0 1764.0 1828.0 1762.0 1826.0 1762.0 1818.0 1764.0 1816.0 1764.0 1814.0 1768.0 1810.0 1768.0 1808.0 1770.0 1806.0 1772.0 1806.0 1774.0 1804.0 1784.0 1804.0 1786.0 1802.0 1796.0 1802.0 1798.0 1804.0 1802.0 1804.0 1804.0 1806.0 1810.0 1806.0 1812.0 1808.0 1818.0 1808.0 1820.0 1810.0 1822.0 1810.0 1826.0 1814.0 1826.0 1816.0 1828.0 1818.0 1814.0 1832.0 1814.0 1834.0 1812.0 1836.0 1814.0 1838.0 1814.0 1844.0 1812.0 1846.0 1810.0 1846.0 1808.0 1848.0 1802.0 1848.0 1800.0 1850.0 1782.0 1850.0 1784.0 1852.0 1786.0 1852.0 1788.0 1854.0 1790.0 1854.0 1792.0 1856.0 1792.0 1858.0 1796.0 1858.0 1798.0 1860.0 1802.0 1860.0 1804.0 1862.0 1808.0 1862.0 1810.0 1864.0 1812.0 1864.0 1814.0 1866.0 1816.0 1866.0 1818.0 1868.0 1828.0 1868.0 1830.0 1870.0 1912.0 1870.0 1914.0 1872.0 1922.0 1872.0 1924.0 1874.0 1948.0 1874.0 1950.0 1876.0 1950.0 1882.0 2010.0 1882.0 2010.0 1478.0 2004.0 1478.0 2002.0 1476.0 2000.0 1476.0 1994.0 1470.0 1988.0 1470.0 1986.0 1468.0 1978.0 1468.0 1976.0 1466.0 1966.0 1466.0 1964.0 1468.0 1962.0 1466.0 1962.0 1464.0 1960.0 1462.0 1960.0 1438.0 1962.0 1436.0 1962.0 1432.0 1964.0 1430.0 1964.0 1428.0 1966.0 1426.0 1966.0 1398.0 1964.0 1396.0 1964.0 1386.0 1962.0 1384.0 1962.0 1376.0 1964.0 1374.0 1964.0 1350.0 1962.0 1348.0 1962.0 1340.0 1960.0 1338.0 1960.0 1332.0 1958.0 1330.0 1958.0 1328.0 1956.0 1326.0 1956.0 1324.0 1952.0 1320.0 1950.0 1320.0 1946.0 1316.0 1944.0 1316.0 1942.0 1314.0 1940.0 1314.0 1938.0 1312.0 1936.0 1312.0 1934.0 1310.0 1932.0 1310.0 1928.0 1306.0 1928.0 1302.0 1926.0 1300.0 1926.0 1284.0 1928.0 1282.0 1928.0 1238.0 1926.0 1236.0 1926.0 1226.0 1928.0 1224.0 1928.0 1212.0 1930.0 1210.0 1930.0 1198.0 1932.0 1196.0 1932.0 1186.0 1934.0 1184.0 1934.0 1166.0 1936.0 1164.0 1936.0 1142.0 1938.0 1140.0 1938.0 1110.0 1940.0 1108.0 1940.0 1078.0 1942.0 1076.0 1942.0 1066.0 1944.0 1064.0 1944.0 1054.0 1946.0 1052.0 1946.0 1042.0 1948.0 1040.0 1948.0 1034.0 1950.0 1032.0 1950.0 1028.0 1952.0 1026.0 1952.0 1022.0 1954.0 1020.0 1954.0 1018.0 1956.0 1016.0 1956.0 1012.0 1958.0 1010.0 1958.0 1004.0 1960.0 1002.0 1960.0 996.0 1962.0 994.0 1962.0 990.0 1964.0 988.0 1964.0 986.0 1970.0 980.0 1974.0 980.0 1976.0 978.0 1986.0 978.0 1988.0 976.0 1992.0 976.0 1994.0 974.0 1996.0 974.0 1996.0 972.0 1998.0 970.0 1998.0 968.0 2000.0 966.0 2000.0 954.0 2002.0 952.0 2002.0 926.0 2004.0 924.0 2010.0 924.0 2010.0 826.0 1998.0 826.0 1996.0 824.0 1988.0 824.0 1986.0 822.0 1978.0 822.0 1976.0 820.0 1970.0 820.0 1968.0 818.0 1962.0 818.0 1960.0 816.0 1954.0 816.0 1952.0 814.0 1950.0 814.0 1948.0 812.0 1944.0 812.0 1942.0 810.0 1936.0 810.0 1934.0 808.0 1912.0 808.0 1910.0 806.0 1870.0 806.0 1868.0 804.0 1802.0 804.0 1800.0 802.0 1790.0 802.0 1788.0 800.0 1774.0 800.0 1772.0 798.0 1762.0 798.0 1760.0 796.0 1744.0 796.0 1742.0 794.0 1706.0 794.0 1704.0 796.0 1680.0 796.0 1678.0 798.0 1664.0 798.0 1662.0 796.0 1640.0 796.0 1638.0 794.0 1626.0 794.0 1624.0 792.0 1608.0 792.0 1606.0 790.0 1586.0 790.0 1584.0 788.0 1578.0 788.0 1576.0 786.0 1572.0 786.0 1570.0 784.0 1564.0 784.0 1562.0 782.0 1558.0 782.0 1556.0 780.0 1550.0 780.0 1548.0 778.0 1534.0 778.0 1532.0 776.0 1530.0 776.0 1528.0 778.0 1520.0 778.0 1518.0 780.0 1516.0 780.0 1510.0 786.0 1508.0 786.0 1506.0 788.0 1502.0 788.0 1500.0 790.0 1490.0 790.0 1488.0 788.0 1486.0 788.0 1480.0 782.0 1480.0 780.0 1474.0 774.0 1474.0 772.0 1472.0 772.0 1470.0 770.0 1468.0 770.0 1466.0 768.0 1462.0 768.0 1460.0 766.0 1452.0 766.0 1450.0 764.0 1442.0 764.0 1440.0 762.0 1440.0 756.0 0.8244365453720093
1128.0 292.0 1128.0 298.0 1126.0 300.0 1126.0 302.0 1124.0 304.0 1124.0 306.0 1122.0 308.0 1116.0 308.0 1116.0 506.0 1124.0 506.0 1128.0 510.0 1128.0 512.0 1134.0 518.0 1134.0 520.0 1136.0 522.0 1136.0 524.0 1138.0 526.0 1138.0 528.0 1142.0 532.0 1144.0 532.0 1146.0 534.0 1156.0 534.0 1158.0 536.0 1176.0 536.0 1178.0 538.0 1188.0 538.0 1190.0 540.0 1202.0 540.0 1204.0 542.0 1220.0 542.0 1222.0 544.0 1248.0 544.0 1250.0 546.0 1276.0 546.0 1278.0 544.0 1300.0 544.0 1302.0 546.0 1306.0 546.0 1308.0 548.0 1312.0 548.0 1314.0 550.0 1320.0 550.0 1322.0 552.0 1326.0 552.0 1328.0 554.0 1332.0 554.0 1334.0 556.0 1342.0 556.0 1344.0 558.0 1356.0 558.0 1358.0 560.0 1368.0 560.0 1370.0 562.0 1378.0 562.0 1380.0 564.0 1384.0 564.0 1386.0 566.0 1392.0 566.0 1394.0 568.0 1402.0 568.0 1404.0 570.0 1410.0 570.0 1412.0 572.0 1418.0 572.0 1420.0 574.0 1424.0 574.0 1426.0 576.0 1432.0 576.0 1434.0 578.0 1438.0 578.0 1440.0 580.0 1446.0 580.0 1448.0 582.0 1456.0 582.0 1458.0 584.0 1464.0 584.0 1466.0 586.0 1470.0 586.0 1472.0 588.0 1476.0 588.0 1478.0 590.0 1500.0 590.0 1502.0 588.0 1508.0 588.0 1510.0 586.0 1514.0 586.0 1516.0 584.0 1518.0 584.0 1520.0 582.0 1522.0 582.0 1526.0 578.0 1528.0 578.0 1528.0 576.0 1544.0 560.0 1544.0 558.0 1548.0 554.0 1554.0 554.0 1554.0 524.0 1548.0 524.0 1544.0 520.0 1544.0 516.0 1542.0 514.0 1542.0 510.0 1540.0 508.0 1540.0 506.0 1538.0 504.0 1538.0 500.0 1536.0 498.0 1536.0 494.0 1534.0 492.0 1534.0 474.0 1532.0 472.0 1532.0 462.0 1530.0 460.0 1530.0 448.0 1528.0 446.0 1528.0 426.0 1536.0 418.0 1536.0 416.0 1538.0 414.0 1538.0 412.0 1540.0 410.0 1540.0 394.0 1542.0 392.0 1542.0 370.0 1540.0 368.0 1540.0 356.0 1538.0 354.0 1538.0 350.0 1536.0 348.0 1536.0 346.0 1530.0 340.0 1530.0 338.0 1526.0 334.0 1526.0 332.0 1516.0 322.0 1516.0 320.0 1514.0 318.0 1508.0 318.0 1506.0 316.0 1498.0 316.0 1496.0 314.0 1492.0 314.0 1490.0 312.0 1486.0 312.0 1484.0 310.0 1476.0 310.0 1474.0 308.0 1462.0 308.0 1460.0 306.0 1450.0 306.0 1448.0 304.0 1440.0 304.0 1438.0 302.0 1422.0 302.0 1420.0 300.0 1404.0 300.0 1402.0 302.0 1398.0 302.0 1396.0 304.0 1386.0 304.0 1384.0 306.0 1370.0 306.0 1368.0 308.0 1338.0 308.0 1336.0 306.0 1318.0 306.0 1316.0 304.0 1296.0 304.0 1294.0 302.0 1268.0 302.0 1266.0 300.0 1256.0 300.0 1254.0 298.0 1254.0 292.0 0.7587965130805969
4.0 100.0 4.0 1194.0 198.0 1194.0 198.0 1144.0 196.0 1142.0 196.0 1074.0 194.0 1072.0 194.0 1046.0 192.0 1044.0 192.0 1010.0 190.0 1008.0 190.0 958.0 192.0 956.0 192.0 784.0 190.0 782.0 190.0 762.0 188.0 760.0 188.0 740.0 186.0 738.0 186.0 722.0 184.0 720.0 184.0 706.0 182.0 704.0 182.0 694.0 180.0 692.0 180.0 684.0 178.0 682.0 178.0 666.0 176.0 664.0 176.0 632.0 174.0 630.0 174.0 600.0 176.0 598.0 176.0 534.0 178.0 532.0 178.0 490.0 176.0 488.0 176.0 446.0 174.0 444.0 174.0 402.0 172.0 400.0 172.0 396.0 170.0 394.0 170.0 390.0 166.0 386.0 166.0 376.0 164.0 374.0 164.0 346.0 166.0 344.0 166.0 308.0 168.0 306.0 168.0 298.0 170.0 296.0 170.0 294.0 172.0 292.0 172.0 284.0 174.0 282.0 174.0 258.0 176.0 256.0 176.0 214.0 178.0 212.0 178.0 190.0 180.0 188.0 180.0 170.0 182.0 168.0 182.0 152.0 180.0 150.0 180.0 126.0 178.0 124.0 178.0 118.0 176.0 116.0 176.0 114.0 174.0 112.0 174.0 110.0 172.0 108.0 172.0 100.0 0.6699211597442627
