1712.0 28.0 1712.0 34.0 1710.0 36.0 1708.0 36.0 1706.0 38.0 1702.0 38.0 1700.0 40.0 1696.0 40.0 1694.0 42.0 1686.0 42.0 1684.0 44.0 1674.0 44.0 1672.0 46.0 1668.0 46.0 1666.0 48.0 1658.0 48.0 1656.0 50.0 1638.0 50.0 1636.0 52.0 1626.0 52.0 1624.0 54.0 1620.0 54.0 1618.0 56.0 1616.0 56.0 1614.0 58.0 1608.0 58.0 1606.0 60.0 1602.0 60.0 1600.0 62.0 1598.0 62.0 1596.0 64.0 1594.0 64.0 1592.0 66.0 1588.0 66.0 1586.0 68.0 1578.0 68.0 1576.0 70.0 1556.0 70.0 1554.0 72.0 1550.0 72.0 1548.0 74.0 1542.0 74.0 1540.0 76.0 1530.0 76.0 1528.0 74.0 1520.0 74.0 1518.0 76.0 1506.0 76.0 1504.0 78.0 1498.0 78.0 1496.0 80.0 1482.0 80.0 1480.0 82.0 1460.0 82.0 1458.0 84.0 1452.0 84.0 1450.0 86.0 1448.0 86.0 1446.0 88.0 1440.0 88.0 1438.0 90.0 1424.0 90.0 1422.0 92.0 1412.0 92.0 1410.0 94.0 1406.0 94.0 1404.0 96.0 1398.0 96.0 1396.0 98.0 1386.0 98.0 1384.0 100.0 1374.0 100.0 1372.0 102.0 1368.0 102.0 1366.0 104.0 1362.0 104.0 1360.0 106.0 1356.0 106.0 1354.0 108.0 1350.0 108.0 1348.0 110.0 1346.0 110.0 1344.0 112.0 1342.0 112.0 1340.0 114.0 1338.0 114.0 1336.0 116.0 1332.0 116.0 1330.0 118.0 1326.0 118.0 1324.0 120.0 1318.0 120.0 1316.0 122.0 1314.0 122.0 1312.0 124.0 1308.0 124.0 1300.0 132.0 1300.0 186.0 1298.0 188.0 1292.0 188.0 1292.0 206.0 1298.0 206.0 1300.0 208.0 1300.0 212.0 1302.0 214.0 1302.0 216.0 1304.0 218.0 1304.0 222.0 1306.0 224.0 1306.0 230.0 1308.0 232.0 1308.0 236.0 1310.0 238.0 1310.0 242.0 1312.0 244.0 1312.0 252.0 1314.0 254.0 1314.0 262.0 1316.0 264.0 1316.0 266.0 1318.0 268.0 1318.0 272.0 1320.0 274.0 1320.0 276.0 1322.0 278.0 1322.0 280.0 1324.0 282.0 1324.0 284.0 1326.0 286.0 1326.0 290.0 1328.0 292.0 1328.0 300.0 1330.0 302.0 1330.0 308.0 1332.0 310.0 1332.0 318.0 1334.0 320.0 1334.0 328.0 1336.0 330.0 1336.0 338.0 1338.0 340.0 1338.0 346.0 1340.0 348.0 1340.0 354.0 1342.0 356.0 1342.0 364.0 1344.0 366.0 1344.0 378.0 1346.0 380.0 1346.0 426.0 1344.0 428.0 1344.0 458.0 1346.0 460.0 1346.0 472.0 1348.0 474.0 1348.0 484.0 1350.0 486.0 1350.0 490.0 1352.0 492.0 1352.0 498.0 1354.0 500.0 1354.0 504.0 1356.0 506.0 1356.0 510.0 1358.0 512.0 1358.0 514.0 1362.0 518.0 1362.0 520.0 1366.0 524.0 1366.0 526.0 1368.0 528.0 1368.0 530.0 1370.0 532.0 1370.0 538.0 1372.0 540.0 1372.0 552.0 1374.0 554.0 1374.0 562.0 1376.0 564.0 1376.0 568.0 1378.0 570.0 1378.0 574.0 1380.0 576.0 1380.0 578.0 1382.0 580.0 1382.0 582.0 1390.0 590.0 1392.0 590.0 1394.0 592.0 1396.0 592.0 1400.0 596.0 1400.0 602.0 1476.0 602.0 1476.0 596.0 1480.0 592.0 1482.0 592.0 1484.0 590.0 1488.0 590.0 1490.0 588.0 1494.0 588.0 1496.0 586.0 1500.0 586.0 1502.0 584.0 1504.0 584.0 1506.0 582.0 1510.0 582.0 1512.0 580.0 1514.0 580.0 1516.0 578.0 1518.0 578.0 1520.0 576.0 1522.0 576.0 1524.0 574.0 1526.0 574.0 1528.0 572.0 1532.0 572.0 1534.0 570.0 1538.0 570.0 1540.0 568.0 1550.0 568.0 1552.0 566.0 1586.0 566.0 1588.0 564.0 1624.0 564.0 1626.0 562.0 1634.0 562.0 1636.0 560.0 1642.0 560.0 1644.0 558.0 1658.0 558.0 1660.0 556.0 1668.0 556.0 1670.0 554.0 1672.0 554.0 1674.0 552.0 1676.0 552.0 1680.0 548.0 1682.0 548.0 1684.0 546.0 1686.0 546.0 1688.0 544.0 1698.0 544.0 1700.0 542.0 1718.0 542.0 1720.0 540.0 1740.0 540.0 1742.0 538.0 1762.0 538.0 1764.0 536.0 1770.0 536.0 1772.0 534.0 1778.0 534.0 1780.0 532.0 1786.0 532.0 1788.0 530.0 1796.0 530.0 1798.0 528.0 1802.0 528.0 1804.0 526.0 1810.0 526.0 1812.0 524.0 1818.0 524.0 1820.0 522.0 1822.0 522.0 1824.0 520.0 1826.0 520.0 1828.0 518.0 1830.0 518.0 1832.0 516.0 1836.0 516.0 1838.0 514.0 1840.0 514.0 1844.0 510.0 1846.0 510.0 1852.0 504.0 1858.0 504.0 1858.0 464.0 1852.0 464.0 1850.0 462.0 1850.0 456.0 1848.0 454.0 1848.0 444.0 1846.0 442.0 1846.0 432.0 1844.0 430.0 1844.0 422.0 1842.0 420.0 1842.0 414.0 1840.0 412.0 1840.0 404.0 1838.0 402.0 1838.0 396.0 1836.0 394.0 1836.0 360.0 1834.0 358.0 1834.0 348.0 1832.0 346.0 1832.0 334.0 1830.0 332.0 1830.0 306.0 1828.0 304.0 1828.0 282.0 1826.0 280.0 1826.0 266.0 1824.0 264.0 1824.0 246.0 1822.0 244.0 1822.0 230.0 1820.0 228.0 1820.0 220.0 1818.0 218.0 1818.0 206.0 1816.0 204.0 1816.0 194.0 1814.0 192.0 1814.0 188.0 1804.0 178.0 1802.0 178.0 1800.0 176.0 1798.0 176.0 1792.0 170.0 1792.0 166.0 1790.0 164.0 1790.0 158.0 1788.0 156.0 1788.0 138.0 1786.0 136.0 1786.0 122.0 1784.0 120.0 1784.0 114.0 1782.0 112.0 1782.0 106.0 1780.0 104.0 1780.0 90.0 1778.0 88.0 1778.0 76.0 1776.0 74.0 1776.0 64.0 1774.0 62.0 1774.0 56.0 1772.0 54.0 1772.0 50.0 1770.0 48.0 1770.0 44.0 1766.0 40.0 1766.0 38.0 1764.0 36.0 1764.0 28.0 0.9773147106170654
834.0 932.0 834.0 938.0 832.0 940.0 830.0 940.0 828.0 942.0 818.0 942.0 816.0 944.0 808.0 944.0 806.0 946.0 802.0 946.0 798.0 950.0 798.0 954.0 796.0 956.0 796.0 974.0 794.0 976.0 794.0 980.0 792.0 982.0 792.0 984.0 786.0 990.0 782.0 990.0 780.0 992.0 776.0 992.0 774.0 994.0 766.0 994.0 764.0 996.0 758.0 996.0 756.0 998.0 748.0 998.0 746.0 1000.0 734.0 1000.0 732.0 1002.0 712.0 1002.0 710.0 1004.0 692.0 1004.0 690.0 1006.0 662.0 1006.0 660.0 1008.0 644.0 1008.0 642.0 1010.0 630.0 1010.0 628.0 1012.0 620.0 1012.0 618.0 1014.0 612.0 1014.0 610.0 1016.0 606.0 1016.0 604.0 1018.0 602.0 1018.0 600.0 1020.0 600.0 1024.0 598.0 1026.0 598.0 1034.0 596.0 1036.0 596.0 1050.0 594.0 1052.0 588.0 1052.0 588.0 1080.0 594.0 1080.0 596.0 1082.0 596.0 1090.0 598.0 1092.0 598.0 1104.0 600.0 1106.0 600.0 1116.0 602.0 1118.0 602.0 1124.0 604.0 1126.0 604.0 1132.0 606.0 1134.0 606.0 1146.0 608.0 1148.0 608.0 1166.0 610.0 1168.0 610.0 1184.0 612.0 1186.0 612.0 1194.0 614.0 1196.0 614.0 1222.0 616.0 1224.0 616.0 1230.0 614.0 1232.0 614.0 1258.0 616.0 1260.0 616.0 1268.0 618.0 1270.0 618.0 1276.0 620.0 1278.0 620.0 1286.0 622.0 1288.0 622.0 1294.0 624.0 1296.0 624.0 1308.0 626.0 1310.0 626.0 1320.0 628.0 1322.0 628.0 1338.0 630.0 1340.0 630.0 1366.0 632.0 1368.0 632.0 1386.0 634.0 1388.0 634.0 1406.0 636.0 1408.0 636.0 1420.0 638.0 1422.0 638.0 1428.0 640.0 1430.0 640.0 1438.0 642.0 1440.0 642.0 1454.0 644.0 1456.0 644.0 1468.0 646.0 1470.0 646.0 1474.0 648.0 1476.0 648.0 1480.0 650.0 1482.0 650.0 1484.0 652.0 1486.0 652.0 1494.0 654.0 1496.0 654.0 1508.0 656.0 1510.0 656.0 1516.0 658.0 1518.0 658.0 1538.0 656.0 1540.0 656.0 1550.0 658.0 1552.0 658.0 1570.0 742.0 1570.0 742.0 1564.0 744.0 1562.0 746.0 1562.0 748.0 1560.0 752.0 1560.0 754.0 1558.0 766.0 1558.0 768.0 1556.0 786.0 1556.0 788.0 1554.0 794.0 1554.0 796.0 1552.0 800.0 1552.0 802.0 1550.0 808.0 1550.0 810.0 1548.0 834.0 1548.0 836.0 1546.0 848.0 1546.0 850.0 1544.0 858.0 1544.0 860.0 1542.0 874.0 1542.0 876.0 1540.0 910.0 1540.0 912.0 1538.0 922.0 1538.0 924.0 1536.0 932.0 1536.0 934.0 1534.0 948.0 1534.0 950.0 1532.0 968.0 1532.0 970.0 1530.0 980.0 1530.0 982.0 1528.0 986.0 1528.0 988.0 1526.0 996.0 1526.0 998.0 1524.0 1010.0 1524.0 1012.0 1522.0 1026.0 1522.0 1026.0 1458.0 1020.0 1458.0 1016.0 1454.0 1016.0 1452.0 1014.0 1450.0 1014.0 1442.0 1012.0 1440.0 1012.0 1430.0 1010.0 1428.0 1010.0 1422.0 1008.0 1420.0 1008.0 1384.0 1006.0 1382.0 1006.0 1376.0 1004.0 1374.0 1004.0 1368.0 1002.0 1366.0 1002.0 1360.0 1000.0 1358.0 1000.0 1350.0 998.0 1348.0 998.0 1336.0 996.0 1334.0 996.0 1330.0 994.0 1328.0 994.0 1326.0 992.0 1324.0 992.0 1320.0 990.0 1318.0 990.0 1314.0 988.0 1312.0 988.0 1310.0 986.0 1308.0 986.0 1304.0 984.0 1302.0 984.0 1294.0 982.0 1292.0 982.0 1276.0 980.0 1274.0 980.0 1248.0 978.0 1246.0 978.0 1200.0 976.0 1198.0 976.0 1190.0 974.0 1188.0 974.0 1180.0 972.0 1178.0 972.0 1172.0 970.0 1170.0 970.0 1168.0 968.0 1166.0 968.0 1164.0 966.0 1162.0 966.0 1160.0 964.0 1158.0 964.0 1154.0 962.0 1152.0 962.0 1150.0 960.0 1148.0 960.0 1142.0 958.0 1140.0 958.0 1126.0 956.0 1124.0 956.0 1114.0 954.0 1112.0 954.0 1098.0 956.0 1096.0 956.0 1092.0 958.0 1090.0 958.0 1084.0 960.0 1082.0 960.0 1078.0 962.0 1076.0 962.0 1056.0 960.0 1054.0 960.0 1050.0 958.0 1048.0 958.0 1042.0 956.0 1040.0 956.0 1036.0 954.0 1034.0 954.0 1032.0 952.0 1030.0 952.0 1028.0 950.0 1026.0 950.0 1024.0 948.0 1022.0 948.0 1012.0 946.0 1010.0 946.0 1006.0 948.0 1004.0 948.0 974.0 946.0 972.0 946.0 932.0 0.960040271282196
1028.0 1764.0 1028.0 1770.0 1026.0 1772.0 1024.0 1772.0 1022.0 1774.0 1016.0 1774.0 1014.0 1776.0 1006.0 1776.0 1004.0 1778.0 992.0 1778.0 990.0 1780.0 966.0 1780.0 964.0 1778.0 954.0 1778.0 952.0 1776.0 912.0 1776.0 910.0 1778.0 890.0 1778.0 888.0 1780.0 880.0 1780.0 878.0 1782.0 872.0 1782.0 870.0 1784.0 864.0 1784.0 862.0 1786.0 856.0 1786.0 854.0 1788.0 852.0 1788.0 850.0 1790.0 846.0 1790.0 844.0 1792.0 842.0 1792.0 840.0 1794.0 838.0 1794.0 836.0 1796.0 834.0 1796.0 832.0 1798.0 830.0 1798.0 828.0 1800.0 820.0 1800.0 818.0 1802.0 760.0 1802.0 758.0 1804.0 724.0 1804.0 722.0 1806.0 710.0 1806.0 708.0 1808.0 702.0 1808.0 700.0 1810.0 694.0 1810.0 692.0 1812.0 688.0 1812.0 686.0 1814.0 682.0 1814.0 680.0 1816.0 676.0 1816.0 674.0 1818.0 668.0 1818.0 666.0 1820.0 662.0 1820.0 660.0 1822.0 658.0 1822.0 656.0 1824.0 654.0 1824.0 652.0 1826.0 650.0 1826.0 648.0 1828.0 646.0 1828.0 646.0 1830.0 640.0 1836.0 640.0 1838.0 638.0 1840.0 638.0 1842.0 634.0 1846.0 628.0 1846.0 628.0 1912.0 634.0 1912.0 636.0 1914.0 636.0 1918.0 638.0 1920.0 638.0 1936.0 640.0 1938.0 640.0 1948.0 642.0 1950.0 642.0 1958.0 644.0 1960.0 644.0 1968.0 646.0 1970.0 646.0 1982.0 648.0 1984.0 648.0 2010.0 650.0 2012.0 650.0 2028.0 652.0 2030.0 652.0 2038.0 654.0 2040.0 654.0 2046.0 1194.0 2046.0 1194.0 2000.0 1188.0 2000.0 1186.0 1998.0 1186.0 1992.0 1184.0 1990.0 1184.0 1980.0 1182.0 1978.0 1182.0 1968.0 1180.0 1966.0 1180.0 1952.0 1178.0 1950.0 1178.0 1940.0 1176.0 1938.0 1176.0 1926.0 1174.0 1924.0 1174.0 1904.0 1172.0 1902.0 1172.0 1880.0 1170.0 1878.0 1170.0 1862.0 1168.0 1860.0 1168.0 1844.0 1166.0 1842.0 1166.0 1816.0 1164.0 1814.0 1164.0 1796.0 1162.0 1794.0 1162.0 1784.0 1160.0 1782.0 1160.0 1776.0 1158.0 1774.0 1158.0 1764.0 0.9599029421806335
1104.0 228.0 1104.0 234.0 1102.0 236.0 1100.0 236.0 1098.0 238.0 1094.0 238.0 1092.0 240.0 1088.0 240.0 1086.0 242.0 1080.0 242.0 1078.0 244.0 1072.0 244.0 1070.0 246.0 1062.0 246.0 1060.0 248.0 1052.0 248.0 1050.0 250.0 1042.0 250.0 1040.0 252.0 1034.0 252.0 1032.0 254.0 1024.0 254.0 1022.0 256.0 1012.0 256.0 1010.0 258.0 986.0 258.0 984.0 260.0 964.0 260.0 962.0 262.0 954.0 262.0 952.0 264.0 946.0 264.0 944.0 266.0 934.0 266.0 932.0 268.0 924.0 268.0 922.0 270.0 916.0 270.0 914.0 272.0 904.0 272.0 902.0 274.0 892.0 274.0 890.0 276.0 884.0 276.0 882.0 278.0 874.0 278.0 872.0 280.0 860.0 280.0 858.0 282.0 848.0 282.0 846.0 284.0 834.0 284.0 832.0 286.0 808.0 286.0 806.0 288.0 794.0 288.0 792.0 290.0 790.0 290.0 788.0 292.0 786.0 292.0 782.0 296.0 780.0 296.0 778.0 298.0 774.0 298.0 772.0 300.0 764.0 300.0 760.0 296.0 758.0 296.0 754.0 292.0 752.0 292.0 742.0 282.0 740.0 282.0 738.0 280.0 734.0 280.0 732.0 278.0 728.0 278.0 726.0 276.0 724.0 276.0 722.0 274.0 718.0 274.0 716.0 272.0 712.0 272.0 710.0 270.0 708.0 270.0 706.0 268.0 698.0 268.0 696.0 266.0 690.0 266.0 688.0 268.0 684.0 268.0 682.0 270.0 680.0 270.0 678.0 272.0 676.0 272.0 672.0 276.0 674.0 278.0 674.0 282.0 672.0 284.0 672.0 286.0 668.0 290.0 668.0 292.0 666.0 294.0 664.0 294.0 658.0 300.0 656.0 300.0 654.0 302.0 646.0 302.0 644.0 300.0 636.0 300.0 634.0 298.0 632.0 298.0 630.0 296.0 628.0 296.0 626.0 294.0 618.0 294.0 616.0 292.0 602.0 292.0 600.0 294.0 588.0 294.0 586.0 296.0 578.0 296.0 576.0 298.0 564.0 298.0 562.0 300.0 542.0 300.0 540.0 302.0 522.0 302.0 520.0 304.0 510.0 304.0 508.0 306.0 500.0 306.0 498.0 308.0 496.0 308.0 494.0 310.0 492.0 310.0 490.0 312.0 486.0 312.0 484.0 314.0 478.0 314.0 476.0 316.0 474.0 316.0 472.0 318.0 468.0 318.0 464.0 322.0 462.0 322.0 458.0 326.0 452.0 326.0 452.0 394.0 458.0 394.0 462.0 398.0 462.0 404.0 464.0 406.0 464.0 414.0 466.0 416.0 466.0 430.0 468.0 432.0 468.0 440.0 470.0 442.0 470.0 444.0 472.0 446.0 472.0 452.0 474.0 454.0 474.0 460.0 476.0 462.0 476.0 468.0 478.0 470.0 478.0 476.0 480.0 478.0 480.0 486.0 482.0 488.0 482.0 502.0 484.0 504.0 484.0 516.0 486.0 518.0 486.0 522.0 488.0 524.0 488.0 532.0 490.0 534.0 490.0 554.0 492.0 556.0 492.0 578.0 494.0 580.0 494.0 590.0 496.0 592.0 496.0 608.0 498.0 610.0 498.0 626.0 500.0 628.0 500.0 644.0 502.0 646.0 502.0 654.0 504.0 656.0 504.0 664.0 506.0 666.0 506.0 674.0 508.0 676.0 508.0 682.0 510.0 684.0 510.0 690.0 512.0 692.0 512.0 698.0 514.0 700.0 514.0 714.0 516.0 716.0 516.0 730.0 518.0 732.0 518.0 738.0 520.0 740.0 520.0 746.0 522.0 748.0 522.0 758.0 524.0 760.0 524.0 764.0 530.0 770.0 530.0 772.0 532.0 772.0 532.0 768.0 534.0 766.0 534.0 762.0 536.0 760.0 536.0 758.0 540.0 754.0 542.0 756.0 542.0 758.0 544.0 760.0 546.0 760.0 548.0 762.0 548.0 768.0 550.0 770.0 550.0 780.0 552.0 782.0 552.0 792.0 554.0 794.0 554.0 800.0 556.0 802.0 556.0 814.0 558.0 816.0 558.0 832.0 560.0 834.0 560.0 844.0 562.0 846.0 562.0 850.0 564.0 852.0 564.0 860.0 566.0 862.0 566.0 872.0 568.0 874.0 568.0 876.0 570.0 878.0 570.0 880.0 574.0 884.0 574.0 890.0 606.0 890.0 606.0 884.0 608.0 882.0 610.0 882.0 612.0 880.0 620.0 880.0 622.0 878.0 630.0 878.0 632.0 876.0 642.0 876.0 644.0 874.0 650.0 874.0 652.0 872.0 666.0 872.0 668.0 870.0 694.0 870.0 696.0 872.0 720.0 872.0 722.0 874.0 724.0 874.0 726.0 872.0 738.0 872.0 740.0 870.0 752.0 870.0 754.0 868.0 774.0 868.0 776.0 866.0 792.0 866.0 794.0 864.0 816.0 864.0 818.0 866.0 826.0 866.0 828.0 868.0 834.0 868.0 836.0 866.0 856.0 866.0 858.0 864.0 872.0 864.0 874.0 862.0 884.0 862.0 886.0 860.0 912.0 860.0 914.0 862.0 918.0 862.0 920.0 864.0 924.0 864.0 926.0 866.0 932.0 866.0 934.0 868.0 940.0 868.0 942.0 870.0 944.0 870.0 946.0 872.0 948.0 872.0 950.0 874.0 952.0 874.0 954.0 876.0 1002.0 876.0 1004.0 874.0 1018.0 874.0 1020.0 876.0 1030.0 876.0 1032.0 874.0 1046.0 874.0 1048.0 872.0 1058.0 872.0 1060.0 870.0 1068.0 870.0 1070.0 868.0 1076.0 868.0 1078.0 866.0 1084.0 866.0 1086.0 864.0 1096.0 864.0 1098.0 862.0 1110.0 862.0 1112.0 860.0 1120.0 860.0 1122.0 858.0 1134.0 858.0 1136.0 856.0 1150.0 856.0 1152.0 858.0 1166.0 858.0 1168.0 860.0 1182.0 860.0 1184.0 862.0 1206.0 862.0 1208.0 860.0 1226.0 860.0 1228.0 858.0 1236.0 858.0 1238.0 856.0 1250.0 856.0 1250.0 830.0 1242.0 830.0 1240.0 828.0 1240.0 826.0 1238.0 824.0 1238.0 818.0 1236.0 816.0 1236.0 808.0 1234.0 806.0 1234.0 794.0 1232.0 792.0 1232.0 772.0 1230.0 770.0 1230.0 764.0 1228.0 762.0 1228.0 760.0 1226.0 758.0 1226.0 756.0 1224.0 754.0 1224.0 750.0 1222.0 748.0 1222.0 744.0 1220.0 742.0 1220.0 736.0 1218.0 734.0 1218.0 724.0 1216.0 722.0 1216.0 712.0 1214.0 710.0 1214.0 702.0 1212.0 700.0 1212.0 694.0 1210.0 692.0 1210.0 686.0 1208.0 684.0 1208.0 676.0 1206.0 674.0 1206.0 666.0 1204.0 664.0 1204.0 656.0 1202.0 654.0 1202.0 648.0 1200.0 646.0 1200.0 638.0 1198.0 636.0 1198.0 626.0 1196.0 624.0 1196.0 610.0 1194.0 608.0 1194.0 596.0 1192.0 594.0 1192.0 590.0 1190.0 588.0 1190.0 582.0 1188.0 580.0 1188.0 574.0 1186.0 572.0 1186.0 564.0 1184.0 562.0 1184.0 552.0 1182.0 550.0 1182.0 540.0 1180.0 538.0 1180.0 530.0 1178.0 528.0 1178.0 522.0 1176.0 520.0 1176.0 510.0 1174.0 508.0 1174.0 494.0 1172.0 492.0 1172.0 482.0 1170.0 480.0 1170.0 470.0 1168.0 468.0 1168.0 456.0 1166.0 454.0 1166.0 444.0 1164.0 442.0 1164.0 438.0 1162.0 436.0 1162.0 408.0 1164.0 406.0 1164.0 398.0 1162.0 396.0 1162.0 366.0 1164.0 364.0 1164.0 362.0 1166.0 360.0 1166.0 356.0 1168.0 354.0 1168.0 352.0 1166.0 350.0 1166.0 330.0 1164.0 328.0 1164.0 314.0 1162.0 312.0 1162.0 304.0 1160.0 302.0 1160.0 294.0 1158.0 292.0 1158.0 276.0 1156.0 274.0 1156.0 268.0 1154.0 266.0 1154.0 262.0 1150.0 258.0 1150.0 256.0 1142.0 248.0 1140.0 248.0 1132.0 240.0 1132.0 238.0 1130.0 238.0 1126.0 234.0 1126.0 228.0 0.9545502066612244
1018.0 900.0 1018.0 906.0 1014.0 910.0 1010.0 910.0 1008.0 912.0 1002.0 912.0 1000.0 914.0 988.0 914.0 988.0 992.0 994.0 992.0 996.0 994.0 996.0 996.0 998.0 998.0 998.0 1008.0 1000.0 1010.0 1000.0 1018.0 1002.0 1020.0 1002.0 1030.0 1004.0 1032.0 1004.0 1042.0 1006.0 1044.0 1006.0 1052.0 1008.0 1054.0 1008.0 1066.0 1010.0 1068.0 1010.0 1078.0 1012.0 1080.0 1012.0 1088.0 1014.0 1090.0 1014.0 1098.0 1016.0 1100.0 1016.0 1108.0 1018.0 1110.0 1018.0 1120.0 1020.0 1122.0 1020.0 1132.0 1022.0 1134.0 1022.0 1142.0 1024.0 1144.0 1024.0 1154.0 1026.0 1156.0 1026.0 1166.0 1028.0 1168.0 1028.0 1176.0 1030.0 1178.0 1030.0 1188.0 1032.0 1190.0 1032.0 1198.0 1034.0 1200.0 1034.0 1212.0 1036.0 1214.0 1036.0 1222.0 1038.0 1224.0 1038.0 1238.0 1040.0 1240.0 1040.0 1256.0 1042.0 1258.0 1042.0 1288.0 1040.0 1290.0 1040.0 1292.0 1042.0 1294.0 1042.0 1314.0 1044.0 1316.0 1044.0 1322.0 1046.0 1324.0 1046.0 1330.0 1048.0 1332.0 1048.0 1340.0 1050.0 1342.0 1050.0 1350.0 1052.0 1352.0 1052.0 1358.0 1054.0 1360.0 1054.0 1370.0 1056.0 1372.0 1056.0 1382.0 1058.0 1384.0 1058.0 1392.0 1060.0 1394.0 1060.0 1402.0 1062.0 1404.0 1062.0 1416.0 1064.0 1418.0 1064.0 1450.0 1066.0 1452.0 1066.0 1458.0 1068.0 1460.0 1068.0 1464.0 1070.0 1466.0 1070.0 1474.0 1072.0 1476.0 1072.0 1482.0 1074.0 1484.0 1074.0 1488.0 1076.0 1490.0 1076.0 1498.0 1128.0 1498.0 1128.0 1492.0 1130.0 1490.0 1132.0 1490.0 1134.0 1488.0 1142.0 1488.0 1144.0 1486.0 1154.0 1486.0 1156.0 1484.0 1162.0 1484.0 1164.0 1482.0 1168.0 1482.0 1170.0 1480.0 1174.0 1480.0 1176.0 1478.0 1180.0 1478.0 1182.0 1476.0 1184.0 1476.0 1186.0 1474.0 1188.0 1474.0 1190.0 1472.0 1192.0 1472.0 1194.0 1470.0 1196.0 1470.0 1198.0 1468.0 1202.0 1468.0 1204.0 1466.0 1206.0 1466.0 1210.0 1462.0 1212.0 1462.0 1214.0 1460.0 1216.0 1460.0 1218.0 1458.0 1222.0 1458.0 1224.0 1456.0 1230.0 1456.0 1232.0 1454.0 1236.0 1454.0 1238.0 1452.0 1242.0 1452.0 1244.0 1450.0 1250.0 1450.0 1252.0 1448.0 1260.0 1448.0 1262.0 1446.0 1270.0 1446.0 1272.0 1444.0 1278.0 1444.0 1280.0 1442.0 1288.0 1442.0 1290.0 1440.0 1298.0 1440.0 1300.0 1438.0 1308.0 1438.0 1310.0 1436.0 1318.0 1436.0 1320.0 1434.0 1330.0 1434.0 1332.0 1432.0 1340.0 1432.0 1342.0 1430.0 1348.0 1430.0 1350.0 1428.0 1352.0 1428.0 1354.0 1426.0 1356.0 1426.0 1358.0 1424.0 1358.0 1422.0 1360.0 1420.0 1360.0 1416.0 1362.0 1414.0 1362.0 1386.0 1364.0 1384.0 1364.0 1382.0 1366.0 1380.0 1366.0 1336.0 1364.0 1334.0 1364.0 1324.0 1362.0 1322.0 1362.0 1314.0 1360.0 1312.0 1360.0 1308.0 1358.0 1306.0 1358.0 1302.0 1356.0 1300.0 1356.0 1294.0 1354.0 1292.0 1354.0 1290.0 1352.0 1288.0 1352.0 1284.0 1350.0 1282.0 1350.0 1280.0 1348.0 1278.0 1348.0 1274.0 1346.0 1272.0 1346.0 1270.0 1344.0 1268.0 1344.0 1264.0 1342.0 1262.0 1342.0 1236.0 1340.0 1234.0 1340.0 1226.0 1338.0 1224.0 1338.0 1218.0 1336.0 1216.0 1336.0 1210.0 1334.0 1208.0 1334.0 1202.0 1332.0 1200.0 1332.0 1192.0 1330.0 1190.0 1330.0 1186.0 1328.0 1184.0 1328.0 1182.0 1326.0 1180.0 1326.0 1178.0 1324.0 1176.0 1322.0 1176.0 1320.0 1174.0 1316.0 1174.0 1314.0 1172.0 1312.0 1172.0 1310.0 1170.0 1310.0 1144.0 1308.0 1142.0 1308.0 1130.0 1306.0 1128.0 1306.0 1120.0 1304.0 1118.0 1304.0 1106.0 1302.0 1104.0 1302.0 1088.0 1300.0 1086.0 1300.0 1076.0 1298.0 1074.0 1298.0 1066.0 1296.0 1064.0 1296.0 1006.0 1294.0 1004.0 1294.0 992.0 1292.0 990.0 1292.0 984.0 1290.0 982.0 1290.0 976.0 1288.0 974.0 1288.0 968.0 1286.0 966.0 1286.0 948.0 1284.0 946.0 1284.0 940.0 1282.0 938.0 1282.0 900.0 1196.0 900.0 1196.0 906.0 1194.0 908.0 1192.0 908.0 1190.0 910.0 1182.0 910.0 1180.0 912.0 1170.0 912.0 1168.0 914.0 1160.0 914.0 1158.0 916.0 1148.0 916.0 1146.0 918.0 1128.0 918.0 1126.0 920.0 1112.0 920.0 1110.0 922.0 1102.0 922.0 1100.0 924.0 1090.0 924.0 1088.0 926.0 1074.0 926.0 1072.0 924.0 1070.0 924.0 1060.0 914.0 1060.0 912.0 1056.0 908.0 1056.0 900.0 0.9400098323822021
1986.0 4.0 1986.0 10.0 1984.0 12.0 1980.0 12.0 1978.0 14.0 1964.0 14.0 1962.0 16.0 1938.0 16.0 1936.0 18.0 1928.0 18.0 1926.0 20.0 1922.0 20.0 1918.0 24.0 1916.0 24.0 1914.0 26.0 1912.0 26.0 1894.0 44.0 1892.0 44.0 1890.0 46.0 1888.0 46.0 1864.0 70.0 1860.0 70.0 1858.0 72.0 1856.0 72.0 1852.0 76.0 1850.0 76.0 1848.0 78.0 1846.0 78.0 1844.0 80.0 1836.0 80.0 1836.0 154.0 1842.0 154.0 1844.0 156.0 1844.0 162.0 1846.0 164.0 1846.0 174.0 1848.0 176.0 1848.0 182.0 1850.0 184.0 1850.0 190.0 1852.0 192.0 1852.0 200.0 1854.0 202.0 1854.0 206.0 1852.0 208.0 1852.0 216.0 1850.0 218.0 1850.0 242.0 1852.0 244.0 1852.0 254.0 1854.0 256.0 1854.0 268.0 1856.0 270.0 1856.0 284.0 1858.0 286.0 1858.0 298.0 1860.0 300.0 1860.0 308.0 1862.0 310.0 1862.0 318.0 1864.0 320.0 1864.0 332.0 1866.0 334.0 1866.0 346.0 1868.0 348.0 1868.0 360.0 1870.0 362.0 1870.0 374.0 1872.0 376.0 1872.0 386.0 1874.0 388.0 1874.0 402.0 1876.0 404.0 1876.0 416.0 1878.0 418.0 1878.0 436.0 1880.0 438.0 1880.0 448.0 1882.0 450.0 1882.0 456.0 1884.0 458.0 1884.0 462.0 1886.0 464.0 1886.0 466.0 1888.0 468.0 1888.0 470.0 1894.0 476.0 1896.0 476.0 1898.0 478.0 1902.0 478.0 1904.0 480.0 1912.0 480.0 1914.0 482.0 1926.0 482.0 1928.0 480.0 1940.0 480.0 1942.0 478.0 1966.0 478.0 1968.0 476.0 1978.0 476.0 1980.0 474.0 1984.0 474.0 1986.0 472.0 1988.0 472.0 1990.0 470.0 1994.0 470.0 1996.0 468.0 2000.0 468.0 2002.0 466.0 2006.0 466.0 2008.0 464.0 2010.0 464.0 2012.0 462.0 2016.0 462.0 2018.0 460.0 2026.0 460.0 2028.0 458.0 2032.0 458.0 2034.0 456.0 2038.0 456.0 2040.0 454.0 2046.0 454.0 2046.0 4.0 0.9380504488945007
2024.0 980.0 2024.0 988.0 2022.0 990.0 2020.0 990.0 2016.0 994.0 2014.0 994.0 2010.0 998.0 2006.0 998.0 2004.0 1000.0 1998.0 1000.0 1996.0 998.0 1984.0 998.0 1982.0 1000.0 1980.0 1000.0 1978.0 1002.0 1976.0 1002.0 1968.0 1010.0 1966.0 1010.0 1964.0 1012.0 1962.0 1012.0 1960.0 1014.0 1944.0 1014.0 1942.0 1012.0 1914.0 1012.0 1912.0 1014.0 1908.0 1014.0 1904.0 1018.0 1902.0 1018.0 1898.0 1022.0 1898.0 1024.0 1892.0 1030.0 1892.0 1032.0 1882.0 1042.0 1878.0 1042.0 1876.0 1044.0 1872.0 1044.0 1870.0 1046.0 1866.0 1046.0 1864.0 1048.0 1862.0 1048.0 1860.0 1050.0 1856.0 1050.0 1854.0 1052.0 1850.0 1052.0 1848.0 1054.0 1844.0 1054.0 1842.0 1056.0 1840.0 1056.0 1838.0 1058.0 1834.0 1058.0 1832.0 1060.0 1826.0 1060.0 1824.0 1062.0 1822.0 1062.0 1820.0 1064.0 1818.0 1064.0 1816.0 1066.0 1814.0 1066.0 1812.0 1068.0 1810.0 1068.0 1808.0 1070.0 1804.0 1070.0 1802.0 1072.0 1798.0 1072.0 1796.0 1074.0 1794.0 1074.0 1792.0 1076.0 1784.0 1076.0 1782.0 1078.0 1776.0 1078.0 1774.0 1080.0 1768.0 1080.0 1766.0 1082.0 1760.0 1082.0 1758.0 1084.0 1748.0 1084.0 1746.0 1086.0 1738.0 1086.0 1736.0 1088.0 1730.0 1088.0 1728.0 1090.0 1724.0 1090.0 1722.0 1092.0 1716.0 1092.0 1714.0 1094.0 1712.0 1094.0 1710.0 1096.0 1706.0 1096.0 1704.0 1098.0 1702.0 1098.0 1698.0 1102.0 1682.0 1102.0 1680.0 1104.0 1672.0 1104.0 1670.0 1106.0 1658.0 1106.0 1656.0 1108.0 1650.0 1108.0 1648.0 1110.0 1648.0 1114.0 1638.0 1124.0 1634.0 1124.0 1632.0 1126.0 1626.0 1126.0 1624.0 1128.0 1622.0 1128.0 1618.0 1132.0 1614.0 1132.0 1612.0 1134.0 1608.0 1134.0 1606.0 1136.0 1604.0 1136.0 1602.0 1138.0 1600.0 1138.0 1598.0 1140.0 1594.0 1140.0 1586.0 1148.0 1586.0 1150.0 1584.0 1152.0 1584.0 1156.0 1582.0 1158.0 1582.0 1168.0 1580.0 1170.0 1580.0 1172.0 1576.0 1176.0 1574.0 1176.0 1570.0 1180.0 1568.0 1180.0 1566.0 1182.0 1562.0 1182.0 1560.0 1184.0 1558.0 1184.0 1556.0 1186.0 1548.0 1186.0 1548.0 1322.0 1554.0 1322.0 1558.0 1326.0 1558.0 1332.0 1560.0 1334.0 1560.0 1346.0 1562.0 1348.0 1562.0 1352.0 1564.0 1354.0 1564.0 1356.0 1566.0 1356.0 1572.0 1362.0 1574.0 1362.0 1584.0 1372.0 1584.0 1374.0 1586.0 1376.0 1586.0 1378.0 1588.0 1380.0 1588.0 1388.0 1590.0 1390.0 1590.0 1394.0 1592.0 1396.0 1592.0 1400.0 1594.0 1402.0 1594.0 1406.0 1596.0 1408.0 1596.0 1410.0 1604.0 1418.0 1608.0 1418.0 1610.0 1420.0 1626.0 1420.0 1628.0 1422.0 1630.0 1422.0 1636.0 1428.0 1636.0 1434.0 1638.0 1436.0 1638.0 1444.0 1640.0 1446.0 1640.0 1448.0 1642.0 1450.0 1642.0 1452.0 1644.0 1452.0 1646.0 1454.0 1672.0 1454.0 1674.0 1452.0 1684.0 1452.0 1686.0 1450.0 1692.0 1450.0 1694.0 1448.0 1700.0 1448.0 1702.0 1446.0 1710.0 1446.0 1712.0 1444.0 1722.0 1444.0 1724.0 1442.0 1730.0 1442.0 1732.0 1440.0 1738.0 1440.0 1740.0 1438.0 1748.0 1438.0 1750.0 1436.0 1768.0 1436.0 1770.0 1434.0 1774.0 1434.0 1776.0 1436.0 1784.0 1436.0 1786.0 1434.0 1800.0 1434.0 1802.0 1432.0 1812.0 1432.0 1814.0 1430.0 1832.0 1430.0 1834.0 1428.0 1838.0 1428.0 1840.0 1430.0 1842.0 1430.0 1844.0 1428.0 1860.0 1428.0 1862.0 1426.0 1868.0 1426.0 1870.0 1424.0 1876.0 1424.0 1878.0 1422.0 1882.0 1422.0 1884.0 1420.0 1890.0 1420.0 1892.0 1418.0 1896.0 1418.0 1898.0 1416.0 1908.0 1416.0 1910.0 1414.0 1918.0 1414.0 1920.0 1412.0 1928.0 1412.0 1930.0 1410.0 1936.0 1410.0 1938.0 1408.0 1950.0 1408.0 1952.0 1406.0 1962.0 1406.0 1964.0 1408.0 2008.0 1408.0 2010.0 1410.0 2010.0 1412.0 2006.0 1416.0 2004.0 1416.0 2000.0 1420.0 1998.0 1420.0 1986.0 1432.0 1984.0 1432.0 1980.0 1436.0 1978.0 1436.0 1976.0 1438.0 1974.0 1438.0 1972.0 1440.0 1970.0 1440.0 1968.0 1442.0 1964.0 1442.0 1962.0 1444.0 1960.0 1444.0 1958.0 1446.0 1956.0 1446.0 1950.0 1452.0 1950.0 1466.0 2046.0 1466.0 2046.0 1428.0 2044.0 1428.0 2040.0 1424.0 2038.0 1424.0 2034.0 1420.0 2030.0 1420.0 2028.0 1418.0 2026.0 1418.0 2024.0 1416.0 2022.0 1416.0 2020.0 1414.0 2016.0 1414.0 2014.0 1412.0 2014.0 1410.0 2016.0 1408.0 2020.0 1408.0 2022.0 1406.0 2024.0 1406.0 2028.0 1402.0 2030.0 1402.0 2032.0 1400.0 2036.0 1400.0 2038.0 1398.0 2040.0 1398.0 2042.0 1396.0 2046.0 1396.0 2046.0 980.0 0.934856116771698
412.0 4.0 412.0 72.0 418.0 72.0 420.0 74.0 420.0 82.0 422.0 84.0 422.0 106.0 424.0 108.0 424.0 116.0 426.0 118.0 426.0 122.0 428.0 124.0 428.0 132.0 430.0 134.0 430.0 144.0 432.0 146.0 432.0 154.0 434.0 156.0 434.0 166.0 436.0 168.0 436.0 178.0 438.0 180.0 438.0 190.0 440.0 192.0 440.0 202.0 442.0 204.0 442.0 216.0 444.0 218.0 444.0 234.0 446.0 236.0 446.0 244.0 448.0 246.0 448.0 254.0 450.0 256.0 450.0 262.0 452.0 264.0 452.0 268.0 458.0 274.0 458.0 282.0 504.0 282.0 504.0 276.0 506.0 274.0 510.0 274.0 512.0 272.0 518.0 272.0 520.0 270.0 526.0 270.0 528.0 268.0 534.0 268.0 536.0 266.0 546.0 266.0 548.0 264.0 558.0 264.0 560.0 262.0 568.0 262.0 570.0 260.0 582.0 260.0 584.0 258.0 600.0 258.0 602.0 256.0 610.0 256.0 612.0 254.0 616.0 254.0 618.0 252.0 624.0 252.0 626.0 250.0 632.0 250.0 634.0 248.0 646.0 248.0 648.0 246.0 654.0 246.0 656.0 244.0 662.0 244.0 664.0 242.0 674.0 242.0 676.0 240.0 690.0 240.0 692.0 238.0 704.0 238.0 706.0 236.0 712.0 236.0 714.0 234.0 722.0 234.0 724.0 232.0 734.0 232.0 736.0 230.0 748.0 230.0 750.0 228.0 760.0 228.0 762.0 226.0 774.0 226.0 776.0 224.0 788.0 224.0 790.0 222.0 794.0 222.0 796.0 220.0 798.0 220.0 800.0 218.0 800.0 216.0 806.0 210.0 850.0 210.0 852.0 208.0 874.0 208.0 876.0 206.0 886.0 206.0 888.0 204.0 898.0 204.0 900.0 202.0 908.0 202.0 910.0 200.0 918.0 200.0 920.0 198.0 930.0 198.0 932.0 196.0 940.0 196.0 942.0 194.0 952.0 194.0 954.0 192.0 966.0 192.0 968.0 190.0 982.0 190.0 984.0 188.0 998.0 188.0 1000.0 186.0 1012.0 186.0 1014.0 184.0 1024.0 184.0 1026.0 182.0 1034.0 182.0 1036.0 180.0 1046.0 180.0 1048.0 178.0 1062.0 178.0 1064.0 176.0 1078.0 176.0 1080.0 174.0 1090.0 174.0 1092.0 172.0 1106.0 172.0 1108.0 170.0 1120.0 170.0 1122.0 168.0 1124.0 168.0 1126.0 166.0 1128.0 166.0 1130.0 164.0 1138.0 164.0 1138.0 140.0 1132.0 140.0 1130.0 138.0 1130.0 136.0 1128.0 134.0 1128.0 126.0 1126.0 124.0 1126.0 114.0 1124.0 112.0 1124.0 80.0 1122.0 78.0 1122.0 64.0 1120.0 62.0 1120.0 44.0 1118.0 42.0 1118.0 28.0 1116.0 26.0 1116.0 16.0 1114.0 14.0 1114.0 4.0 0.9099761843681335
426.0 1884.0 426.0 1890.0 424.0 1892.0 422.0 1892.0 420.0 1894.0 414.0 1894.0 412.0 1896.0 408.0 1896.0 406.0 1898.0 398.0 1898.0 396.0 1900.0 378.0 1900.0 376.0 1902.0 364.0 1902.0 358.0 1908.0 358.0 1912.0 356.0 1914.0 356.0 1916.0 354.0 1918.0 350.0 1918.0 348.0 1920.0 330.0 1920.0 328.0 1922.0 314.0 1922.0 312.0 1924.0 302.0 1924.0 300.0 1926.0 288.0 1926.0 286.0 1928.0 276.0 1928.0 274.0 1930.0 226.0 1930.0 224.0 1928.0 214.0 1928.0 212.0 1926.0 210.0 1926.0 208.0 1928.0 192.0 1928.0 190.0 1930.0 180.0 1930.0 178.0 1932.0 170.0 1932.0 168.0 1934.0 164.0 1934.0 162.0 1936.0 158.0 1936.0 156.0 1938.0 152.0 1938.0 150.0 1940.0 136.0 1940.0 134.0 1938.0 96.0 1938.0 94.0 1940.0 84.0 1940.0 82.0 1942.0 70.0 1942.0 68.0 1944.0 58.0 1944.0 56.0 1946.0 46.0 1946.0 44.0 1948.0 32.0 1948.0 30.0 1950.0 16.0 1950.0 14.0 1952.0 4.0 1952.0 4.0 2046.0 506.0 2046.0 506.0 1946.0 500.0 1946.0 498.0 1944.0 498.0 1942.0 496.0 1940.0 496.0 1930.0 494.0 1928.0 494.0 1916.0 492.0 1914.0 492.0 1904.0 490.0 1902.0 490.0 1898.0 488.0 1896.0 488.0 1894.0 486.0 1892.0 486.0 1884.0 0.6216598153114319
804.0 4.0 804.0 208.0 812.0 208.0 814.0 210.0 834.0 210.0 836.0 208.0 870.0 208.0 872.0 206.0 884.0 206.0 886.0 204.0 896.0 204.0 898.0 202.0 908.0 202.0 910.0 200.0 918.0 200.0 920.0 198.0 928.0 198.0 930.0 196.0 936.0 196.0 938.0 194.0 948.0 194.0 950.0 192.0 960.0 192.0 962.0 190.0 974.0 190.0 976.0 188.0 994.0 188.0 996.0 186.0 1008.0 186.0 1010.0 184.0 1020.0 184.0 1022.0 182.0 1032.0 182.0 1034.0 180.0 1042.0 180.0 1044.0 178.0 1056.0 178.0 1058.0 176.0 1074.0 176.0 1076.0 174.0 1086.0 174.0 1088.0 172.0 1100.0 172.0 1102.0 170.0 1116.0 170.0 1118.0 168.0 1124.0 168.0 1126.0 166.0 1128.0 166.0 1130.0 164.0 1138.0 164.0 1138.0 140.0 1132.0 140.0 1130.0 138.0 1130.0 136.0 1128.0 134.0 1128.0 128.0 1126.0 126.0 1126.0 116.0 1124.0 114.0 1124.0 74.0 1122.0 72.0 1122.0 40.0 1120.0 38.0 1120.0 28.0 1118.0 26.0 1118.0 20.0 1116.0 18.0 1116.0 4.0 0.5807036757469177
1788.0 564.0 1788.0 570.0 1784.0 574.0 1780.0 574.0 1778.0 576.0 1772.0 576.0 1770.0 578.0 1758.0 578.0 1756.0 580.0 1728.0 580.0 1726.0 582.0 1720.0 582.0 1718.0 584.0 1714.0 584.0 1712.0 586.0 1708.0 586.0 1706.0 588.0 1702.0 588.0 1698.0 592.0 1696.0 592.0 1694.0 594.0 1688.0 594.0 1686.0 596.0 1626.0 596.0 1624.0 598.0 1614.0 598.0 1612.0 600.0 1602.0 600.0 1600.0 602.0 1586.0 602.0 1584.0 604.0 1570.0 604.0 1568.0 606.0 1556.0 606.0 1554.0 608.0 1546.0 608.0 1544.0 610.0 1532.0 610.0 1530.0 612.0 1520.0 612.0 1518.0 614.0 1506.0 614.0 1504.0 616.0 1494.0 616.0 1492.0 618.0 1486.0 618.0 1484.0 620.0 1480.0 620.0 1478.0 622.0 1472.0 622.0 1470.0 624.0 1462.0 624.0 1460.0 626.0 1448.0 626.0 1446.0 628.0 1440.0 628.0 1438.0 630.0 1434.0 630.0 1432.0 632.0 1420.0 632.0 1420.0 708.0 1428.0 708.0 1440.0 720.0 1440.0 722.0 1442.0 724.0 1442.0 728.0 1444.0 730.0 1444.0 748.0 1446.0 750.0 1446.0 756.0 1450.0 760.0 1450.0 762.0 1452.0 764.0 1452.0 766.0 1454.0 768.0 1454.0 776.0 1456.0 778.0 1456.0 790.0 1454.0 792.0 1454.0 802.0 1452.0 804.0 1452.0 814.0 1454.0 816.0 1454.0 824.0 1456.0 826.0 1456.0 834.0 1458.0 836.0 1458.0 888.0 1460.0 890.0 1460.0 900.0 1462.0 902.0 1462.0 910.0 1464.0 912.0 1464.0 920.0 1466.0 922.0 1466.0 932.0 1468.0 934.0 1468.0 942.0 1470.0 944.0 1470.0 948.0 1474.0 952.0 1474.0 954.0 1476.0 956.0 1480.0 956.0 1482.0 958.0 1488.0 958.0 1490.0 956.0 1494.0 956.0 1496.0 954.0 1502.0 954.0 1504.0 952.0 1546.0 952.0 1550.0 956.0 1550.0 960.0 1548.0 962.0 1548.0 964.0 1568.0 984.0 1570.0 984.0 1572.0 986.0 1576.0 982.0 1578.0 982.0 1580.0 980.0 1584.0 980.0 1586.0 978.0 1588.0 978.0 1596.0 970.0 1600.0 970.0 1602.0 968.0 1604.0 968.0 1606.0 966.0 1608.0 966.0 1612.0 962.0 1614.0 962.0 1616.0 960.0 1616.0 958.0 1618.0 956.0 1618.0 954.0 1622.0 950.0 1622.0 944.0 1618.0 940.0 1626.0 932.0 1630.0 932.0 1632.0 930.0 1642.0 930.0 1644.0 928.0 1662.0 928.0 1664.0 930.0 1668.0 930.0 1670.0 932.0 1674.0 932.0 1676.0 934.0 1682.0 934.0 1684.0 936.0 1734.0 936.0 1736.0 938.0 1738.0 938.0 1740.0 940.0 1740.0 942.0 1742.0 944.0 1742.0 946.0 1754.0 958.0 1754.0 960.0 1756.0 962.0 1762.0 962.0 1764.0 964.0 1770.0 964.0 1772.0 962.0 1780.0 962.0 1782.0 960.0 1788.0 960.0 1790.0 958.0 1796.0 958.0 1798.0 956.0 1808.0 956.0 1810.0 954.0 1816.0 954.0 1818.0 952.0 1824.0 952.0 1826.0 950.0 1832.0 950.0 1834.0 948.0 1840.0 948.0 1842.0 946.0 1850.0 946.0 1852.0 944.0 1862.0 944.0 1864.0 942.0 1880.0 942.0 1882.0 940.0 1910.0 940.0 1912.0 942.0 1920.0 942.0 1922.0 944.0 1924.0 944.0 1926.0 946.0 1930.0 946.0 1932.0 948.0 1936.0 948.0 1938.0 950.0 1944.0 950.0 1946.0 952.0 1954.0 952.0 1956.0 954.0 1986.0 954.0 1988.0 952.0 1998.0 952.0 2000.0 950.0 2004.0 950.0 2006.0 948.0 2010.0 948.0 2012.0 946.0 2014.0 946.0 2016.0 944.0 2018.0 944.0 2020.0 942.0 2030.0 942.0 2032.0 940.0 2040.0 940.0 2042.0 938.0 2046.0 938.0 2046.0 822.0 2044.0 822.0 2040.0 818.0 2040.0 774.0 2042.0 772.0 2042.0 770.0 2044.0 768.0 2046.0 768.0 2046.0 656.0 2044.0 656.0 2036.0 648.0 2036.0 646.0 2034.0 644.0 2034.0 634.0 2036.0 632.0 2036.0 628.0 2038.0 626.0 2038.0 624.0 2044.0 618.0 2046.0 618.0 2046.0 602.0 2044.0 602.0 2038.0 596.0 2038.0 594.0 2036.0 592.0 2036.0 590.0 2034.0 588.0 2032.0 588.0 2026.0 594.0 2024.0 594.0 2022.0 596.0 2018.0 596.0 2016.0 594.0 2008.0 594.0 2006.0 592.0 1998.0 592.0 1996.0 590.0 1994.0 590.0 1992.0 588.0 1990.0 588.0 1988.0 586.0 1984.0 586.0 1982.0 584.0 1980.0 584.0 1978.0 582.0 1976.0 582.0 1970.0 576.0 1970.0 574.0 1968.0 572.0 1968.0 564.0 0.549646258354187
1386.0 1780.0 1386.0 1786.0 1382.0 1790.0 1380.0 1790.0 1378.0 1792.0 1374.0 1792.0 1372.0 1794.0 1366.0 1794.0 1364.0 1796.0 1356.0 1796.0 1354.0 1798.0 1350.0 1798.0 1348.0 1800.0 1344.0 1800.0 1342.0 1802.0 1338.0 1802.0 1336.0 1804.0 1334.0 1804.0 1332.0 1806.0 1330.0 1806.0 1324.0 1812.0 1322.0 1812.0 1318.0 1816.0 1316.0 1816.0 1314.0 1818.0 1312.0 1818.0 1310.0 1820.0 1308.0 1820.0 1306.0 1822.0 1304.0 1822.0 1302.0 1824.0 1300.0 1824.0 1296.0 1828.0 1292.0 1828.0 1290.0 1830.0 1286.0 1830.0 1284.0 1832.0 1280.0 1832.0 1278.0 1834.0 1274.0 1834.0 1272.0 1836.0 1270.0 1836.0 1268.0 1838.0 1266.0 1838.0 1264.0 1840.0 1262.0 1840.0 1256.0 1846.0 1256.0 1848.0 1254.0 1850.0 1252.0 1850.0 1250.0 1852.0 1244.0 1852.0 1244.0 1960.0 1250.0 1960.0 1254.0 1964.0 1254.0 1968.0 1256.0 1970.0 1256.0 1972.0 1254.0 1974.0 1254.0 1978.0 1256.0 1980.0 1256.0 1994.0 1258.0 1996.0 1258.0 2008.0 1260.0 2010.0 1260.0 2014.0 1262.0 2014.0 1264.0 2016.0 1270.0 2016.0 1272.0 2014.0 1276.0 2014.0 1278.0 2012.0 1282.0 2012.0 1286.0 2016.0 1286.0 2024.0 1288.0 2026.0 1288.0 2034.0 1290.0 2036.0 1290.0 2040.0 1292.0 2042.0 1292.0 2046.0 2034.0 2046.0 2034.0 2004.0 2028.0 2004.0 2026.0 2006.0 2026.0 2008.0 2022.0 2012.0 2020.0 2012.0 2016.0 2008.0 2016.0 2002.0 2014.0 2000.0 2014.0 1996.0 2012.0 1994.0 2012.0 1990.0 2010.0 1988.0 2010.0 1982.0 2008.0 1980.0 2008.0 1950.0 2010.0 1948.0 2010.0 1934.0 2012.0 1932.0 2014.0 1934.0 2014.0 1940.0 2018.0 1944.0 2018.0 1946.0 2022.0 1950.0 2022.0 1952.0 2024.0 1954.0 2024.0 1960.0 2026.0 1962.0 2026.0 1972.0 2028.0 1974.0 2034.0 1974.0 2034.0 1922.0 2018.0 1922.0 2014.0 1926.0 2014.0 1930.0 2012.0 1932.0 2010.0 1930.0 2010.0 1926.0 2008.0 1924.0 2008.0 1922.0 2006.0 1920.0 2006.0 1918.0 2002.0 1914.0 2002.0 1908.0 2000.0 1906.0 2000.0 1890.0 1998.0 1888.0 1998.0 1882.0 1996.0 1880.0 1996.0 1874.0 1994.0 1872.0 1994.0 1858.0 1992.0 1856.0 1992.0 1840.0 1990.0 1838.0 1990.0 1832.0 1988.0 1830.0 1988.0 1826.0 1986.0 1824.0 1986.0 1820.0 1984.0 1818.0 1984.0 1814.0 1982.0 1812.0 1982.0 1808.0 1980.0 1806.0 1980.0 1802.0 1978.0 1800.0 1978.0 1796.0 1976.0 1794.0 1976.0 1790.0 1974.0 1788.0 1974.0 1780.0 1898.0 1780.0 1898.0 1786.0 1896.0 1788.0 1894.0 1788.0 1892.0 1790.0 1884.0 1790.0 1882.0 1792.0 1874.0 1792.0 1872.0 1794.0 1864.0 1794.0 1862.0 1796.0 1856.0 1796.0 1854.0 1798.0 1848.0 1798.0 1846.0 1800.0 1840.0 1800.0 1838.0 1802.0 1830.0 1802.0 1828.0 1804.0 1822.0 1804.0 1820.0 1806.0 1816.0 1806.0 1814.0 1808.0 1806.0 1808.0 1804.0 1810.0 1794.0 1810.0 1792.0 1812.0 1786.0 1812.0 1780.0 1818.0 1780.0 1832.0 1782.0 1834.0 1782.0 1856.0 1784.0 1858.0 1784.0 1874.0 1782.0 1876.0 1784.0 1878.0 1784.0 1884.0 1782.0 1886.0 1782.0 1888.0 1778.0 1892.0 1768.0 1892.0 1766.0 1894.0 1754.0 1894.0 1752.0 1896.0 1740.0 1896.0 1738.0 1898.0 1728.0 1898.0 1726.0 1900.0 1718.0 1900.0 1716.0 1902.0 1672.0 1902.0 1670.0 1904.0 1654.0 1904.0 1652.0 1906.0 1642.0 1906.0 1638.0 1902.0 1638.0 1900.0 1642.0 1896.0 1644.0 1896.0 1646.0 1894.0 1650.0 1894.0 1652.0 1892.0 1656.0 1892.0 1658.0 1890.0 1662.0 1890.0 1664.0 1888.0 1666.0 1888.0 1668.0 1886.0 1672.0 1886.0 1674.0 1884.0 1682.0 1884.0 1684.0 1882.0 1686.0 1882.0 1686.0 1880.0 1688.0 1878.0 1688.0 1876.0 1690.0 1874.0 1690.0 1866.0 1688.0 1864.0 1688.0 1858.0 1686.0 1856.0 1686.0 1852.0 1684.0 1850.0 1684.0 1844.0 1680.0 1840.0 1680.0 1838.0 1678.0 1836.0 1676.0 1836.0 1674.0 1834.0 1662.0 1834.0 1660.0 1832.0 1644.0 1832.0 1642.0 1834.0 1626.0 1834.0 1624.0 1832.0 1612.0 1832.0 1610.0 1830.0 1600.0 1830.0 1598.0 1828.0 1594.0 1828.0 1588.0 1822.0 1588.0 1820.0 1586.0 1818.0 1586.0 1816.0 1584.0 1814.0 1584.0 1810.0 1582.0 1808.0 1582.0 1802.0 1580.0 1800.0 1580.0 1796.0 1570.0 1786.0 1570.0 1780.0 1518.0 1780.0 1518.0 1786.0 1516.0 1788.0 1502.0 1788.0 1500.0 1790.0 1498.0 1790.0 1492.0 1796.0 1486.0 1796.0 1484.0 1798.0 1456.0 1798.0 1452.0 1794.0 1456.0 1790.0 1458.0 1790.0 1460.0 1788.0 1462.0 1788.0 1464.0 1786.0 1464.0 1780.0 0.538346529006958
