1 13391.5 6536.0 39.0 34.0
1 13430.0 6510.5 26.0 45.0
1 13401.5 6492.0 27.0 24.0
1 13456.0 6507.0 24.0 24.0
1 13471.5 6485.5 25.0 17.0
1 13469.5 6466.0 27.0 18.0
1 13439.5 6449.5 29.0 51.0
1 13407.5 6449.5 31.0 55.0
1 13372.0 6450.0 34.0 54.0
1 13342.5 6449.0 23.0 56.0
1 13353.0 6406.0 44.0 28.0
1 13397.5 6381.5 37.0 33.0
1 13432.5 6380.5 27.0 33.0
1 13475.0 6367.5 44.0 31.0
1 13519.5 6372.5 37.0 49.0
1 13559.5 6353.0 39.0 42.0
1 13567.0 6387.0 54.0 22.0
1 13595.0 6354.0 28.0 42.0
1 13630.5 6425.0 35.0 24.0
1 13631.0 6449.5 44.0 21.0
1 13628.5 6473.0 25.0 22.0
1 13651.5 6513.5 63.0 51.0
1 13659.5 6559.0 39.0 32.0
1 13680.5 6593.0 59.0 28.0
1 13686.0 6616.0 46.0 16.0
1 13702.0 6640.5 56.0 29.0
1 13527.5 6477.0 55.0 40.0
1 13485.5 6437.0 39.0 36.0
1 1468.0 10164.5 12.0 13.0
1 1434.5 10182.5 13.0 15.0
5 1516.0 9986.0 18.0 28.0
5 1528.0 9967.0 14.0 30.0
1 8493.0 6299.0 60.0 48.0
1 8598.0 6327.5 46.0 23.0
1 8507.0 6338.0 64.0 34.0
1 8520.0 6429.0 86.0 52.0
1 8595.0 6302.5 42.0 21.0
1 9411.0 11765.0 38.0 20.0
1 9491.0 11762.0 32.0 28.0
1 9552.0 11745.0 38.0 24.0
1 9628.0 11737.5 26.0 23.0
1 9685.5 11730.0 27.0 22.0
1 9208.0 9226.0 10.0 10.0
1 9185.5 9225.5 11.0 11.0
1 9155.5 9223.5 23.0 15.0
1 9111.0 9224.5 20.0 15.0
1 9128.0 9224.0 14.0 14.0
1 9205.5 9320.0 21.0 22.0
1 8956.0 9243.5 42.0 29.0
1 8943.0 9322.5 50.0 37.0
1 9102.0 9332.0 34.0 26.0
1 9134.5 9343.0 33.0 30.0
1 9204.5 9457.5 23.0 35.0
1 9203.5 9383.5 23.0 21.0
1 14969.5 6475.0 15.0 20.0
1 14992.5 6494.0 15.0 16.0
1 15017.5 6488.5 17.0 13.0
1 14930.5 6246.5 45.0 43.0
1 14938.0 6302.5 20.0 19.0
1 14967.0 6282.0 20.0 12.0
1 15019.0 6156.0 18.0 12.0
1 15033.0 6217.5 22.0 17.0
1 14914.5 6177.5 23.0 13.0
1 14862.5 6479.5 19.0 19.0
1 5013.0 12525.5 24.0 27.0
1 5075.0 12524.0 30.0 26.0
1 5045.0 12596.0 14.0 14.0
1 5007.0 12564.5 14.0 13.0
1 5041.0 12619.0 32.0 26.0
1 5086.0 12603.0 16.0 16.0
1 5100.5 12623.5 13.0 11.0
1 5112.5 12612.5 13.0 13.0
1 4989.5 12583.0 15.0 16.0
1 5047.0 12379.0 130.0 182.0
1 2978.0 2781.0 58.0 58.0
1 3037.0 2796.0 68.0 72.0
1 2753.5 2967.5 15.0 17.0
1 2751.0 2981.0 14.0 12.0
1 2727.0 2917.5 12.0 13.0
1 2750.0 2932.5 16.0 15.0
1 2724.5 2929.0 13.0 12.0
1 2680.0 2996.0 16.0 16.0
1 2740.5 3036.5 13.0 13.0
1 2712.5 2849.0 13.0 12.0
1 2741.0 2775.0 14.0 14.0
1 2707.0 2712.5 16.0 15.0
1 2736.0 2810.5 26.0 27.0
1 3012.5 3016.5 35.0 41.0
1 3006.0 2850.5 36.0 49.0
1 2882.0 2952.0 46.0 42.0
1 2843.0 2772.5 42.0 39.0
1 2991.0 2665.0 58.0 60.0
1 2921.5 2628.0 79.0 76.0
1 2805.0 2688.0 38.0 40.0
1 9805.0 7135.0 36.0 36.0
2 9959.0 7053.5 50.0 45.0
1 9948.5 7125.5 197.0 85.0
0 12196.0 5035.0 120.0 120.0
1 12086.5 5095.5 73.0 49.0
1 7112.5 5298.5 15.0 15.0
1 7088.5 5298.0 17.0 16.0
1 7070.5 5296.5 19.0 17.0
1 7047.0 5296.0 18.0 18.0
1 7026.0 5296.5 22.0 21.0
1 7039.0 5180.0 48.0 40.0
1 7097.5 5172.5 17.0 15.0
1 6979.5 5216.0 35.0 38.0
1 6993.5 5255.5 25.0 35.0
1 6945.0 5248.0 36.0 36.0
1 7035.5 5256.0 41.0 32.0
1 6869.0 5309.0 42.0 54.0
1 6914.0 5300.0 48.0 52.0
1 6958.0 5303.5 38.0 39.0
1 6822.5 5251.5 53.0 57.0
1 6883.0 5247.0 66.0 56.0
1 6808.0 5202.0 24.0 24.0
1 6834.5 5198.5 23.0 19.0
1 6867.5 5196.0 23.0 20.0
1 6894.0 5191.5 22.0 17.0
1 7142.5 5167.5 31.0 25.0
1 7133.0 5220.5 32.0 29.0
1 6762.5 5559.0 13.0 14.0
1 6754.5 5484.0 13.0 14.0
1 6738.0 5411.5 36.0 33.0
1 6725.5 5319.0 35.0 54.0
1 6720.0 5203.0 48.0 38.0
1 6719.5 5248.0 11.0 10.0
1 6724.5 5261.5 17.0 17.0
1 6773.5 5614.0 27.0 36.0
3 11152.0 7278.0 76.0 78.0
3 11192.5 7435.0 143.0 112.0
1 10821.0 7556.0 18.0 14.0
1 10773.0 7614.0 12.0 12.0
5 11006.5 7392.5 45.0 37.0
3 2462.5 2433.5 119.0 131.0
3 2432.0 2097.5 166.0 89.0
3 2426.0 2214.5 120.0 55.0
3 2409.5 2304.5 73.0 93.0
1 10764.5 1434.5 25.0 33.0
1 10787.5 1423.0 33.0 40.0
1 10776.0 1460.5 26.0 31.0
1 10799.5 1456.5 33.0 37.0
1 10793.0 1489.0 28.0 30.0
1 10821.0 1489.5 24.0 27.0
1 10814.0 1516.0 28.0 28.0
1 10835.5 1508.0 17.0 18.0
1 10850.0 1518.5 32.0 35.0
1 15211.5 11846.5 19.0 19.0
1 15204.5 11868.5 23.0 17.0
1 15242.0 11869.0 20.0 10.0
1 15191.0 11877.0 20.0 14.0
1 15205.0 11895.5 18.0 19.0
1 15261.5 11840.5 35.0 23.0
1 15264.5 11868.0 17.0 16.0
3 15234.0 12270.0 176.0 36.0
1 16035.0 11846.0 18.0 20.0
1 16092.0 11834.0 30.0 26.0
1 9170.0 12629.5 64.0 53.0
1 11542.0 13193.0 26.0 22.0
1 11545.0 13217.5 24.0 19.0
1 11549.0 13237.0 18.0 18.0
1 11499.5 13005.5 17.0 17.0
1 11495.5 12986.0 15.0 14.0
1 11491.0 12968.0 18.0 20.0
1 11486.5 12944.5 25.0 21.0
1 11480.0 12919.5 30.0 25.0
1 11475.0 12896.0 30.0 18.0
1 11461.5 12849.5 23.0 23.0
1 11470.0 12878.0 26.0 14.0
1 11596.5 12903.5 31.0 21.0
1 11622.0 12901.5 12.0 17.0
1 11639.0 12899.5 16.0 17.0
1 11655.0 12899.5 14.0 21.0
1 11635.0 12974.5 24.0 23.0
1 11660.5 12974.0 23.0 20.0
1 11694.0 12984.5 24.0 19.0
1 11713.0 13011.5 22.0 29.0
1 11742.0 13019.0 18.0 22.0
1 10473.5 3057.5 21.0 19.0
1 10399.0 3067.5 14.0 9.0
1 10682.0 2631.0 140.0 138.0
3 10500.5 2650.5 187.0 169.0
3 13129.5 6894.5 39.0 49.0
1 13048.0 7008.5 42.0 59.0
1 13012.0 7018.0 22.0 60.0
1 12982.5 7039.0 33.0 48.0
1 12943.5 7041.5 43.0 37.0
1 12899.0 7067.0 42.0 46.0
1 12854.5 7076.0 35.0 48.0
1 12817.5 7089.5 31.0 49.0
1 13174.5 6845.0 53.0 48.0
1 4019.5 11462.0 15.0 18.0
1 4029.0 11486.0 18.0 20.0
1 4031.0 11502.5 18.0 15.0
1 4029.5 11522.5 21.0 25.0
1 3710.0 11275.0 18.0 22.0
1 7472.5 4079.5 63.0 31.0
3 2641.0 9524.5 158.0 123.0
1 2298.0 2682.5 16.0 21.0
1 2150.0 2800.5 18.0 27.0
1 2358.5 2806.0 21.0 38.0
1 1897.5 2675.0 13.0 14.0
1 1895.5 2662.5 13.0 11.0
1 1895.0 2650.0 14.0 12.0
1 1894.0 2633.0 16.0 16.0
1 10692.5 2528.0 119.0 46.0
1 10319.5 2066.5 9.0 11.0
1 10342.0 2060.5 12.0 11.0
1 3020.0 9744.0 28.0 24.0
1 2925.0 9738.0 22.0 20.0
1 2909.0 9759.5 18.0 19.0
3 8942.0 10584.5 66.0 85.0
3 9048.5 10559.5 57.0 107.0
3 9168.5 10551.5 47.0 135.0
1 8877.0 10380.0 28.0 26.0
1 8887.0 10407.5 32.0 29.0
1 8907.0 10422.0 12.0 12.0
1 8968.0 10338.5 10.0 11.0
1 8953.0 10341.5 16.0 13.0
1 8923.5 10348.0 13.0 12.0
1 8903.0 10355.0 28.0 24.0
1 9090.5 10319.0 45.0 28.0
3 8965.0 10535.0 94.0 26.0
3 9124.5 10501.5 99.0 29.0
1 2399.5 12659.0 27.0 24.0
1 2427.5 12642.5 27.0 25.0
1 2350.0 12517.0 54.0 54.0
1 2434.0 12483.5 52.0 57.0
1 2438.0 12420.0 42.0 42.0
1 9882.0 12415.5 18.0 21.0
1 9898.5 12415.5 11.0 17.0
1 9882.5 12434.0 15.0 10.0
1 9899.0 12432.5 14.0 13.0
1 9904.5 12447.5 17.0 15.0
1 9885.0 12476.5 16.0 17.0
1 9838.0 12517.5 26.0 43.0
1 9864.5 12512.0 23.0 48.0
1 9892.0 12508.5 28.0 41.0
1 9884.0 12448.0 16.0 14.0
1 9850.5 12468.0 21.0 20.0
1 9900.0 12466.5 18.0 15.0
1 5705.5 13678.0 71.0 90.0
1 5698.0 13528.0 88.0 144.0
1 10259.0 3914.0 18.0 14.0
1 15298.5 6077.5 43.0 55.0
1 15252.5 6073.5 39.0 35.0
1 2670.0 12535.5 32.0 29.0
1 2759.5 12523.5 39.0 39.0
1 2806.5 12564.5 15.0 15.0
1 2801.0 12540.0 30.0 30.0
1 2807.0 12639.5 20.0 23.0
1 2805.0 12456.5 14.0 15.0
1 2798.5 12400.0 17.0 18.0
1 2806.0 12590.5 20.0 19.0
3 3037.0 12645.5 70.0 75.0
1 2777.0 12638.0 32.0 38.0
1 10512.5 821.0 9.0 10.0
1 10252.0 998.0 14.0 38.0
1 10276.0 982.0 22.0 40.0
1 10308.5 961.5 37.0 43.0
1 10431.5 1006.0 21.0 18.0
1 10498.0 947.5 40.0 29.0
1 10634.0 982.5 38.0 37.0
1 10587.5 933.5 49.0 41.0
1 10546.0 869.5 56.0 81.0
1 10529.5 994.0 47.0 38.0
1 10378.0 898.0 14.0 24.0
1 10421.5 867.0 29.0 30.0
1 3295.0 12707.5 18.0 19.0
1 3306.5 12534.0 33.0 36.0
1 3275.0 12445.5 38.0 33.0
1 3279.5 12384.5 29.0 27.0
1 3347.0 12390.0 18.0 18.0
1 3363.0 12389.0 18.0 18.0
1 3372.5 12352.5 19.0 19.0
1 3383.0 12384.0 14.0 14.0
1 3277.0 12356.0 16.0 16.0
1 3275.5 12418.0 25.0 26.0
1 3413.5 12419.0 39.0 50.0
1 3347.5 12537.0 35.0 36.0
0 12014.5 7099.0 209.0 138.0
0 12204.0 7115.0 156.0 102.0
3 12167.5 7028.5 91.0 53.0
0 11981.5 6990.5 163.0 67.0
0 12156.5 6939.0 133.0 64.0
0 12274.0 6895.0 26.0 30.0
1 12084.5 6733.5 37.0 35.0
1 12074.0 6704.5 48.0 25.0
1 12061.0 6671.5 66.0 31.0
1 4520.5 8026.5 53.0 55.0
1 4470.0 8097.5 48.0 45.0
1 4396.0 8047.0 142.0 50.0
1 4461.0 8159.5 54.0 63.0
1 4547.5 8114.0 49.0 50.0
1 4538.0 8170.0 46.0 42.0
1 4585.5 8074.0 43.0 36.0
1 4590.0 8001.0 36.0 42.0
1 4437.5 7991.5 97.0 53.0
1 11066.5 3333.0 17.0 12.0
1 11051.0 3389.0 12.0 12.0
3 2598.5 10263.0 37.0 46.0
3 2710.0 10348.0 34.0 48.0
2 13244.5 3806.5 59.0 53.0
2 13279.0 3863.5 56.0 57.0
2 13296.0 3767.5 32.0 73.0
1 13042.0 3595.5 20.0 23.0
1 13020.0 3601.5 22.0 25.0
1 12925.0 7713.0 20.0 16.0
1 12841.0 7742.5 16.0 19.0
1 12855.0 7740.5 10.0 9.0
1 12863.5 7731.0 9.0 8.0
1 13156.5 7754.0 13.0 16.0
1 13161.5 7774.0 17.0 14.0
1 13166.5 7786.5 13.0 9.0
1 13177.5 7817.0 17.0 20.0
1 13199.5 7871.5 31.0 41.0
1 13212.0 7914.0 20.0 18.0
1 13219.0 7932.0 14.0 14.0
1 13228.5 7953.5 15.0 17.0
1 13250.0 8009.0 20.0 20.0
1 13255.0 8030.0 20.0 22.0
1 13261.0 8050.5 24.0 17.0
1 13265.5 8067.5 19.0 17.0
1 13289.0 8119.0 32.0 36.0
1 13297.0 8151.5 30.0 25.0
1 12848.0 7706.5 52.0 39.0
1 13235.0 7973.5 28.0 21.0
1 2218.5 11708.5 55.0 57.0
1 2235.5 11760.0 55.0 30.0
1 2181.5 11448.0 61.0 58.0
1 2217.5 11550.5 121.0 101.0
1 2228.5 11638.0 65.0 62.0
1 2303.0 11732.5 76.0 83.0
1 2329.5 11288.5 143.0 47.0
1 2182.5 11366.5 107.0 59.0
1 2412.5 11343.5 171.0 33.0
1 2529.5 11314.0 61.0 100.0
1 2156.0 11298.0 66.0 66.0
1 2279.0 11348.0 86.0 44.0
1 2411.0 11481.5 50.0 69.0
1 2462.5 11279.5 59.0 27.0
1 2388.5 11623.0 21.0 50.0
1 6751.5 3889.5 13.0 11.0
1 6742.5 3871.5 13.0 11.0
1 6740.0 3856.0 12.0 10.0
1 6732.0 3841.5 12.0 11.0
1 6727.0 3826.5 12.0 11.0
1 6724.0 3811.0 16.0 12.0
1 6738.0 3984.0 38.0 36.0
1 6763.5 4034.5 13.0 13.0
1 6767.0 4049.0 16.0 12.0
1 6772.5 4062.5 13.0 13.0
1 6778.0 4080.5 14.0 15.0
1 6731.0 3894.5 14.0 17.0
1 6734.5 3913.0 17.0 16.0
1 6688.5 3908.0 21.0 24.0
1 6721.0 3861.5 12.0 11.0
1 6717.0 3848.0 12.0 10.0
1 6709.0 3834.5 14.0 15.0
1 6701.5 3870.0 13.0 12.0
1 6701.0 3856.0 12.0 10.0
1 6701.5 3785.5 39.0 23.0
1 6703.5 3814.5 13.0 11.0
1 6676.0 3813.0 30.0 18.0
1 6670.0 3664.5 28.0 31.0
1 6784.0 3688.5 22.0 33.0
1 6733.5 3634.5 37.0 35.0
1 6785.0 3649.5 24.0 25.0
1 6702.5 3668.5 19.0 33.0
1 6715.0 3709.5 44.0 41.0
1 6797.0 3050.0 34.0 38.0
1 6829.0 3019.0 34.0 34.0
1 6872.5 3055.5 47.0 33.0
1 6973.0 3053.5 22.0 21.0
1 11553.5 8348.5 47.0 41.0
1 11621.0 8478.5 38.0 39.0
1 11640.5 8512.0 25.0 16.0
1 11649.0 8530.0 26.0 14.0
1 11612.5 8542.5 17.0 17.0
1 11595.5 8546.5 15.0 15.0
1 11276.5 8256.5 25.0 29.0
1 11310.5 8230.0 33.0 34.0
1 11380.0 8207.5 32.0 31.0
1 11346.5 8222.5 33.0 35.0
1 7419.5 9225.0 15.0 12.0
1 14505.5 8246.5 19.0 23.0
1 14482.5 8253.0 17.0 24.0
1 14460.5 8256.5 23.0 25.0
1 14412.5 8266.0 21.0 18.0
1 14387.5 8259.5 25.0 25.0
1 14357.0 8262.5 32.0 31.0
1 14562.5 8230.0 41.0 38.0
1 14601.5 8235.5 21.0 33.0
1 14626.0 8224.0 24.0 26.0
1 14479.0 8227.5 66.0 17.0
1 10688.5 1196.5 11.0 11.0
1 10320.0 1338.0 12.0 10.0
1 10368.5 1132.5 11.0 9.0
1 10496.0 1043.0 12.0 12.0
1 10344.0 1067.0 12.0 12.0
1 10357.0 1050.0 10.0 10.0
1 10300.0 1102.5 14.0 11.0
1 10254.0 1129.0 12.0 8.0
1 10286.0 1133.5 8.0 9.0
1 10412.0 1243.0 10.0 12.0
1 10716.0 1124.0 40.0 22.0
1 10291.0 1399.5 52.0 49.0
1 10249.0 1345.0 12.0 34.0
1 10578.0 1072.5 42.0 35.0
1 10692.5 1082.5 11.0 13.0
1 10581.5 1277.5 13.0 15.0
1 10629.5 1233.5 25.0 21.0
1 10384.5 1038.5 25.0 19.0
1 10633.5 1129.0 57.0 32.0
1 10250.0 1216.5 20.0 25.0
1 10284.5 1267.0 37.0 54.0
1 10662.5 1448.5 173.0 117.0
3 15979.5 10597.0 63.0 288.0
3 16147.0 10566.0 112.0 372.0
3 16322.5 10627.0 167.0 250.0
3 7150.0 6190.5 36.0 93.0
1 6706.0 6520.0 24.0 24.0
1 6663.0 6532.0 12.0 14.0
1 6675.0 6520.0 16.0 24.0
1 6672.5 6497.0 17.0 18.0
1 6703.5 6455.5 61.0 65.0
1 13397.0 5836.0 52.0 58.0
1 13405.0 6087.0 92.0 60.0
1 13332.5 5873.0 25.0 28.0
1 13606.5 5762.0 109.0 32.0
1 13611.0 5802.0 64.0 42.0
1 13659.0 5808.0 20.0 28.0
1 13606.0 5847.5 18.0 17.0
1 13610.5 5832.0 15.0 12.0
1 13674.0 5751.5 18.0 23.0
1 13722.0 5745.0 46.0 50.0
1 13781.5 5723.0 47.0 46.0
1 13719.5 5827.5 35.0 39.0
1 13670.5 5841.5 27.0 23.0
1 13698.5 5859.0 19.0 22.0
1 13699.0 5888.5 26.0 27.0
1 13702.5 5918.0 25.0 24.0
1 13734.0 5969.0 22.0 20.0
1 13699.0 5984.0 22.0 22.0
1 13708.5 6019.5 23.0 23.0
1 13741.0 6016.0 34.0 38.0
1 13620.5 5945.0 15.0 18.0
1 13601.0 5959.5 20.0 11.0
1 13589.0 5946.0 14.0 12.0
1 13605.0 5947.5 12.0 11.0
1 13608.5 5971.5 13.0 11.0
1 13645.0 5992.5 20.0 17.0
1 13648.0 6024.0 22.0 18.0
1 13686.0 6106.0 34.0 28.0
1 13608.5 6122.5 25.0 19.0
1 13786.0 5816.5 26.0 31.0
1 13802.0 5887.5 44.0 61.0
1 13658.0 5889.0 20.0 20.0
1 8918.0 7207.5 26.0 23.0
1 8968.5 7259.0 21.0 24.0
1 9044.5 7264.5 21.0 19.0
1 9142.5 7279.0 25.0 22.0
1 9146.0 7376.0 20.0 22.0
1 13517.0 5300.0 86.0 82.0
4 12682.5 7623.0 113.0 104.0
1 12646.0 7438.0 22.0 14.0
1 12677.5 7422.0 19.0 22.0
1 12695.5 7426.0 9.0 20.0
1 12715.0 7426.5 24.0 25.0
1 12743.5 7414.5 17.0 17.0
1 12764.0 7411.0 22.0 22.0
1 12778.0 7422.5 20.0 19.0
1 12664.5 7460.5 17.0 15.0
1 12679.5 7461.5 9.0 11.0
1 12713.0 7475.0 26.0 24.0
1 12705.5 7514.5 21.0 21.0
1 12722.5 7497.0 19.0 18.0
1 12704.0 7489.0 18.0 14.0
1 12724.5 7513.5 9.0 11.0
1 12732.0 7521.5 36.0 19.0
1 12718.5 7542.0 21.0 22.0
1 12749.5 7459.5 15.0 15.0
1 12753.5 7441.5 23.0 17.0
1 12786.5 7461.0 13.0 12.0
1 12755.0 7468.0 12.0 12.0
1 12759.5 7484.0 19.0 10.0
1 12765.5 7501.0 19.0 16.0
1 12764.5 7582.0 17.0 14.0
1 12777.5 7603.5 15.0 11.0
1 12621.0 7592.0 20.0 22.0
1 12627.0 7614.5 16.0 13.0
1 12629.0 7631.0 20.0 14.0
1 12635.0 7651.5 24.0 17.0
1 12667.0 7480.0 28.0 22.0
1 12794.0 7486.0 10.0 16.0
1 12793.5 7529.5 11.0 27.0
1 12777.0 7662.5 16.0 17.0
1 12498.5 7567.5 27.0 25.0
1 12753.5 7563.5 15.0 17.0
1 12743.0 7539.0 16.0 18.0
1 15804.5 11128.5 19.0 17.0
1 15810.0 11192.5 22.0 19.0
1 15719.0 11129.0 20.0 28.0
1 15746.0 11126.5 26.0 21.0
1 15798.5 11106.5 21.0 13.0
1 15814.0 11065.5 20.0 17.0
1 15843.0 11064.5 16.0 19.0
1 15691.5 11145.5 19.0 19.0
3 15799.0 11028.5 28.0 13.0
3 15830.0 11025.5 22.0 11.0
3 15851.5 11020.0 25.0 16.0
1 12305.0 6361.5 16.0 11.0
1 12315.5 6378.5 17.0 13.0
1 12342.0 6441.5 22.0 23.0
1 12355.0 6468.0 12.0 14.0
1 12361.0 6494.0 16.0 18.0
1 12356.5 6513.0 15.0 10.0
1 12368.0 6544.0 16.0 14.0
1 12477.5 6499.5 21.0 19.0
1 12465.5 6260.5 17.0 11.0
1 12488.0 6277.5 16.0 15.0
1 12525.5 6309.0 17.0 14.0
1 12605.5 6244.5 25.0 15.0
1 12636.5 6248.5 17.0 13.0
1 12633.5 6217.0 13.0 12.0
1 12649.5 6232.5 15.0 11.0
1 12650.0 6208.0 16.0 10.0
1 12492.5 6547.0 19.0 32.0
1 12528.0 6561.5 36.0 9.0
1 12535.0 6534.5 56.0 23.0
1 12591.5 6531.0 25.0 8.0
1 12654.5 6520.0 49.0 42.0
1 12695.5 6503.5 21.0 13.0
1 12657.5 6478.5 65.0 27.0
1 12705.0 6443.5 18.0 15.0
1 12743.0 6432.0 16.0 18.0
1 12758.0 6418.0 16.0 14.0
1 12765.5 6444.0 17.0 14.0
1 12700.0 6473.0 10.0 24.0
1 12734.5 6459.0 25.0 18.0
1 12707.5 6187.5 67.0 57.0
1 12610.0 6191.5 16.0 19.0
1 12639.5 6183.5 21.0 17.0
1 12752.0 6323.5 54.0 63.0
1 2749.5 11224.0 15.0 14.0
1 2733.5 11193.0 17.0 16.0
1 2700.5 11183.0 17.0 18.0
1 2917.0 11205.0 22.0 20.0
1 2884.5 11208.0 19.0 18.0
1 2862.5 11207.5 13.0 15.0
1 2838.0 11186.0 24.0 22.0
1 2590.5 11213.0 23.0 20.0
1 2590.5 11185.0 31.0 30.0
1 2763.0 11182.0 42.0 42.0
1 12459.5 8682.0 97.0 44.0
1 12534.5 8679.5 29.0 31.0
1 12756.0 8623.5 32.0 39.0
1 12782.5 8621.0 17.0 22.0
1 12634.5 8404.0 15.0 20.0
1 12653.0 8392.0 16.0 20.0
1 12671.5 8382.0 19.0 20.0
1 12685.5 8363.5 15.0 15.0
1 12699.5 8362.5 11.0 15.0
1 12725.0 8380.0 14.0 14.0
1 12741.0 8372.5 18.0 15.0
1 12763.5 8370.0 15.0 14.0
1 12718.0 8691.0 44.0 26.0
1 7867.5 3058.0 19.0 20.0
1 7898.5 3042.0 17.0 20.0
1 7933.0 2989.5 18.0 17.0
1 7926.0 2902.5 18.0 19.0
1 7936.0 2921.5 18.0 17.0
1 7944.5 2943.0 17.0 16.0
1 7941.5 3025.0 31.0 40.0
1 7690.0 2927.5 14.0 19.0
1 7798.5 2762.0 17.0 18.0
1 7827.0 2743.5 20.0 17.0
1 7840.0 2719.5 18.0 17.0
1 7757.5 2725.5 19.0 19.0
1 7847.0 2694.0 14.0 14.0
1 7806.0 2723.5 18.0 19.0
1 7788.5 2730.5 15.0 17.0
1 7886.0 2859.0 38.0 34.0
3 7950.5 2756.0 133.0 194.0
3 8013.5 2916.0 109.0 154.0
1 7806.0 2578.5 100.0 37.0
1 8104.0 2755.0 24.0 26.0
1 8118.5 2793.0 21.0 22.0
1 8134.0 2829.5 20.0 23.0
1 8172.0 2830.5 20.0 13.0
1 7963.0 2966.5 30.0 31.0
5 1453.0 10278.5 18.0 21.0
1 1436.0 10322.0 14.0 14.0
1 1461.0 10400.0 12.0 12.0
1 1532.0 10422.0 8.0 14.0
1 1453.5 10684.0 13.0 18.0
1 1455.0 10721.5 14.0 15.0
1 7462.5 4348.5 29.0 37.0
1 7451.5 4293.5 47.0 47.0
1 7508.0 4135.0 16.0 12.0
1 7566.5 4108.0 21.0 22.0
1 7463.5 4106.5 29.0 21.0
1 7461.0 4140.5 24.0 19.0
1 7414.5 4159.0 57.0 34.0
1 7439.0 4204.0 70.0 40.0
3 3968.0 8991.5 50.0 157.0
1 14554.0 12449.5 16.0 15.0
1 14550.0 12468.5 12.0 11.0
1 14552.5 12485.5 17.0 13.0
1 14552.0 12501.0 14.0 14.0
1 14550.0 12522.0 16.0 18.0
1 14578.5 12524.0 19.0 12.0
1 14610.0 12527.5 16.0 11.0
1 14626.5 12528.0 11.0 10.0
1 14641.5 12529.5 13.0 11.0
1 14616.5 12763.5 23.0 19.0
1 14638.0 12764.5 16.0 19.0
1 14662.0 12763.0 24.0 20.0
1 14638.0 12732.0 22.0 12.0
1 14671.5 12731.0 23.0 12.0
1 14737.0 12731.0 16.0 14.0
1 14790.5 12733.5 39.0 41.0
3 12772.5 12237.5 55.0 65.0
1 6641.0 3739.5 30.0 39.0
1 8350.0 5954.0 12.0 10.0
1 8355.5 5906.0 13.0 12.0
5 8402.0 5656.5 16.0 17.0
1 15682.5 12795.0 17.0 10.0
1 15681.0 12780.0 16.0 14.0
1 15680.5 12764.0 17.0 14.0
1 15679.0 12748.0 14.0 14.0
1 10219.0 1016.5 32.0 15.0
1 10961.5 7931.0 27.0 26.0
1 11140.5 7949.0 17.0 16.0
1 11145.0 7983.5 46.0 45.0
1 11182.5 8092.0 37.0 36.0
1 11134.0 8157.0 68.0 70.0
1 12419.0 4181.5 24.0 13.0
1 12419.5 4160.5 25.0 17.0
1 12403.0 4132.0 30.0 18.0
1 12392.0 4113.0 28.0 14.0
1 12634.5 4109.5 39.0 27.0
1 12605.0 4110.5 30.0 29.0
1 12554.0 4111.5 60.0 31.0
1 12769.5 4164.0 19.0 14.0
1 12777.5 4180.5 17.0 9.0
1 12788.0 4197.5 18.0 11.0
1 9703.0 2001.5 42.0 45.0
1 4645.5 8065.0 57.0 58.0
1 4700.0 8063.0 52.0 48.0
1 4897.5 8051.0 53.0 46.0
1 4934.0 8096.5 64.0 55.0
1 4743.5 8083.0 49.0 42.0
1 4753.5 8146.5 79.0 75.0
1 4670.5 7981.0 49.0 74.0
1 4629.0 7997.5 40.0 43.0
1 4837.5 8077.0 51.0 42.0
1 4832.5 8156.5 69.0 71.0
1 4940.0 8142.0 52.0 28.0
1 4718.0 8000.5 46.0 47.0
1 4764.5 8023.0 31.0 44.0
1 4794.5 8066.0 29.0 50.0
5 13374.0 12106.0 22.0 22.0
1 6772.5 13278.5 67.0 65.0
1 7060.0 13230.5 44.0 29.0
4 8793.0 3878.5 164.0 195.0
0 8781.5 3868.0 153.0 132.0
0 8901.5 3852.0 107.0 150.0
0 8845.0 3680.0 276.0 184.0
1 11307.0 3745.0 12.0 10.0
1 11312.0 3756.5 14.0 11.0
1 11320.0 3769.0 18.0 12.0
1 11325.5 3785.5 21.0 19.0
1 11341.5 3816.0 23.0 36.0
1 11364.5 3855.5 25.0 29.0
1 11382.5 3886.0 17.0 22.0
1 11498.5 3638.5 13.0 21.0
1 11490.0 3618.0 16.0 18.0
1 11474.5 3597.0 17.0 20.0
1 11433.0 3596.0 22.0 24.0
1 11492.5 3598.0 13.0 14.0
1 11514.0 3633.0 14.0 16.0
1 6773.5 4278.5 29.0 39.0
1 6813.0 4379.5 48.0 99.0
1 6702.0 4364.0 90.0 112.0
1 6797.5 4114.5 27.0 29.0
1 6769.0 4115.0 26.0 32.0
1 9808.5 7294.0 33.0 56.0
1 9870.5 7312.5 49.0 55.0
1 10208.0 7243.0 52.0 58.0
1 10020.5 7565.0 53.0 28.0
1 10066.0 7662.5 38.0 35.0
1 9811.0 7201.0 42.0 46.0
1 9912.0 7195.5 86.0 55.0
1 10108.0 7274.0 28.0 76.0
1 10597.5 10331.0 249.0 182.0
1 8241.5 11556.0 39.0 34.0
1 8255.0 11621.0 72.0 52.0
1 8265.0 11687.5 60.0 51.0
1 8271.0 11742.0 62.0 48.0
1 8210.0 11757.5 36.0 31.0
1 8260.0 11380.5 24.0 27.0
1 8227.0 11377.5 12.0 13.0
1 8238.0 11393.5 16.0 15.0
1 8210.0 11378.0 16.0 14.0
1 8240.5 11375.5 11.0 13.0
5 8330.0 5024.5 26.0 25.0
5 8340.5 5052.5 19.0 21.0
1 8441.0 4667.0 40.0 32.0
1 8414.0 4695.0 42.0 28.0
1 8391.0 4730.5 66.0 33.0
1 8406.5 4691.0 137.0 130.0
1 9801.0 2032.5 72.0 31.0
1 9820.5 2009.5 51.0 13.0
1 9829.5 1980.5 43.0 31.0
1 9840.0 1940.0 50.0 44.0
1 9971.0 1708.0 18.0 20.0
1 9987.5 1718.0 13.0 24.0
1 10007.0 1746.0 24.0 26.0
1 10021.0 1769.5 20.0 19.0
1 9954.5 1694.0 13.0 20.0
1 10036.0 1724.5 14.0 15.0
1 10049.5 1725.0 11.0 14.0
1 10061.5 1719.0 13.0 14.0
1 10077.0 1703.5 26.0 15.0
1 10125.0 1676.5 28.0 35.0
1 10100.5 1694.0 19.0 22.0
1 9936.5 1579.5 19.0 19.0
1 9949.5 1598.0 21.0 18.0
1 9955.0 1615.5 18.0 15.0
1 10019.5 1623.5 39.0 51.0
1 10064.0 1595.5 48.0 55.0
1 10168.5 1643.5 35.0 43.0
1 10205.5 1621.0 21.0 30.0
1 10129.5 1555.0 25.0 38.0
1 10153.5 1549.0 21.0 26.0
1 10213.0 1881.0 26.0 20.0
1 10187.0 1859.0 18.0 14.0
1 10177.0 1843.5 20.0 17.0
1 10162.5 1822.5 17.0 17.0
1 10169.5 1805.5 19.0 15.0
1 10215.5 1763.5 19.0 25.0
1 10233.0 1752.5 12.0 21.0
1 7029.0 7430.0 32.0 30.0
1 6760.5 7277.5 21.0 23.0
1 6899.0 7406.5 34.0 33.0
1 6910.5 7299.0 43.0 32.0
1 7036.5 7306.0 33.0 26.0
1 5261.5 11638.5 17.0 17.0
1 5264.0 11655.5 16.0 15.0
1 5264.5 11675.0 15.0 12.0
1 5266.5 11687.0 13.0 10.0
1 5266.0 11699.0 18.0 14.0
1 5269.0 11712.0 18.0 14.0
1 5274.0 11742.0 16.0 14.0
1 5273.0 11757.5 20.0 15.0
1 5594.5 11479.0 75.0 30.0
1 9480.0 8776.5 22.0 19.0
1 9383.0 8793.0 24.0 22.0
1 9309.0 8789.0 22.0 20.0
1 9239.5 8809.0 11.0 12.0
1 9303.5 9083.0 11.0 10.0
1 9235.0 8905.5 20.0 15.0
1 9265.5 8899.5 23.0 17.0
1 9473.0 8907.0 18.0 16.0
1 9472.0 8946.5 14.0 13.0
1 9487.5 8984.0 17.0 14.0
1 9478.0 9004.5 12.0 13.0
1 9480.5 9025.5 13.0 13.0
1 9484.0 9049.0 14.0 14.0
1 9483.5 9072.0 15.0 16.0
1 9240.5 9131.0 17.0 18.0
1 9241.5 9157.0 15.0 14.0
1 9290.0 9124.0 12.0 12.0
1 9226.0 9007.0 16.0 16.0
1 9381.5 9152.5 17.0 17.0
1 9373.0 9117.5 12.0 13.0
1 9399.5 9102.0 19.0 16.0
1 9452.0 9107.5 18.0 19.0
1 9452.0 9137.0 16.0 14.0
1 9416.0 8927.5 18.0 21.0
1 9312.0 8909.5 16.0 15.0
1 9338.5 8921.0 19.0 16.0
1 9368.5 8936.5 19.0 17.0
1 9705.0 8957.0 42.0 40.0
1 9708.5 9115.0 39.0 48.0
1 9715.5 9172.5 25.0 53.0
1 9710.5 9055.0 35.0 40.0
1 11548.5 5141.0 17.0 18.0
1 11557.5 5159.0 21.0 16.0
1 11568.0 5185.0 28.0 36.0
1 11592.5 5175.0 17.0 44.0
1 11618.5 5163.0 31.0 52.0
1 11647.5 5154.5 25.0 29.0
1 11642.0 5128.0 28.0 16.0
1 11704.5 5138.0 77.0 36.0
1 11736.0 5568.5 44.0 61.0
1 11689.5 5583.0 45.0 60.0
1 11521.5 5595.5 139.0 73.0
1 11708.0 5279.5 50.0 61.0
1 11739.5 5356.0 23.0 26.0
4 8675.0 3747.0 58.0 88.0
4 8685.5 3846.5 37.0 103.0
1 6836.5 13665.0 25.0 24.0
1 6843.5 13753.0 37.0 54.0
1 7088.0 13488.5 32.0 39.0
1 6712.5 13388.5 47.0 39.0
1 6723.5 13476.0 57.0 62.0
1 6722.0 13533.0 50.0 48.0
1 6730.0 13594.5 50.0 45.0
1 6744.5 13694.0 67.0 138.0
1 6670.0 13401.0 28.0 52.0
1 6825.5 13538.0 53.0 72.0
3 6728.0 1980.0 74.0 132.0
3 6681.0 1844.5 50.0 139.0
3 6567.0 8147.5 156.0 89.0
1 6515.5 7838.0 35.0 26.0
1 6551.5 7811.0 29.0 26.0
1 6577.5 7782.0 23.0 22.0
1 6607.0 7815.0 28.0 30.0
1 6493.5 7721.0 17.0 20.0
1 6497.0 7696.5 20.0 23.0
1 6622.0 7752.5 20.0 19.0
1 6581.0 7847.0 38.0 16.0
1 6495.5 7782.5 35.0 31.0
1 6493.5 7743.5 15.0 19.0
1 6634.0 7711.5 10.0 15.0
1 6636.0 7734.0 18.0 16.0
1 12067.0 8807.5 30.0 35.0
1 12168.0 8784.5 70.0 45.0
1 12143.5 9013.5 41.0 39.0
1 12186.0 8996.0 22.0 24.0
1 12227.5 9056.5 27.0 29.0
1 13482.0 8066.0 16.0 16.0
1 13483.5 8082.5 17.0 15.0
1 13501.5 8081.0 15.0 14.0
1 13441.5 7751.5 23.0 37.0
1 13459.5 7750.5 9.0 17.0
1 13361.0 7736.5 22.0 21.0
1 13461.5 7718.0 21.0 18.0
1 13474.0 7698.5 28.0 15.0
1 13488.0 7684.0 20.0 8.0
1 13483.5 7729.0 21.0 24.0
1 13505.5 7724.5 17.0 21.0
1 13523.0 7717.0 14.0 18.0
1 13540.0 7719.5 14.0 11.0
1 13592.5 7702.5 13.0 17.0
1 13613.0 7693.0 26.0 20.0
1 13638.0 7686.0 18.0 12.0
1 13349.5 7715.0 25.0 20.0
1 13350.0 7793.0 24.0 20.0
1 13340.5 7754.5 29.0 19.0
1 13397.0 7774.0 72.0 44.0
5 3469.0 2686.0 16.0 18.0
3 3300.5 2738.0 15.0 16.0
1 3412.0 2856.5 14.0 15.0
1 3396.0 2857.0 16.0 18.0
1 3343.5 2848.0 19.0 18.0
1 3448.0 2853.0 22.0 20.0
1 6427.5 5210.0 13.0 14.0
1 6427.5 5263.0 31.0 38.0
1 6495.0 5223.0 34.0 20.0
1 6611.0 5205.0 36.0 32.0
1 6438.5 5314.5 15.0 15.0
1 6564.0 5192.0 14.0 14.0
1 6577.5 5176.5 11.0 11.0
1 6561.0 5178.5 14.0 13.0
1 6643.0 5176.0 16.0 18.0
1 6514.0 5183.5 12.0 13.0
1 6462.0 5188.5 16.0 21.0
1 6495.0 5193.0 10.0 10.0
1 6618.5 5176.0 11.0 12.0
1 6588.5 5176.0 11.0 10.0
1 6424.5 5185.0 13.0 14.0
1 6702.0 4908.0 84.0 94.0
1 6810.0 4889.5 104.0 59.0
1 6803.5 4724.0 85.0 82.0
1 6830.0 4799.5 44.0 45.0
1 6710.0 4810.5 66.0 49.0
1 6979.0 4870.5 52.0 49.0
1 6952.0 4814.5 34.0 33.0
1 6941.5 4774.5 43.0 41.0
1 6924.5 4688.5 15.0 13.0
1 6928.5 4714.0 19.0 26.0
1 6933.0 4737.5 14.0 17.0
1 6912.5 4669.0 21.0 22.0
1 6930.0 4639.0 34.0 22.0
1 7151.0 4653.0 26.0 26.0
1 7152.5 4689.5 31.0 35.0
1 7043.0 4864.0 18.0 14.0
1 7063.5 4854.5 17.0 17.0
1 7100.0 4835.5 34.0 33.0
1 12837.0 8857.0 10.0 12.0
1 12841.0 8878.5 14.0 15.0
1 12842.5 8897.0 11.0 8.0
1 12828.0 8902.5 12.0 11.0
1 12818.5 8858.5 15.0 13.0
1 12822.0 8881.0 18.0 12.0
1 12815.0 8834.0 18.0 12.0
1 12806.5 8802.0 11.0 12.0
1 14735.0 10086.0 10.0 14.0
1 14757.0 10079.5 18.0 13.0
1 14801.0 10092.5 16.0 11.0
1 14751.5 10094.5 9.0 9.0
1 14762.5 10105.0 25.0 12.0
1 14826.5 10088.5 19.0 17.0
1 14675.0 10089.0 20.0 16.0
1 14701.0 10078.5 10.0 9.0
1 14702.5 10100.5 27.0 25.0
1 14842.0 10073.5 12.0 13.0
1 10848.5 3004.0 11.0 12.0
1 10852.5 3030.5 13.0 13.0
1 10853.5 2984.0 11.0 10.0
1 10881.5 2988.5 17.0 19.0
1 11094.5 2709.5 31.0 39.0
1 11135.5 2657.0 43.0 80.0
1 11183.5 2630.0 45.0 62.0
1 11237.0 2592.5 52.0 59.0
1 10830.5 2823.5 101.0 63.0
1 10815.5 2720.0 19.0 22.0
1 10794.0 2680.0 22.0 22.0
1 10777.0 2594.0 20.0 18.0
1 10999.5 2575.0 19.0 16.0
1 11112.0 2568.0 22.0 16.0
1 11170.5 6947.0 13.0 14.0
1 11194.0 6955.5 6.0 7.0
1 11206.5 6958.5 7.0 7.0
1 11194.5 6941.0 7.0 8.0
1 11193.0 7000.5 14.0 73.0
1 11211.5 6980.0 9.0 10.0
1 11211.0 7001.0 10.0 8.0
1 11218.0 7018.5 16.0 13.0
5 5590.0 13197.0 16.0 16.0
1 5596.5 13225.0 37.0 38.0
1 5523.5 13190.5 27.0 27.0
1 5336.0 12949.5 14.0 13.0
1 5352.5 12949.0 15.0 16.0
1 5369.5 12947.5 15.0 15.0
1 5287.0 12861.5 18.0 17.0
1 5346.5 12867.0 27.0 26.0
1 5286.0 12834.0 14.0 14.0
1 5290.0 12810.0 18.0 16.0
1 5320.0 12949.0 16.0 16.0
1 5304.0 12950.0 16.0 16.0
1 5388.5 12948.0 15.0 16.0
1 5291.5 12884.5 21.0 19.0
1 5408.5 12915.0 29.0 26.0
1 5408.0 12827.0 44.0 42.0
1 5409.0 12945.0 22.0 20.0
1 5292.5 12914.5 35.0 33.0
1 5481.0 13285.5 96.0 53.0
1 5146.0 12888.0 52.0 176.0
1 5225.0 12945.5 96.0 27.0
1 8381.0 4463.5 10.0 11.0
1 8399.5 4519.5 15.0 13.0
1 8405.5 4547.0 17.0 14.0
1 8413.0 4572.0 30.0 30.0
1 8379.5 4439.0 27.0 24.0
3 3829.5 11801.0 81.0 48.0
3 14156.0 9948.5 220.0 83.0
1 7639.5 3345.0 19.0 18.0
1 7664.0 3345.5 22.0 21.0
1 7646.0 3321.5 18.0 17.0
1 7659.0 3311.0 18.0 16.0
1 7673.5 3309.5 13.0 25.0
1 7627.5 3464.0 15.0 16.0
1 7644.0 3456.0 18.0 18.0
1 7664.5 3452.0 17.0 18.0
1 7641.5 3489.5 19.0 17.0
1 7643.5 3546.5 13.0 15.0
1 7659.5 3536.5 17.0 17.0
1 7671.5 3502.0 15.0 16.0
1 7639.5 3515.0 15.0 16.0
1 7654.5 3509.5 17.0 17.0
1 7675.5 3532.5 9.0 23.0
1 7396.5 3300.0 39.0 38.0
1 7308.0 3354.0 24.0 22.0
1 7329.5 3331.5 29.0 25.0
1 7359.0 3327.0 32.0 28.0
1 2376.5 11822.0 73.0 80.0
1 2237.0 11804.0 76.0 56.0
1 2307.5 11803.0 63.0 54.0
1 13028.5 3540.5 17.0 23.0
1 13049.0 3554.5 20.0 23.0
1 13068.5 3551.0 15.0 20.0
1 13059.5 3577.5 21.0 13.0
0 13252.0 3489.0 120.0 190.0
1 12768.5 5531.0 19.0 30.0
1 12316.0 5377.5 26.0 23.0
1 12320.5 5407.5 21.0 19.0
1 4813.5 11854.0 17.0 16.0
1 4831.5 11851.5 17.0 19.0
1 4850.0 11850.0 18.0 16.0
1 4865.0 11848.0 14.0 16.0
1 5083.0 11855.0 16.0 60.0
1 5108.5 11870.5 23.0 17.0
1 4677.0 11805.0 76.0 58.0
1 5062.5 12216.0 25.0 24.0
1 5085.5 12226.0 13.0 14.0
1 5089.5 12242.0 15.0 18.0
1 4989.0 12140.5 38.0 21.0
1 4982.5 12173.0 25.0 16.0
1 5008.5 12198.0 27.0 24.0
1 5032.5 12158.5 39.0 45.0
1 5063.5 12149.0 17.0 16.0
1 4999.5 12253.0 45.0 42.0
3 7012.5 11924.5 103.0 171.0
3 13976.0 8400.0 160.0 78.0
3 14024.5 8504.0 131.0 104.0
1 14325.5 8270.0 19.0 22.0
1 15520.0 6407.0 30.0 20.0
1 15571.5 6403.0 15.0 18.0
1 15584.5 6391.5 19.0 23.0
1 15627.0 6399.5 10.0 13.0
1 15644.5 6396.0 9.0 16.0
1 15511.0 6317.0 18.0 24.0
1 15496.5 6329.5 15.0 19.0
1 15582.0 6233.5 28.0 25.0
1 15548.5 6239.0 17.0 20.0
1 15558.0 6267.5 24.0 19.0
1 15589.5 6259.5 25.0 19.0
1 15618.0 6254.0 22.0 20.0
1 15623.0 6233.5 22.0 11.0
1 15722.0 6384.5 16.0 21.0
1 15441.5 6421.0 15.0 22.0
1 15535.0 6250.5 16.0 19.0
1 15435.5 6385.5 15.0 21.0
1 15415.5 6363.0 11.0 16.0
1 15416.0 6342.5 18.0 13.0
1 15416.0 6320.0 24.0 24.0
1 15405.0 6286.5 20.0 25.0
1 15399.5 6253.0 27.0 14.0
1 15423.5 6282.5 3.0 5.0
1 15400.5 6232.0 19.0 24.0
1 10694.5 11252.0 17.0 10.0
1 10653.5 11244.5 27.0 25.0
1 10338.0 11093.5 72.0 67.0
1 10362.5 11035.0 29.0 28.0
1 10420.5 11065.0 31.0 28.0
1 10440.0 11027.0 34.0 26.0
1 10478.0 11055.0 38.0 36.0
1 10506.5 11020.0 39.0 34.0
1 10546.5 11006.5 33.0 29.0
1 10573.0 11067.0 32.0 62.0
1 10632.0 11087.5 62.0 31.0
1 10602.5 11137.0 65.0 34.0
1 10658.0 11124.5 18.0 23.0
1 10641.0 11194.0 114.0 70.0
1 10616.0 11014.5 52.0 83.0
3 15359.0 11480.5 2.0 1.0
1 14162.0 7931.5 18.0 17.0
1 14184.0 7937.5 20.0 17.0
1 14121.0 7878.5 24.0 17.0
1 14126.0 7918.0 20.0 18.0
1 14143.5 7870.5 13.0 13.0
1 14158.0 7869.0 16.0 18.0
1 14180.5 7864.0 25.0 16.0
1 14237.5 7991.0 13.0 20.0
1 14253.5 7990.0 15.0 20.0
1 14235.0 8012.5 18.0 19.0
1 14253.0 8012.0 16.0 16.0
1 14238.5 8040.0 17.0 16.0
1 14257.5 8039.5 13.0 19.0
1 14241.0 8066.0 12.0 20.0
1 14261.0 8063.5 18.0 17.0
1 14246.0 8085.5 14.0 17.0
1 14301.0 7971.0 22.0 12.0
1 14328.0 7951.5 14.0 15.0
1 9750.5 11709.0 43.0 44.0
1 9844.5 11700.5 123.0 57.0
1 9843.0 11753.0 134.0 46.0
1 11354.0 2776.5 100.0 67.0
1 11704.0 2792.0 68.0 58.0
1 11435.5 2694.5 127.0 79.0
1 11733.5 2975.0 19.0 14.0
1 11740.0 2993.0 26.0 18.0
1 11717.5 3013.0 15.0 14.0
1 11736.0 3051.5 80.0 41.0
1 11344.0 2835.5 36.0 33.0
1 11762.5 2884.5 27.0 61.0
1 10083.0 7689.0 32.0 18.0
1 9721.5 11932.0 13.0 20.0
1 9716.0 11831.0 20.0 18.0
1 9714.0 11802.0 24.0 28.0
1 9438.5 11866.5 19.0 15.0
1 9352.5 11798.0 39.0 38.0
1 9390.0 11796.0 30.0 28.0
1 9427.5 11788.5 45.0 23.0
1 9458.5 11786.0 23.0 18.0
1 9504.0 11788.0 28.0 22.0
1 9596.5 11842.5 19.0 19.0
1 9624.0 11866.5 20.0 21.0
1 9652.5 11876.5 19.0 19.0
1 9660.5 11913.0 19.0 22.0
1 9671.0 11959.5 18.0 21.0
1 9674.5 11996.0 21.0 22.0
1 9227.5 11896.5 23.0 27.0
1 9228.0 11920.5 24.0 21.0
1 9226.0 11942.0 20.0 22.0
1 10769.0 2541.5 12.0 11.0
1 10757.5 2555.5 9.0 9.0
1 10796.5 2538.0 13.0 12.0
1 11106.5 2538.0 53.0 38.0
1 11216.5 2534.5 19.0 37.0
1 10848.5 2469.0 69.0 64.0
1 11105.0 2347.5 16.0 13.0
1 11194.0 2475.5 48.0 73.0
3 2664.5 2240.0 93.0 50.0
3 2592.5 2079.0 59.0 60.0
1 13325.5 7673.5 17.0 13.0
1 13358.0 7675.0 18.0 10.0
1 13342.5 7632.5 15.0 13.0
1 13342.0 7619.5 16.0 11.0
1 13347.0 7607.5 18.0 11.0
1 13343.0 7593.5 18.0 15.0
1 13416.0 7669.0 18.0 16.0
1 13349.0 7645.5 14.0 9.0
1 13343.0 7512.0 36.0 20.0
1 13357.0 7457.0 16.0 16.0
1 13336.5 7466.5 17.0 17.0
1 13319.5 7475.0 15.0 20.0
1 13374.0 7463.5 10.0 21.0
1 13416.0 7459.5 20.0 19.0
1 13419.5 7478.5 15.0 17.0
1 13389.5 7512.5 17.0 17.0
1 13481.0 7447.0 18.0 18.0
1 13509.5 7436.0 37.0 18.0
1 13507.0 7456.5 28.0 21.0
1 13543.0 7435.0 26.0 16.0
1 13553.0 7455.5 28.0 15.0
1 13560.0 7471.5 22.0 13.0
1 13558.5 7495.5 45.0 27.0
1 13567.5 7519.0 31.0 18.0
1 13589.5 7566.5 25.0 21.0
1 13589.0 7587.5 18.0 15.0
1 13605.5 7594.5 13.0 15.0
1 13580.0 7544.5 20.0 19.0
1 13608.5 7611.0 31.0 16.0
1 13609.5 7626.5 27.0 13.0
1 13614.5 7642.0 27.0 16.0
1 13630.5 7669.0 35.0 22.0
1 13382.0 7587.0 22.0 14.0
1 12432.5 3910.5 27.0 25.0
1 12465.0 3927.0 16.0 16.0
1 12441.5 3938.0 23.0 20.0
1 12424.0 3940.5 16.0 17.0
1 12445.0 3968.5 30.0 13.0
1 12507.5 3951.5 23.0 15.0
1 12476.5 3954.0 23.0 22.0
1 12488.5 3921.5 21.0 21.0
1 12482.0 3997.0 16.0 10.0
1 12503.5 4007.5 15.0 13.0
1 12512.0 4025.5 16.0 13.0
1 12525.5 4048.0 15.0 12.0
1 12500.0 4040.5 20.0 17.0
1 12542.0 4062.5 24.0 17.0
1 12533.5 3974.5 31.0 21.0
1 12533.5 3936.5 23.0 23.0
1 12548.5 4087.0 29.0 14.0
1 12522.5 3913.0 21.0 16.0
1 12461.0 3840.5 72.0 17.0
1 12464.0 3816.0 20.0 18.0
1 12486.0 3875.0 68.0 40.0
3 15245.0 12471.0 26.0 24.0
1 15219.0 12414.0 16.0 20.0
1 15236.5 12445.0 19.0 16.0
1 15227.0 12395.5 22.0 15.0
1 15235.5 12372.5 27.0 25.0
3 15286.5 12320.5 55.0 65.0
1 12032.0 4158.0 18.0 28.0
1 12064.0 4167.0 26.0 26.0
1 12099.0 4144.0 18.0 32.0
1 12157.0 4118.5 52.0 39.0
1 12170.0 4153.0 40.0 30.0
1 12212.5 4180.0 37.0 42.0
1 12041.5 4266.0 55.0 60.0
1 12105.5 4316.5 65.0 69.0
1 12244.5 4374.0 53.0 50.0
1 8127.0 10965.0 14.0 12.0
1 8132.0 10947.5 12.0 13.0
1 8119.5 10886.0 39.0 20.0
1 7541.0 8247.0 26.0 24.0
1 7510.0 8331.0 28.0 28.0
1 7443.0 8350.5 28.0 33.0
1 7591.0 8342.0 18.0 20.0
1 7446.0 8206.0 24.0 28.0
1 7606.0 8236.0 30.0 34.0
1 7548.0 8339.5 24.0 21.0
1 7444.0 8268.5 30.0 31.0
1 7466.0 8319.0 24.0 24.0
1 7619.0 8349.0 18.0 24.0
1 7473.0 8204.5 16.0 21.0
1 13277.0 6182.5 66.0 77.0
1 13104.0 6597.5 44.0 43.0
1 13006.0 6608.5 128.0 95.0
1 9476.0 8642.5 20.0 19.0
1 9386.0 8629.5 22.0 23.0
1 9288.5 8629.0 23.0 22.0
0 9326.5 8393.5 221.0 301.0
3 12983.5 12135.5 47.0 53.0
1 15947.0 11850.5 24.0 17.0
1 16036.0 11846.5 18.0 9.0
1 16067.0 11842.5 22.0 13.0
1 16205.5 11940.5 17.0 25.0
1 15905.5 11856.0 21.0 8.0
3 7544.5 11907.0 107.0 152.0
1 8896.0 6172.5 38.0 49.0
0 8933.5 6635.0 111.0 42.0
1 4160.5 11084.0 13.0 16.0
1 4173.5 11089.5 11.0 13.0
1 4187.0 11089.5 12.0 13.0
1 4201.0 11088.0 14.0 14.0
1 4231.0 11083.5 16.0 15.0
1 4250.5 11074.0 17.0 16.0
1 4277.0 11078.0 18.0 18.0
1 4314.0 11077.0 16.0 14.0
1 4335.5 11072.0 15.0 18.0
1 4293.5 11077.0 13.0 12.0
1 4132.5 11065.0 19.0 20.0
1 4360.0 11068.0 18.0 18.0
1 4108.0 11058.5 12.0 13.0
1 4118.5 11061.5 9.0 11.0
1 4407.0 11068.5 26.0 25.0
1 4432.5 11072.5 23.0 21.0
1 4552.0 11190.0 22.0 22.0
1 4571.5 11198.0 17.0 18.0
1 4577.0 11219.0 26.0 26.0
1 4580.5 11136.5 45.0 43.0
1 4577.0 11101.0 24.0 24.0
1 4577.0 11069.0 16.0 16.0
1 15535.0 7320.0 20.0 16.0
1 15557.0 7318.0 16.0 16.0
1 15593.0 7317.0 18.0 16.0
1 15612.0 7310.0 18.0 16.0
1 15632.0 7307.0 18.0 14.0
1 15657.0 7308.5 18.0 19.0
1 15622.0 7276.0 24.0 12.0
1 15621.5 7292.0 19.0 8.0
2 15654.0 7289.5 32.0 17.0
1 15587.5 7236.0 41.0 26.0
1 15619.0 7227.0 34.0 14.0
1 15557.0 7189.0 58.0 42.0
1 12985.5 7477.5 21.0 23.0
1 12895.0 7401.5 22.0 27.0
1 12849.0 7451.0 18.0 16.0
1 12855.5 7483.5 13.0 13.0
1 12897.0 7496.5 16.0 13.0
1 12859.5 7509.5 15.0 11.0
1 12854.0 7467.5 16.0 15.0
1 12914.5 7352.0 27.0 26.0
1 12931.0 7376.0 20.0 20.0
1 12955.0 7399.0 30.0 24.0
1 12955.5 7373.5 23.0 23.0
1 12971.0 7440.0 14.0 14.0
1 12981.0 7456.5 18.0 15.0
1 12999.5 7517.5 29.0 33.0
1 13013.5 7551.0 31.0 22.0
1 13023.0 7578.5 36.0 25.0
1 13009.5 7604.0 29.0 22.0
1 13042.5 7604.0 25.0 20.0
1 13037.0 7625.0 32.0 16.0
1 12808.0 7554.5 16.0 17.0
1 12812.0 7576.5 20.0 21.0
1 12915.5 7616.5 15.0 11.0
1 12900.5 7601.5 13.0 15.0
1 12891.5 7529.5 15.0 15.0
1 12913.0 7564.5 14.0 17.0
1 12949.5 7532.0 13.0 18.0
1 12929.0 7507.0 10.0 14.0
1 12938.0 7524.5 10.0 11.0
1 12949.0 7507.5 26.0 23.0
1 12885.5 7474.5 23.0 11.0
1 12892.5 7484.5 13.0 7.0
1 12861.0 7523.0 14.0 12.0
1 12877.0 7535.5 12.0 13.0
1 12891.5 7574.5 15.0 13.0
1 12837.5 7526.0 15.0 14.0
1 12829.5 7497.5 11.0 13.0
1 12910.5 7529.5 19.0 21.0
1 12931.0 7553.5 20.0 19.0
1 12929.0 7441.0 26.0 24.0
1 12928.5 7418.5 21.0 15.0
1 12885.0 7458.0 12.0 14.0
1 12880.0 7375.5 18.0 13.0
1 12868.0 7433.0 26.0 16.0
1 12830.0 7624.0 16.0 16.0
1 12818.0 7607.0 18.0 14.0
1 12837.5 7601.5 17.0 19.0
1 12899.0 7623.5 12.0 17.0
1 12958.0 7653.5 56.0 51.0
1 12910.5 7668.0 31.0 20.0
1 12921.5 7596.0 17.0 16.0
1 12903.5 7588.0 13.0 10.0
1 12886.5 7631.0 11.0 14.0
1 12948.5 7563.0 7.0 12.0
1 12962.5 7568.0 17.0 12.0
1 12963.5 7552.0 19.0 16.0
1 12819.5 7458.5 13.0 11.0
3 13484.5 10390.0 77.0 114.0
3 13711.0 10420.0 18.0 24.0
3 13739.5 10420.0 35.0 24.0
1 4325.5 11847.5 43.0 37.0
1 4319.5 11812.5 33.0 31.0
1 4320.5 11786.0 23.0 20.0
3 12318.0 9437.5 60.0 135.0
3 12460.0 9704.0 64.0 48.0
1 15692.5 11607.0 17.0 26.0
1 15714.0 11603.5 20.0 21.0
1 15719.0 11626.5 26.0 25.0
1 15712.0 11650.5 20.0 17.0
1 15711.0 11668.0 24.0 14.0
1 15767.5 11347.5 17.0 15.0
1 15793.5 11345.0 23.0 18.0
1 15822.0 11343.0 20.0 20.0
1 15849.0 11339.5 18.0 21.0
1 15866.5 11334.0 11.0 16.0
1 15720.5 11463.0 15.0 18.0
1 15748.5 11347.0 15.0 16.0
1 15818.5 11550.5 17.0 27.0
1 15847.5 11542.0 17.0 24.0
1 11822.5 13776.0 17.0 22.0
1 11841.5 13772.5 15.0 17.0
1 11885.0 13765.5 20.0 17.0
1 11904.0 13762.0 12.0 14.0
1 11948.5 13755.0 21.0 14.0
1 11971.0 13751.5 20.0 19.0
1 12026.0 13372.0 20.0 26.0
1 12029.0 13411.0 26.0 26.0
1 12066.5 13536.0 17.0 24.0
3 12043.5 13445.5 27.0 27.0
1 14391.0 3712.0 26.0 28.0
1 14423.5 3683.5 31.0 41.0
1 14462.0 3678.0 40.0 22.0
1 14432.0 3651.0 18.0 16.0
1 14454.0 3660.0 24.0 14.0
1 14427.5 3636.5 15.0 9.0
1 14417.5 3622.5 25.0 15.0
1 14402.0 3607.5 16.0 13.0
1 14390.5 3592.0 17.0 14.0
1 7896.5 6478.0 29.0 26.0
1 7935.0 6466.0 30.0 24.0
1 7971.5 6457.5 25.0 25.0
1 7829.0 6537.5 6.0 9.0
1 7845.5 6555.0 7.0 8.0
1 7828.5 6555.0 11.0 8.0
1 7837.5 6585.5 7.0 9.0
1 7842.0 6611.5 10.0 11.0
1 7836.0 6570.5 10.0 9.0
1 7870.0 6628.0 22.0 20.0
1 7839.5 6544.5 7.0 7.0
1 8903.0 2497.5 12.0 11.0
1 8896.0 2398.5 18.0 33.0
1 8912.0 2523.0 10.0 12.0
1 8931.5 2545.5 19.0 15.0
1 8955.0 2547.5 10.0 7.0
1 3113.0 3237.5 22.0 23.0
1 3313.5 3233.0 17.0 18.0
1 3313.0 3264.0 16.0 16.0
1 3367.5 3252.0 17.0 18.0
1 3420.5 3247.5 17.0 17.0
1 3382.0 3255.0 12.0 12.0
1 3406.5 3251.5 13.0 15.0
1 3394.0 3253.5 12.0 13.0
1 3113.5 3350.5 37.0 39.0
1 3155.0 3351.5 44.0 41.0
1 3175.0 3172.5 22.0 21.0
1 3174.0 3155.0 18.0 16.0
1 3105.5 3153.5 33.0 33.0
1 3187.0 3308.0 28.0 30.0
1 3151.0 3290.5 20.0 21.0
1 3285.0 3170.5 16.0 15.0
1 3283.5 3151.5 13.0 13.0
3 3430.0 3228.0 20.0 20.0
1 3114.0 3118.5 46.0 35.0
1 3178.0 3276.5 30.0 29.0
1 3167.5 3230.5 53.0 49.0
1 3195.5 3347.5 33.0 35.0
1 3157.0 3147.0 16.0 18.0
1 3084.5 3276.5 23.0 23.0
1 3404.0 3221.0 22.0 14.0
1 7929.0 3612.5 26.0 21.0
1 7950.5 3663.5 25.0 23.0
1 8006.5 3643.5 23.0 21.0
1 7963.5 3707.0 31.0 24.0
1 8023.5 3686.5 31.0 19.0
1 8070.5 3622.5 29.0 23.0
1 8081.5 3668.5 29.0 19.0
1 8135.0 3650.0 30.0 18.0
1 8181.5 3627.0 21.0 20.0
1 10163.5 8619.0 31.0 92.0
1 9956.5 8604.5 47.0 57.0
1 9823.0 8493.0 48.0 56.0
1 9753.5 8523.0 51.0 92.0
1 10042.5 8447.5 95.0 63.0
1 10144.0 8483.0 70.0 156.0
1 9885.5 8486.5 51.0 67.0
1 8276.5 7238.5 21.0 15.0
1 8295.5 7280.5 17.0 17.0
1 8312.5 7262.0 27.0 24.0
1 8297.0 7303.0 26.0 14.0
1 8319.0 7223.0 20.0 14.0
1 8264.0 7215.5 12.0 11.0
1 8282.5 7216.5 11.0 11.0
1 8493.0 7307.0 32.0 18.0
1 8213.0 7274.5 42.0 49.0
1 8249.5 7288.5 37.0 37.0
1 8674.0 7300.5 16.0 21.0
1 8526.0 7307.5 22.0 17.0
1 8554.5 7311.5 25.0 17.0
1 8587.0 7309.5 32.0 23.0
1 8644.0 7305.5 18.0 19.0
1 8611.0 7307.5 22.0 19.0
1 8244.0 7207.5 16.0 9.0
1 8317.0 7203.0 22.0 10.0
1 8287.5 7197.0 13.0 12.0
1 11809.0 7424.0 24.0 22.0
1 11837.0 7390.0 24.0 20.0
1 11810.5 7243.5 25.0 27.0
1 11808.5 7285.0 37.0 50.0
1 11799.0 7339.5 44.0 55.0
1 11836.5 7239.0 25.0 34.0
0 12025.5 7275.5 179.0 215.0
1 12054.5 7583.0 61.0 56.0
1 12044.0 7528.5 68.0 47.0
1 12078.5 7635.5 59.0 43.0
1 11940.0 7555.0 18.0 20.0
1 12059.5 7669.5 75.0 21.0
1 11823.5 7207.0 21.0 18.0
1 14493.0 7945.5 12.0 11.0
1 14485.0 7929.5 10.0 11.0
1 14473.0 7929.5 10.0 9.0
1 14476.5 7944.0 13.0 12.0
1 14451.0 7948.0 14.0 10.0
1 14452.0 7932.0 12.0 8.0
1 14411.0 7943.5 18.0 11.0
1 14389.5 7945.5 15.0 11.0
1 14370.5 7952.0 19.0 16.0
1 14348.5 7958.0 15.0 10.0
1 14724.5 8035.0 15.0 16.0
1 14745.5 8034.5 23.0 11.0
1 14725.0 8013.0 32.0 24.0
1 14718.5 7978.0 31.0 24.0
1 14709.0 7949.5 12.0 17.0
1 14723.0 7946.0 16.0 16.0
1 14722.5 7926.5 17.0 13.0
1 14704.0 7913.5 16.0 17.0
1 14699.0 7893.5 12.0 15.0
1 14716.5 7886.0 15.0 14.0
1 14720.5 7907.0 15.0 20.0
1 14710.5 7866.5 19.0 19.0
1 14692.0 7873.5 16.0 17.0
1 14723.0 7829.5 16.0 11.0
1 14689.5 7837.0 19.0 16.0
1 14701.5 7812.5 15.0 13.0
1 14732.5 7808.5 13.0 11.0
1 14748.0 7804.5 10.0 11.0
1 14787.0 7795.0 50.0 32.0
1 14796.5 7829.0 35.0 30.0
1 14802.5 7857.5 19.0 19.0
1 14807.5 7883.0 17.0 16.0
1 14815.0 7907.5 18.0 19.0
1 14818.5 7931.5 17.0 19.0
1 5282.0 2399.0 42.0 60.0
1 5291.0 2306.0 48.0 40.0
1 5512.0 2427.5 94.0 89.0
1 5605.5 2343.5 39.0 55.0
1 5602.0 2431.0 18.0 16.0
1 5621.5 2458.0 21.0 24.0
1 5577.5 2283.0 49.0 46.0
1 5547.0 2118.5 40.0 59.0
1 5557.0 2211.0 56.0 80.0
2 11567.0 6012.5 32.0 37.0
1 11541.5 5775.0 79.0 70.0
1 11560.0 5678.5 36.0 39.0
1 11495.0 5667.0 82.0 70.0
1 11598.0 5683.0 28.0 28.0
1 11551.0 5714.0 36.0 26.0
1 11513.0 5722.0 46.0 30.0
1 11668.5 5706.5 71.0 81.0
1 10032.5 8918.5 13.0 11.0
1 9889.5 8790.5 15.0 11.0
1 9867.5 8778.0 13.0 12.0
1 9853.5 8795.5 15.0 13.0
1 9916.5 8788.5 15.0 15.0
1 9936.0 8787.5 12.0 13.0
1 9759.5 9093.0 13.0 10.0
1 9752.5 9111.0 13.0 10.0
1 9909.5 8746.5 9.0 7.0
1 9891.5 8754.5 11.0 9.0
1 9845.0 8762.0 14.0 14.0
1 9938.0 8759.5 32.0 29.0
1 9984.0 8749.0 76.0 70.0
1 10031.0 8905.0 16.0 10.0
1 9749.0 9016.5 42.0 133.0
1 9810.0 8991.5 74.0 87.0
2 7777.0 9310.0 20.0 24.0
1 6502.0 7613.5 16.0 17.0
1 6494.5 7565.0 25.0 30.0
1 6507.5 7539.5 15.0 13.0
1 6524.5 7531.5 13.0 13.0
1 6521.5 7546.0 11.0 12.0
1 6510.5 7510.0 17.0 22.0
1 6629.5 7623.5 43.0 43.0
1 6639.0 7521.0 34.0 40.0
3 8147.5 5591.0 89.0 76.0
1 6463.0 11453.5 24.0 27.0
1 6463.0 11565.0 20.0 40.0
5 5289.0 13401.0 14.0 14.0
1 5480.0 13369.5 86.0 115.0
1 5428.5 13539.0 81.0 78.0
1 5508.5 13482.0 57.0 100.0
1 8069.5 8248.0 37.0 32.0
1 8067.5 8302.5 35.0 45.0
1 8053.5 8384.0 43.0 48.0
1 7983.5 8362.5 79.0 73.0
1 7624.0 8032.5 34.0 35.0
1 7621.0 8115.0 42.0 40.0
1 7469.5 8081.5 31.0 33.0
1 7561.5 8031.0 35.0 38.0
1 7467.0 8018.0 36.0 34.0
1 7513.0 8042.5 28.0 29.0
1 7482.5 8166.5 33.0 29.0
1 7548.5 8158.5 29.0 27.0
1 7603.5 8176.0 31.0 28.0
1 7672.0 8021.0 16.0 30.0
1 10550.5 3188.5 15.0 15.0
1 10474.5 3100.0 11.0 10.0
1 10508.0 3126.5 14.0 13.0
1 10417.0 3103.0 10.0 10.0
1 10516.5 3183.0 13.0 14.0
1 1443.5 11103.0 15.0 16.0
1 1442.5 10977.5 15.0 15.0
1 1453.5 10884.5 15.0 15.0
1 7782.5 12098.0 41.0 32.0
1 7844.0 12089.0 28.0 34.0
1 7902.0 12080.5 34.0 31.0
1 7774.0 12036.5 38.0 35.0
1 7831.5 12025.5 33.0 37.0
1 7893.0 12015.5 28.0 29.0
1 7961.0 12070.5 22.0 29.0
1 7947.5 12006.0 29.0 34.0
1 7759.5 11969.0 33.0 28.0
1 7821.0 11957.5 32.0 35.0
1 7882.5 11955.5 41.0 43.0
1 7936.0 11874.0 38.0 34.0
1 7871.5 11883.5 47.0 31.0
1 7813.0 11893.0 40.0 34.0
1 7749.0 11904.5 30.0 27.0
1 7738.5 11840.5 25.0 21.0
1 7799.5 11829.5 31.0 25.0
1 7860.5 11820.5 31.0 27.0
1 7922.5 11810.5 35.0 25.0
1 7723.0 11936.0 30.0 26.0
1 7726.0 11782.5 32.0 13.0
1 8047.5 11790.5 25.0 23.0
1 8129.5 11789.0 39.0 20.0
1 3489.0 12156.5 30.0 33.0
1 3478.0 12230.0 32.0 32.0
1 14593.5 7311.5 13.0 11.0
1 14592.0 7297.5 14.0 9.0
1 14602.5 7343.0 23.0 18.0
1 14595.0 7325.0 26.0 18.0
1 14605.5 7361.0 17.0 10.0
1 14609.5 7377.5 21.0 13.0
1 14627.5 7383.5 17.0 17.0
1 14634.5 7400.0 21.0 14.0
1 14635.5 7419.5 19.0 11.0
1 14638.0 7445.5 20.0 15.0
1 14637.5 7463.0 15.0 12.0
1 14672.0 7551.0 16.0 18.0
1 14677.5 7573.0 19.0 16.0
1 14677.0 7594.5 18.0 17.0
1 14692.5 7613.0 25.0 28.0
1 14705.5 7651.0 31.0 28.0
1 14616.0 7256.0 12.0 12.0
1 14632.0 7253.5 16.0 11.0
1 14652.0 7250.5 20.0 15.0
1 14675.5 7246.5 17.0 15.0
1 14695.0 7244.0 14.0 14.0
1 14715.5 7239.0 19.0 12.0
1 14746.0 7236.5 34.0 21.0
1 14776.0 7231.0 26.0 16.0
1 14768.5 7665.0 59.0 30.0
1 14725.5 7674.0 19.0 12.0
1 14813.5 7668.0 21.0 18.0
1 1807.5 4417.0 15.0 16.0
1 16123.5 11300.5 37.0 37.0
1 16118.5 11272.0 31.0 16.0
1 15885.5 11333.0 17.0 22.0
1 15905.5 11332.0 19.0 18.0
1 15885.0 11540.5 26.0 41.0
1 11975.5 6204.5 53.0 31.0
1 12050.0 6186.5 68.0 71.0
1 12131.5 6162.0 15.0 16.0
1 12253.5 6254.5 29.0 31.0
1 12242.5 6222.0 43.0 30.0
3 12156.5 6522.0 27.0 26.0
1 12003.0 6545.0 20.0 26.0
1 12058.5 6625.5 71.0 61.0
1 11975.0 6471.5 20.0 19.0
1 7695.5 8014.0 25.0 28.0
1 7747.0 8019.5 40.0 53.0
1 7814.0 8027.0 60.0 70.0
1 7874.5 8043.0 13.0 12.0
1 7998.0 8054.0 24.0 22.0
1 8033.5 8057.0 25.0 30.0
1 8066.5 8057.5 25.0 29.0
1 8854.0 7159.0 22.0 18.0
1 8751.5 7161.0 15.0 10.0
1 8728.5 6924.5 15.0 11.0
1 8920.0 6900.5 10.0 9.0
1 8874.5 7157.5 11.0 13.0
1 8765.0 7152.5 18.0 13.0
1 8914.5 7150.5 9.0 9.0
0 8956.0 6837.0 504.0 360.0
0 9053.0 6762.0 110.0 62.0
0 8812.5 6707.5 71.0 89.0
0 8927.0 6691.0 128.0 60.0
0 8906.0 6871.5 96.0 95.0
0 9036.0 6857.5 112.0 77.0
0 8729.0 6871.5 50.0 79.0
1 8233.5 2810.5 23.0 19.0
1 8204.0 2816.5 22.0 15.0
1 11827.0 3042.5 52.0 45.0
1 11796.0 2933.0 20.0 42.0
1 11816.0 2989.5 26.0 29.0
1 11788.0 2904.0 24.0 32.0
3 12469.5 4653.0 73.0 60.0
1 12595.5 4740.5 43.0 19.0
1 12618.5 4718.0 51.0 24.0
1 12683.5 4783.5 17.0 15.0
1 12708.0 4770.5 18.0 13.0
1 12713.0 4760.5 24.0 11.0
1 12657.0 4764.0 18.0 12.0
1 12664.5 4774.0 15.0 6.0
1 12661.5 4750.0 27.0 18.0
1 12683.5 4740.5 25.0 19.0
1 12742.0 4887.5 18.0 15.0
1 12726.0 4896.0 16.0 16.0
1 12747.5 4874.5 19.0 11.0
1 12713.0 4911.5 20.0 21.0
1 12731.0 4937.5 32.0 25.0
1 12776.0 4885.0 18.0 18.0
1 12757.5 4915.0 17.0 16.0
1 12780.0 4912.5 20.0 13.0
1 12761.5 4674.5 21.0 17.0
1 12774.0 4694.0 28.0 24.0
1 12787.5 4726.5 25.0 31.0
1 5255.5 2836.0 19.0 22.0
1 5214.5 2846.0 29.0 20.0
1 5301.0 2949.5 24.0 19.0
1 5233.5 2972.5 25.0 19.0
1 5289.5 2880.5 19.0 21.0
1 5213.5 2899.0 35.0 30.0
1 5224.5 2770.0 27.0 30.0
1 5176.0 2997.0 68.0 68.0
1 5242.0 2999.0 44.0 34.0
1 5144.5 2915.0 31.0 50.0
1 5266.5 2886.5 27.0 23.0
1 5449.5 2946.5 71.0 33.0
1 5599.5 2845.0 65.0 76.0
1 5510.5 2925.0 35.0 24.0
1 5277.5 2829.5 13.0 13.0
1 5310.0 2828.0 22.0 30.0
1 5589.0 2680.0 38.0 34.0
1 5328.0 2975.0 50.0 36.0
1 5162.0 2809.0 26.0 22.0
1 5555.5 2907.0 49.0 32.0
1 5170.5 2689.5 79.0 51.0
1 5136.0 2737.5 28.0 37.0
1 6401.0 3177.5 48.0 47.0
1 6440.5 3177.5 23.0 21.0
1 6462.5 3172.0 19.0 22.0
1 6203.0 3282.5 56.0 43.0
1 6346.5 3290.0 45.0 64.0
1 6334.0 3208.5 70.0 85.0
1 4726.5 13033.0 69.0 46.0
1 4650.0 13040.0 30.0 38.0
1 2297.5 3406.5 13.0 15.0
1 2291.5 3386.0 15.0 14.0
1 2288.5 3364.5 25.0 25.0
1 14951.5 12947.5 11.0 13.0
1 14925.0 12947.5 18.0 15.0
1 14927.5 12969.5 23.0 15.0
1 14903.5 12978.5 15.0 13.0
1 14905.0 12928.5 22.0 11.0
1 14931.0 12997.5 20.0 17.0
1 14984.5 13012.5 27.0 27.0
1 14912.5 13036.5 23.0 17.0
1 14856.5 13032.5 13.0 17.0
1 14865.5 12933.0 25.0 18.0
1 16116.0 11132.5 22.0 13.0
1 16119.0 11122.0 18.0 10.0
1 16113.5 11114.5 13.0 9.0
1 16111.0 11105.0 16.0 10.0
1 16112.0 11084.0 18.0 18.0
1 16081.5 11078.0 27.0 24.0
1 16008.0 11069.0 20.0 18.0
1 15953.0 11183.0 10.0 22.0
3 6912.5 8939.5 511.0 209.0
3 6913.0 8750.0 510.0 92.0
1 8396.0 11059.5 12.0 13.0
1 8402.5 11078.0 13.0 12.0
1 8396.5 11152.0 17.0 16.0
1 8403.5 11189.5 15.0 17.0
1 8407.5 11222.5 21.0 21.0
1 8413.0 11254.0 18.0 14.0
1 8397.0 11026.0 20.0 18.0
1 8565.0 11154.0 8.0 8.0
1 8572.0 11184.5 16.0 17.0
1 8556.5 11082.5 9.0 9.0
1 8555.0 11097.0 12.0 10.0
1 8561.5 11116.0 11.0 12.0
1 8212.0 11130.0 36.0 62.0
1 8572.0 11216.0 24.0 28.0
1 8544.0 11250.0 32.0 10.0
1 8573.5 11243.0 31.0 22.0
1 5199.5 11158.0 21.0 20.0
1 5188.0 11080.0 26.0 34.0
1 5194.5 11124.0 31.0 42.0
1 5185.0 11055.0 16.0 16.0
1 5182.0 11040.5 18.0 15.0
1 5184.5 11027.0 13.0 14.0
1 5168.5 10961.5 41.0 115.0
1 5154.0 10846.5 30.0 99.0
1 11646.0 13677.0 26.0 38.0
1 11655.5 13716.5 27.0 37.0
1 11664.0 13744.0 22.0 16.0
1 11668.0 13760.5 22.0 15.0
1 11742.5 13686.5 21.0 23.0
1 11766.5 13686.5 19.0 25.0
1 11402.0 13655.0 20.0 24.0
1 11410.0 13683.0 20.0 18.0
1 11416.0 13703.5 20.0 21.0
1 11331.5 13595.5 33.0 35.0
1 11319.5 13521.0 31.0 30.0
1 11278.0 13531.0 28.0 32.0
1 11382.0 13505.5 28.0 25.0
3 15230.5 7867.5 117.0 123.0
3 15326.5 7853.0 67.0 136.0
1 15085.0 8016.5 44.0 31.0
1 15083.0 7953.0 40.0 34.0
1 15068.0 7851.0 50.0 40.0
1 14969.5 7987.0 71.0 56.0
1 15087.0 7985.5 40.0 27.0
1 14950.5 7890.0 45.0 50.0
1 15021.5 7860.0 25.0 50.0
1 14990.5 7869.5 31.0 67.0
1 2606.0 12999.0 92.0 74.0
1 2677.0 12977.0 40.0 112.0
1 4654.5 10926.0 19.0 18.0
1 4657.0 10942.0 14.0 12.0
1 4661.5 10953.5 13.0 11.0
1 4661.0 10966.0 14.0 14.0
1 4667.5 11012.0 19.0 22.0
1 4669.5 11036.0 23.0 20.0
1 4676.5 11058.0 21.0 22.0
1 4683.0 11137.0 22.0 20.0
1 4675.0 11076.5 12.0 11.0
1 4680.0 11093.5 16.0 15.0
1 4695.5 11164.5 33.0 29.0
1 4682.0 11114.0 20.0 20.0
1 12838.5 8630.0 75.0 68.0
1 12821.5 8324.5 25.0 29.0
1 12888.0 8319.0 32.0 42.0
1 12855.0 8322.5 28.0 45.0
1 13001.0 8600.5 38.0 27.0
1 13043.0 8577.0 26.0 26.0
1 13292.5 8215.0 29.0 26.0
1 8856.5 8897.0 73.0 36.0
1 8971.5 8920.5 165.0 95.0
1 8721.0 8989.0 20.0 64.0
1 8778.5 9005.0 73.0 82.0
1 8743.0 9085.0 78.0 74.0
1 8809.0 9104.5 44.0 101.0
1 8837.0 8954.5 40.0 43.0
1 8885.5 9011.0 67.0 52.0
1 8769.0 8921.0 76.0 84.0
1 9191.5 8970.0 41.0 90.0
1 8924.5 9103.5 181.0 131.0
1 9202.0 9137.0 28.0 52.0
1 11284.0 4915.5 24.0 37.0
1 11308.0 4914.5 20.0 31.0
1 11332.5 4905.5 25.0 35.0
1 11372.0 4896.5 34.0 33.0
1 11401.5 4889.5 23.0 39.0
1 11571.5 5027.5 15.0 17.0
1 11570.0 5049.5 10.0 11.0
1 11559.0 5043.5 10.0 17.0
1 11558.0 5026.5 10.0 15.0
1 11592.0 5047.5 14.0 13.0
1 11595.5 5060.5 13.0 11.0
1 11582.5 5062.5 11.0 11.0
1 11573.0 5074.0 12.0 12.0
1 11604.0 5096.5 14.0 23.0
1 11584.5 5101.5 23.0 23.0
1 11693.0 5110.0 22.0 20.0
1 11726.5 5106.5 43.0 27.0
1 11761.5 5092.0 25.0 40.0
1 11741.5 5039.5 45.0 33.0
1 11724.0 4976.5 42.0 33.0
1 11730.0 5004.5 42.0 21.0
1 11736.0 5074.5 22.0 31.0
1 11705.0 4843.0 52.0 46.0
1 11702.0 4886.0 24.0 24.0
1 11620.5 4830.5 25.0 29.0
1 11583.5 4835.5 35.0 25.0
1 10761.5 11579.5 17.0 33.0
1 10804.5 11572.5 25.0 25.0
1 10853.5 11560.5 27.0 23.0
1 10902.0 11550.0 18.0 20.0
1 10975.0 11632.5 34.0 35.0
1 10997.5 11727.0 41.0 42.0
1 10992.5 11682.0 21.0 22.0
1 10920.5 11361.5 21.0 27.0
1 10946.0 11353.0 16.0 18.0
3 14321.5 5238.0 29.0 24.0
1 6446.5 13647.5 107.0 91.0
1 6443.5 13574.0 99.0 52.0
1 6400.5 13443.5 51.0 61.0
1 6626.5 13379.5 59.0 87.0
1 6546.5 13440.0 75.0 98.0
1 6594.0 13534.5 52.0 45.0
1 6642.0 13574.0 28.0 42.0
1 6467.5 13513.5 57.0 45.0
1 2269.0 9566.5 44.0 65.0
3 2347.5 9519.0 89.0 134.0
3 2551.5 9520.5 17.0 137.0
1 12752.5 12816.0 23.0 14.0
1 12696.0 12830.0 14.0 8.0
1 12671.0 12819.5 14.0 9.0
1 12617.0 12836.5 16.0 9.0
1 12628.0 12815.0 22.0 14.0
1 12570.0 12809.5 32.0 11.0
1 3962.5 11074.5 27.0 27.0
1 3993.0 11069.5 16.0 17.0
1 4015.5 11068.0 11.0 12.0
1 4027.0 11066.0 12.0 12.0
1 4056.5 11063.5 15.0 15.0
1 4041.5 11065.5 15.0 13.0
1 3966.0 11109.5 16.0 13.0
1 3961.0 11126.0 14.0 14.0
1 3958.5 11094.5 17.0 15.0
1 4073.5 11061.5 11.0 11.0
1 4084.0 11059.5 10.0 11.0
1 10526.0 10113.0 262.0 102.0
1 10548.0 10183.5 10.0 11.0
1 10560.5 10198.5 11.0 9.0
1 10617.5 10201.0 101.0 68.0
1 12948.0 5760.5 34.0 41.0
1 12982.0 5761.0 30.0 44.0
1 13016.5 5762.5 33.0 47.0
1 13032.0 5709.5 50.0 53.0
1 13013.5 5670.5 51.0 31.0
1 12974.5 5686.5 23.0 33.0
1 12922.0 5670.5 36.0 43.0
1 12951.5 5703.5 19.0 35.0
1 12855.0 5668.0 20.0 14.0
1 12843.0 5655.0 18.0 10.0
1 12835.5 5642.5 19.0 13.0
1 13145.0 5850.0 22.0 34.0
1 13173.0 5846.5 32.0 27.0
1 13127.5 5906.0 23.0 26.0
1 13147.0 5882.5 36.0 17.0
1 13172.0 5911.0 62.0 34.0
1 13281.0 5901.0 20.0 24.0
1 13280.5 5851.0 29.0 32.0
2 12954.0 5646.0 22.0 24.0
1 4747.0 2917.0 16.0 14.0
1 4760.5 2914.5 13.0 13.0
1 4774.5 2911.0 17.0 18.0
1 4789.0 2908.0 12.0 16.0
1 4800.5 2904.5 11.0 17.0
1 4827.0 2902.5 12.0 15.0
1 4813.0 2906.0 12.0 16.0
1 4949.5 2876.5 13.0 17.0
1 4935.5 2875.0 13.0 18.0
1 4884.5 2885.0 17.0 24.0
1 4840.0 2897.5 14.0 21.0
1 4855.0 2895.5 14.0 21.0
1 4906.5 2874.5 19.0 27.0
1 4923.0 2874.0 12.0 24.0
1 5050.0 2850.0 14.0 22.0
1 5031.0 2854.0 22.0 26.0
1 5106.5 2676.0 27.0 58.0
3 11419.0 6896.5 120.0 217.0
1 14503.0 9703.0 32.0 22.0
1 14510.5 9723.5 29.0 9.0
1 14656.0 9255.5 42.0 31.0
5 2212.0 10714.5 18.0 19.0
1 2409.0 10412.5 76.0 105.0
1 2403.0 10562.5 72.0 65.0
1 2417.0 10500.5 56.0 57.0
1 2404.5 10717.0 75.0 60.0
1 2301.5 10725.0 131.0 54.0
1 2378.5 10641.0 87.0 76.0
1 2369.5 10296.0 89.0 112.0
1 6328.5 14046.5 73.0 83.0
1 6183.0 13890.5 78.0 95.0
1 6275.0 13866.5 80.0 85.0
1 6266.5 13960.5 67.0 99.0
1 6903.5 3477.5 39.0 39.0
1 6917.0 3393.5 24.0 25.0
1 6964.0 3368.5 28.0 27.0
1 6993.5 3425.5 29.0 27.0
1 6862.5 3376.5 27.0 29.0
1 6901.5 3321.0 29.0 32.0
1 6846.0 3335.0 30.0 34.0
1 6870.0 3301.0 18.0 18.0
1 6829.0 3294.0 20.0 22.0
1 6813.5 3250.5 27.0 39.0
1 6710.5 3272.5 47.0 81.0
1 6825.5 3132.0 47.0 62.0
1 6872.0 3438.0 38.0 36.0
5 7062.5 11063.0 23.0 28.0
5 7086.0 11054.0 26.0 26.0
3 6846.5 11029.5 41.0 111.0
3 6953.5 10967.0 43.0 96.0
1 13474.5 9435.0 31.0 36.0
1 13467.5 9392.0 29.0 30.0
1 13463.0 9357.0 38.0 32.0
1 13462.0 9322.0 44.0 30.0
1 13461.5 9288.0 43.0 30.0
1 13639.0 9287.0 22.0 16.0
1 13666.0 9282.5 24.0 19.0
1 13686.0 9278.5 10.0 13.0
1 13702.5 9277.5 13.0 13.0
1 13724.0 9273.5 22.0 21.0
1 13812.0 9354.5 22.0 25.0
1 13811.5 9269.0 21.0 24.0
1 13614.5 9554.5 69.0 37.0
1 13543.5 9574.5 37.0 25.0
1 11939.5 7922.0 41.0 34.0
1 11997.0 7903.0 66.0 50.0
1 12091.5 7872.0 97.0 64.0
1 11863.5 7950.0 57.0 44.0
1 11786.5 7968.0 21.0 58.0
1 11816.0 7964.5 34.0 55.0
1 12805.0 4902.5 10.0 21.0
1 12819.0 4896.5 14.0 21.0
1 12834.5 4887.5 15.0 23.0
1 12854.5 4871.5 23.0 29.0
1 12880.0 4865.5 22.0 21.0
1 12910.0 4827.5 22.0 21.0
1 12894.0 4806.0 30.0 14.0
1 12888.5 4828.5 19.0 21.0
1 12891.0 4847.0 24.0 14.0
1 12881.0 4785.0 22.0 22.0
1 13196.0 4651.0 26.0 28.0
1 13226.5 4632.0 17.0 18.0
1 13258.0 4619.0 30.0 22.0
1 12865.5 4763.0 19.0 18.0
1 12855.5 4743.0 23.0 20.0
1 12836.0 4715.0 20.0 22.0
1 13454.0 6665.5 40.0 19.0
1 13508.5 6686.0 29.0 24.0
1 13540.0 6685.5 22.0 23.0
1 13478.5 6721.0 39.0 44.0
1 13485.0 6772.0 28.0 44.0
1 13588.5 6766.0 35.0 66.0
1 13536.0 6805.0 66.0 112.0
1 13635.0 6761.0 44.0 78.0
1 13684.0 6762.0 40.0 48.0
1 13680.0 6721.5 44.0 27.0
1 13684.5 6688.0 19.0 22.0
1 13736.0 6709.0 60.0 102.0
1 9241.0 9239.5 14.0 13.0
1 9263.0 9241.5 12.0 11.0
1 9282.5 9239.5 11.0 9.0
1 9307.0 9234.0 12.0 10.0
1 9318.5 9221.5 11.0 9.0
1 9272.5 9337.0 13.0 12.0
1 9290.5 9343.5 11.0 11.0
1 9239.0 9345.5 14.0 13.0
1 9702.5 9292.0 11.0 14.0
1 9708.0 9220.5 10.0 9.0
1 9707.5 9238.0 13.0 12.0
1 9709.5 9258.5 13.0 13.0
1 9717.0 9422.5 16.0 17.0
1 9720.5 9339.0 15.0 16.0
1 9717.5 9374.0 15.0 20.0
1 9467.5 9524.0 53.0 34.0
1 9226.0 9455.0 20.0 58.0
1 12821.0 5619.5 28.0 21.0
1 12816.5 5600.0 31.0 16.0
1 12812.0 5583.5 22.0 15.0
1 12811.5 5562.5 21.0 25.0
1 12845.0 5502.0 18.0 24.0
1 12823.0 5511.0 20.0 20.0
1 12885.5 5498.0 11.0 18.0
1 12903.0 5492.0 20.0 20.0
1 12919.5 5484.0 13.0 20.0
1 12942.0 5480.0 28.0 24.0
1 12868.0 5501.5 22.0 19.0
1 12951.5 5459.5 19.0 15.0
1 13003.5 5448.0 47.0 42.0
1 12844.0 5348.0 38.0 20.0
2 13082.0 5601.0 24.0 22.0
1 1921.0 10094.0 220.0 190.0
1 10098.5 9381.0 97.0 68.0
1 9832.5 9420.5 91.0 109.0
1 9770.0 9430.5 32.0 91.0
1 9739.5 9429.5 23.0 89.0
1 9781.0 9285.0 106.0 96.0
1 9757.0 9373.5 58.0 19.0
1 9757.0 9348.0 58.0 28.0
1 9808.0 9352.0 38.0 24.0
1 15000.5 6782.0 19.0 12.0
1 15003.0 6802.5 14.0 11.0
1 14983.0 6789.0 14.0 14.0
1 14976.0 6757.0 14.0 14.0
1 14972.5 6738.0 17.0 14.0
1 14965.0 6717.5 18.0 15.0
3 2752.0 3222.0 28.0 102.0
1 2652.0 3104.5 14.0 15.0
1 2680.0 3102.5 14.0 15.0
1 2710.5 3098.5 17.0 17.0
1 2623.5 3104.5 15.0 15.0
1 2586.0 3112.5 12.0 13.0
3 2771.0 3368.0 22.0 16.0
3 2801.5 3366.5 15.0 23.0
3 2789.5 3412.5 37.0 13.0
3 2570.5 3106.5 21.0 29.0
1 7361.0 5188.0 26.0 20.0
1 7371.5 5147.5 15.0 11.0
1 7336.5 5152.0 15.0 12.0
1 7249.0 5160.0 18.0 14.0
1 7375.0 5243.5 40.0 41.0
1 7380.5 5281.5 27.0 27.0
1 7389.0 5321.5 28.0 23.0
1 7389.5 5355.0 23.0 20.0
1 7201.5 5279.0 23.0 28.0
1 7265.0 5299.0 22.0 50.0
1 7234.0 5289.0 34.0 36.0
1 7232.5 5323.0 21.0 16.0
1 7222.5 5182.5 19.0 19.0
1 7213.5 5236.0 19.0 20.0
1 7207.5 5210.0 25.0 18.0
1 7300.5 5148.0 25.0 22.0
1 5238.5 12198.5 33.0 31.0
1 5236.0 12262.0 24.0 20.0
1 5191.5 12260.0 33.0 38.0
1 5152.0 12259.0 24.0 18.0
1 5143.5 12193.0 37.0 40.0
1 5214.0 11869.5 22.0 21.0
1 5192.0 11871.0 24.0 20.0
1 5170.0 11873.5 22.0 23.0
1 5151.0 11877.0 18.0 18.0
1 5127.5 11870.5 15.0 15.0
1 5288.5 11834.5 17.0 17.0
1 5284.5 11815.0 15.0 18.0
1 5282.0 11793.0 20.0 22.0
1 5263.5 11852.0 79.0 10.0
1 5202.5 12153.0 39.0 28.0
1 5356.5 12233.0 29.0 22.0
1 5440.0 12163.0 20.0 16.0
1 7432.0 7429.5 20.0 19.0
1 9949.5 9945.0 33.0 34.0
5 7266.5 11037.5 27.0 25.0
5 7285.5 11061.5 25.0 21.0
1 14552.0 5448.5 14.0 15.0
1 14507.5 5453.5 25.0 15.0
1 14483.5 5406.5 17.0 9.0
1 14570.5 5451.5 15.0 17.0
1 14700.5 5447.0 19.0 20.0
1 14664.0 5507.0 18.0 14.0
1 14783.5 5568.0 31.0 26.0
2 14744.5 5599.0 45.0 40.0
1 14771.0 5456.5 36.0 29.0
1 14651.5 5526.5 21.0 21.0
1 14692.5 5560.5 25.0 23.0
1 14640.0 5535.0 20.0 22.0
1 14648.5 5489.5 25.0 25.0
1 14671.0 5466.0 34.0 30.0
2 14354.5 5262.0 35.0 36.0
1 14291.5 12367.5 39.0 73.0
1 1646.5 10794.5 27.0 27.0
3 7215.5 6367.5 81.0 101.0
1 10917.5 3843.5 27.0 21.0
1 10870.0 3908.0 26.0 20.0
1 10909.5 3799.5 21.0 25.0
1 10760.0 3933.0 16.0 18.0
1 11117.0 4028.5 16.0 15.0
1 12646.5 7688.0 29.0 16.0
1 12607.0 7706.0 20.0 28.0
1 12670.0 7708.0 28.0 20.0
1 12614.5 7772.0 21.0 20.0
1 12614.5 7749.5 21.0 21.0
1 12660.5 7734.0 19.0 20.0
1 12666.0 7759.0 26.0 28.0
1 12659.5 7787.0 21.0 18.0
1 12682.5 7864.0 49.0 74.0
1 8783.5 6134.0 17.0 16.0
1 8888.0 6131.0 28.0 20.0
1 8926.5 6107.0 21.0 22.0
1 8921.0 6130.0 30.0 24.0
1 8952.5 6105.5 27.0 19.0
1 8954.5 6132.0 33.0 24.0
1 14343.5 3541.5 15.0 11.0
1 14352.0 3554.5 16.0 11.0
1 14360.5 3568.5 13.0 15.0
1 14374.5 3575.5 13.0 15.0
1 7464.0 9889.5 12.0 11.0
1 7451.5 9905.0 17.0 12.0
1 7436.5 9880.5 17.0 13.0
1 7430.0 9848.5 14.0 19.0
1 7449.5 9829.5 21.0 15.0
1 7477.0 9836.0 18.0 14.0
1 7507.5 9827.0 19.0 14.0
1 7564.5 9816.5 15.0 13.0
1 7538.5 9824.0 19.0 14.0
1 9885.5 10603.0 23.0 32.0
1 9887.5 10635.0 29.0 28.0
1 9800.0 10616.0 36.0 34.0
1 9751.5 10621.0 43.0 30.0
1 9912.0 10668.0 30.0 34.0
1 9879.5 10707.0 45.0 40.0
1 9929.5 10728.5 53.0 47.0
1 9942.5 10672.5 29.0 43.0
1 9856.0 10745.0 26.0 14.0
1 9750.0 10718.5 26.0 21.0
1 9750.5 10741.0 27.0 22.0
1 15744.5 9449.5 23.0 19.0
1 15747.0 9472.0 18.0 20.0
1 15748.5 9510.0 17.0 14.0
1 15696.0 9550.5 22.0 17.0
1 15644.5 9600.5 29.0 15.0
1 15742.0 9618.0 18.0 18.0
1 15764.0 9619.5 18.0 15.0
1 15762.0 9569.5 20.0 15.0
1 15697.5 9580.5 19.0 15.0
1 15647.5 9624.0 13.0 16.0
1 15704.0 9631.5 18.0 15.0
1 15722.0 9563.5 10.0 11.0
3 15660.0 9248.5 90.0 61.0
1 15651.5 9541.5 23.0 17.0
1 15675.5 9539.5 19.0 11.0
1 15698.0 9505.5 20.0 17.0
1 15696.5 9526.5 17.0 13.0
1 15670.5 9584.5 33.0 17.0
1 15756.5 9536.5 17.0 21.0
1 15729.5 9576.5 9.0 15.0
1 15766.0 9596.0 24.0 10.0
1 15724.0 9606.0 22.0 12.0
1 15701.0 9479.5 16.0 15.0
1 15637.5 9572.5 23.0 19.0
1 3746.0 2814.0 60.0 54.0
1 3690.0 2829.5 44.0 43.0
1 3609.0 2845.5 48.0 47.0
1 3592.0 2602.0 14.0 16.0
1 3597.0 2637.0 24.0 28.0
1 2685.0 11541.0 16.0 18.0
1 2783.0 11534.0 28.0 28.0
1 2749.5 11529.5 15.0 17.0
1 2856.0 11531.5 20.0 17.0
1 2830.0 11515.5 14.0 15.0
1 2844.0 11515.0 14.0 16.0
1 2725.5 11533.0 17.0 16.0
2 1546.5 10551.0 19.0 18.0
5 1880.5 10302.0 11.0 14.0
5 1892.5 10302.0 11.0 12.0
5 1908.5 10300.5 19.0 15.0
5 1966.5 10294.5 17.0 17.0
5 1950.0 10294.0 16.0 16.0
1 2174.0 11178.5 84.0 91.0
1 2240.0 11170.0 60.0 62.0
1 2336.5 11174.5 47.0 39.0
1 2410.5 10818.0 23.0 22.0
1 2466.0 11172.0 92.0 184.0
1 2171.0 11073.0 12.0 16.0
1 2378.5 10775.5 113.0 47.0
1 2182.5 11249.0 59.0 30.0
1 2363.0 11101.5 108.0 43.0
1 2210.0 11067.0 20.0 22.0
1 13848.5 9349.0 29.0 28.0
1 13838.0 9299.0 20.0 18.0
1 13849.5 9320.5 23.0 19.0
3 7138.5 10443.5 41.0 81.0
1 13085.5 4229.0 17.0 16.0
1 13103.0 4211.5 20.0 17.0
1 13127.5 4207.0 23.0 24.0
1 13154.5 4201.0 23.0 18.0
1 13172.5 4183.0 23.0 14.0
1 13097.5 4422.5 29.0 21.0
1 13103.5 4445.0 49.0 22.0
1 13104.5 4465.5 49.0 17.0
1 13117.5 4484.0 45.0 18.0
1 13127.5 4522.0 37.0 16.0
1 13129.5 4562.5 25.0 27.0
1 13134.0 4539.5 58.0 17.0
1 13159.5 4579.5 25.0 21.0
1 13158.5 4600.0 21.0 16.0
1 13180.0 4599.5 20.0 17.0
1 9710.5 10635.5 21.0 17.0
1 9716.5 10661.5 9.0 9.0
1 9533.0 10294.0 30.0 26.0
1 9529.5 10257.0 19.0 24.0
1 9707.0 10699.0 40.0 44.0
2 7702.0 9173.0 20.0 22.0
1 5786.0 2074.0 28.0 32.0
1 5842.5 2143.0 19.0 22.0
1 5691.5 2110.0 71.0 46.0
1 5692.0 2149.5 22.0 17.0
1 5734.5 2065.5 19.0 17.0
1 5670.0 2069.0 44.0 38.0
1 5863.0 2087.0 50.0 60.0
1 8408.5 3259.0 19.0 18.0
2 8407.5 3260.5 25.0 21.0
1 14239.5 13475.5 19.0 19.0
1 14166.5 13601.5 19.0 17.0
1 14189.0 13596.5 16.0 13.0
1 14125.5 13666.0 25.0 24.0
1 14257.0 13651.0 28.0 22.0
1 14253.0 13612.5 22.0 23.0
1 14210.5 13599.5 15.0 17.0
1 14329.0 13589.5 14.0 27.0
1 7502.5 5873.0 21.0 24.0
1 7555.5 5880.0 45.0 44.0
1 7569.0 5948.5 46.0 47.0
1 7522.5 6083.0 17.0 16.0
1 7570.0 6034.5 30.0 31.0
1 7552.5 6086.0 25.0 20.0
1 7551.0 6056.5 22.0 21.0
1 7461.0 6070.0 50.0 22.0
1 15686.0 12858.5 14.0 13.0
1 15685.0 12871.0 16.0 10.0
1 15685.0 12884.0 16.0 14.0
1 15687.0 12900.0 14.0 12.0
1 15686.0 12920.0 20.0 18.0
1 15683.5 12827.5 13.0 13.0
1 15685.0 12812.5 14.0 13.0
1 15684.5 12841.5 15.0 13.0
1 15689.0 12941.5 20.0 19.0
1 15692.0 12965.5 26.0 27.0
1 7702.5 3435.5 13.0 13.0
1 7685.5 3447.0 9.0 8.0
1 7694.5 3473.5 9.0 9.0
1 7687.0 3497.5 12.0 11.0
1 7725.5 3516.0 11.0 12.0
1 7708.5 3518.0 15.0 12.0
1 7689.5 3526.5 17.0 17.0
1 8169.5 3562.5 31.0 27.0
1 8138.0 3503.0 28.0 28.0
1 8111.0 3581.0 14.0 6.0
1 7787.5 3216.0 21.0 18.0
1 7793.0 3263.5 40.0 21.0
1 7852.0 3239.0 34.0 20.0
1 7910.0 3171.5 24.0 17.0
1 7955.0 3151.5 20.0 19.0
1 7971.0 3198.5 22.0 17.0
1 7841.5 3196.0 27.0 20.0
1 8024.5 3183.0 29.0 20.0
1 8012.0 3128.0 26.0 24.0
3 4369.0 11449.5 26.0 27.0
1 4415.0 11644.0 24.0 24.0
1 4305.5 11644.5 19.0 25.0
1 4316.5 11750.5 25.0 43.0
1 7920.0 7062.5 42.0 67.0
1 7858.0 6977.5 14.0 13.0
4 2497.5 7749.0 105.0 138.0
1 11455.0 8175.0 18.0 16.0
1 11432.5 8179.5 21.0 25.0
1 11419.0 8105.5 48.0 53.0
1 11399.0 8055.0 44.0 38.0
1 11381.5 8016.0 31.0 28.0
1 11367.5 7977.0 39.0 44.0
1 11764.0 7976.5 24.0 61.0
1 11730.5 8010.0 35.0 26.0
1 11685.5 8018.0 45.0 34.0
1 12092.5 2482.5 35.0 13.0
1 12080.5 2307.0 29.0 26.0
1 12094.0 2288.5 22.0 21.0
1 12114.5 2306.0 17.0 18.0
1 12136.5 2299.5 23.0 25.0
1 12131.5 2334.0 17.0 12.0
1 12163.0 2327.0 24.0 20.0
1 12152.0 2398.5 22.0 15.0
1 12178.0 2403.5 22.0 21.0
1 12195.0 2420.5 24.0 23.0
1 12214.0 2403.0 26.0 24.0
1 12224.0 2421.0 30.0 26.0
1 12203.5 2443.0 29.0 30.0
1 12240.0 2448.5 40.0 37.0
1 12121.5 2458.5 19.0 21.0
1 12090.5 2451.0 21.0 16.0
1 12102.0 2428.5 38.0 19.0
1 12075.0 2395.0 34.0 32.0
1 12057.5 2356.0 41.0 40.0
5 7483.5 4668.0 21.0 20.0
1 7186.5 4818.0 23.0 10.0
1 7189.0 4768.5 40.0 51.0
1 11189.5 13534.0 19.0 12.0
1 11192.5 13561.5 17.0 15.0
1 11189.0 13588.5 18.0 17.0
1 11193.5 13615.5 17.0 17.0
1 11200.5 13642.5 17.0 17.0
1 11214.0 13675.0 16.0 16.0
1 4465.0 13046.0 14.0 12.0
1 4464.5 13059.0 11.0 10.0
1 4548.5 13047.0 19.0 20.0
1 4545.5 13021.5 17.0 19.0
1 4468.0 13152.5 14.0 15.0
1 4505.0 13028.5 32.0 27.0
1 4463.0 13098.5 36.0 33.0
1 4782.5 11729.5 17.0 17.0
1 4766.0 11665.5 20.0 17.0
1 4777.5 11710.0 17.0 16.0
1 4754.5 11572.0 25.0 26.0
1 4738.5 11518.5 19.0 17.0
1 4745.0 11552.0 12.0 12.0
1 4748.5 11485.0 45.0 40.0
1 4731.5 11441.0 17.0 18.0
1 4730.5 11341.5 21.0 19.0
1 4786.5 11435.0 51.0 58.0
1 4799.5 11477.5 25.0 25.0
1 4800.0 11522.0 36.0 56.0
1 4736.5 11418.0 17.0 16.0
1 4735.5 11380.5 25.0 57.0
1 4759.0 11624.5 28.0 63.0
1 4778.5 11687.0 11.0 16.0
5 3139.0 5812.5 26.0 27.0
5 3166.5 5810.5 25.0 27.0
5 3106.5 5814.5 29.0 29.0
1 10351.5 7326.0 17.0 16.0
1 10345.0 7335.0 16.0 16.0
1 10428.5 7236.5 17.0 17.0
1 10719.0 11319.0 24.0 22.0
1 10697.0 11406.5 18.0 19.0
1 10660.5 11330.0 47.0 32.0
1 10651.0 11277.0 30.0 24.0
1 10721.5 11457.5 27.0 25.0
1 10497.5 11377.0 19.0 20.0
1 10718.5 11348.5 23.0 23.0
1 10689.0 11306.0 26.0 24.0
1 10711.0 11382.0 18.0 18.0
1 10538.5 11362.0 29.0 22.0
1 10569.5 11349.0 35.0 30.0
1 10613.0 11486.5 28.0 29.0
1 10433.0 11383.5 46.0 65.0
1 10484.0 11329.0 72.0 68.0
1 10563.0 11299.5 74.0 59.0
1 10562.0 11486.0 56.0 46.0
1 10489.5 11511.5 41.0 35.0
1 10510.5 11430.5 35.0 25.0
1 10600.0 11352.5 14.0 13.0
1 10465.5 11467.0 33.0 34.0
1 10678.5 11372.0 51.0 44.0
1 10605.0 11403.5 48.0 33.0
1 10559.5 11409.5 33.0 23.0
1 4466.5 8245.5 57.0 61.0
1 4572.0 8325.5 72.0 71.0
1 4514.0 8293.5 48.0 45.0
1 4562.0 8219.0 56.0 46.0
1 4515.0 8247.5 40.0 41.0
1 6005.0 1979.5 42.0 65.0
1 5932.5 1997.0 63.0 60.0
1 5865.0 2000.0 70.0 86.0
1 5039.0 10703.5 24.0 23.0
1 5001.5 10708.5 17.0 13.0
1 4986.0 10714.5 14.0 15.0
1 4973.5 10713.5 11.0 11.0
1 4962.0 10716.5 10.0 11.0
1 4950.5 10719.0 11.0 12.0
1 4813.5 10737.5 15.0 15.0
1 4800.5 10739.5 9.0 11.0
1 4789.5 10741.5 13.0 13.0
1 4775.0 10742.5 16.0 15.0
1 4751.5 10745.5 17.0 13.0
3 3011.5 8743.0 117.0 78.0
3 2574.5 8732.0 27.0 28.0
1 1931.5 13092.0 17.0 18.0
1 1965.5 13096.0 29.0 26.0
1 1988.5 13102.0 13.0 14.0
1 8889.5 4450.0 19.0 18.0
1 8868.5 4375.5 13.0 13.0
1 8856.5 4331.0 15.0 16.0
1 8845.0 4284.0 12.0 12.0
3 1676.0 12363.0 106.0 114.0
1 1739.5 12739.5 55.0 57.0
1 1706.5 12598.5 55.0 67.0
1 1676.5 12448.5 53.0 53.0
1 14950.5 10454.5 15.0 15.0
1 14975.5 10452.0 13.0 12.0
1 14979.0 10437.0 14.0 12.0
1 14979.0 10425.0 14.0 10.0
1 14977.0 10390.0 24.0 14.0
1 14979.0 10402.5 14.0 11.0
1 14974.5 10374.0 19.0 12.0
1 14987.5 10355.5 25.0 17.0
1 14949.0 10410.5 20.0 21.0
1 14947.0 10367.0 22.0 16.0
1 14944.5 10348.5 19.0 17.0
1 14965.5 10337.0 19.0 20.0
1 15008.5 10331.5 53.0 17.0
1 15024.0 10355.0 32.0 28.0
1 15053.5 10337.0 23.0 56.0
1 15098.5 10326.0 61.0 78.0
1 14705.5 13029.5 25.0 25.0
1 14755.0 13037.0 28.0 24.0
1 14790.5 13029.5 27.0 23.0
1 14822.0 13000.0 28.0 28.0
1 14818.0 13025.5 28.0 25.0
1 14842.0 13038.0 12.0 14.0
1 14813.5 12912.0 19.0 20.0
1 14818.0 12937.0 18.0 18.0
1 14844.0 12909.5 8.0 21.0
1 1474.0 12236.5 24.0 29.0
1 1477.0 12274.0 18.0 16.0
1 1480.0 12199.5 20.0 21.0
1 1497.0 12110.5 54.0 87.0
1 10290.5 9595.0 15.0 18.0
1 10484.5 9566.0 13.0 10.0
1 10391.5 9537.5 27.0 23.0
1 10345.5 9529.5 15.0 17.0
1 10427.0 9491.0 20.0 16.0
1 10409.5 9497.0 19.0 16.0
1 10383.0 9507.0 16.0 12.0
1 10342.0 9511.0 8.0 8.0
1 10323.0 9530.0 8.0 10.0
1 10293.0 9452.5 16.0 15.0
1 10274.0 9508.5 18.0 13.0
1 10516.5 9390.0 21.0 18.0
1 10522.0 9415.5 20.0 17.0
1 10442.5 9364.5 19.0 17.0
1 10471.0 9363.0 18.0 18.0
1 10326.0 9409.5 26.0 21.0
1 10509.0 9363.0 24.0 20.0
1 10342.5 9390.0 23.0 20.0
1 10403.5 9381.0 23.0 20.0
1 10420.0 9526.5 26.0 21.0
1 10546.0 9533.5 16.0 15.0
1 10508.5 9651.0 13.0 12.0
1 10409.5 9420.5 57.0 51.0
3 11406.0 7324.0 92.0 238.0
3 11330.5 7377.5 55.0 135.0
3 11283.5 7383.5 35.0 163.0
1 11633.5 7432.0 21.0 18.0
1 11610.0 7438.5 24.0 17.0
1 11616.0 7396.0 24.0 42.0
1 11646.0 7406.0 24.0 24.0
1 11634.0 7260.5 76.0 55.0
1 11510.5 7236.5 23.0 15.0
1 11494.0 7184.5 34.0 33.0
1 11764.5 7321.5 23.0 49.0
1 11637.0 7176.0 46.0 16.0
3 11329.0 7573.0 130.0 82.0
2 11095.5 1953.0 19.0 16.0
1 9264.0 3797.5 10.0 9.0
1 9318.0 4012.5 10.0 11.0
1 9329.0 4048.5 12.0 11.0
1 9336.5 4081.0 17.0 14.0
1 5090.5 8338.5 39.0 37.0
1 5087.0 8400.0 42.0 44.0
1 5105.0 8448.5 30.0 29.0
1 4745.0 8210.5 62.0 37.0
1 4682.5 8236.0 63.0 64.0
1 15460.0 9800.0 18.0 10.0
1 15479.5 9793.5 19.0 11.0
1 15506.5 9794.5 19.0 11.0
1 15530.5 9794.0 21.0 20.0
1 15532.0 9812.5 32.0 9.0
1 15565.0 9796.0 36.0 40.0
1 15619.0 9777.5 54.0 27.0
5 8389.5 5455.5 21.0 19.0
5 8493.0 5563.5 34.0 27.0
1 12210.0 5266.0 32.0 28.0
1 12237.5 5303.5 47.0 39.0
1 12254.0 5345.5 56.0 37.0
1 12205.5 5461.5 29.0 29.0
1 11828.5 5178.0 67.0 64.0
1 11887.5 5157.0 45.0 50.0
1 12104.0 5149.5 68.0 59.0
1 11962.5 5135.5 97.0 31.0
1 10250.0 1739.0 20.0 22.0
1 10271.5 1723.0 15.0 10.0
1 10291.5 1706.5 23.0 15.0
1 10423.0 1616.5 22.0 15.0
1 10373.0 1643.5 14.0 11.0
1 10394.5 1631.5 23.0 21.0
1 10316.0 1693.5 22.0 11.0
1 10332.0 1678.5 10.0 11.0
1 10346.5 1666.5 13.0 9.0
1 10441.0 1600.0 22.0 10.0
1 10467.5 1581.0 9.0 8.0
1 10481.0 1568.5 10.0 9.0
1 10498.0 1557.0 10.0 10.0
1 10519.5 1544.5 27.0 17.0
1 7727.5 2367.0 61.0 64.0
1 7768.5 2418.0 55.0 34.0
1 7777.0 2453.0 44.0 34.0
1 7796.0 2486.0 38.0 28.0
1 7806.0 2531.0 50.0 56.0
1 9741.5 2070.0 27.0 28.0
1 9826.5 2061.5 25.0 27.0
1 9806.5 2093.0 53.0 40.0
1 10093.0 1149.5 10.0 9.0
1 10102.5 1139.5 9.0 9.0
1 10116.5 1146.5 7.0 7.0
1 10127.0 1156.0 8.0 8.0
1 10167.0 1228.0 8.0 10.0
1 10197.5 1276.5 13.0 11.0
1 10195.5 1176.5 33.0 35.0
1 9814.5 1379.5 35.0 27.0
1 9787.5 1338.5 33.0 23.0
1 9840.5 1466.5 17.0 13.0
1 9853.5 1447.5 13.0 13.0
1 9927.0 1529.5 10.0 9.0
1 9883.0 1493.5 36.0 25.0
1 9941.0 1415.0 16.0 14.0
1 9856.0 1312.5 8.0 7.0
1 9847.0 1298.5 12.0 11.0
1 10133.0 1353.0 12.0 10.0
1 10120.5 1334.0 11.0 10.0
1 10110.0 1319.0 12.0 12.0
1 10149.5 1381.0 11.0 10.0
1 10024.0 1359.0 14.0 14.0
1 9984.0 1491.0 48.0 40.0
1 10146.0 1529.0 24.0 14.0
1 9784.5 1404.5 25.0 19.0
1 9748.0 1363.5 40.0 31.0
1 10225.5 1226.5 29.0 45.0
1 9758.0 1296.0 44.0 38.0
1 9728.5 1187.0 1.0 2.0
1 10181.0 1056.0 114.0 60.0
1 5709.5 4381.0 37.0 32.0
1 5765.0 4412.0 36.0 44.0
1 12627.0 12771.0 34.0 26.0
1 12710.0 12778.5 26.0 11.0
1 12681.5 12782.0 27.0 18.0
1 7708.0 11641.0 34.0 38.0
1 7766.5 11635.5 33.0 33.0
1 7822.0 11626.0 52.0 44.0
1 7888.5 11615.5 31.0 27.0
1 7959.0 11605.5 48.0 39.0
1 8018.0 11596.0 34.0 32.0
1 8093.0 11583.5 34.0 23.0
1 8166.5 11569.5 33.0 27.0
1 7714.5 11713.0 33.0 42.0
1 7774.0 11701.5 36.0 29.0
1 7836.5 11692.5 33.0 29.0
1 7896.0 11679.0 28.0 32.0
1 7964.0 11668.0 28.0 26.0
1 8026.5 11660.5 33.0 35.0
1 8103.5 11647.5 31.0 27.0
1 8178.0 11635.0 28.0 28.0
1 7726.0 11769.0 26.0 14.0
1 7789.0 11763.5 30.0 25.0
1 7848.5 11754.5 27.0 31.0
1 7909.0 11746.5 30.0 25.0
1 7973.0 11733.0 40.0 40.0
1 8039.0 11725.0 26.0 26.0
1 8116.0 11711.5 32.0 27.0
1 8182.0 11699.5 20.0 29.0
1 8125.0 11768.5 50.0 15.0
1 9480.0 2289.0 10.0 14.0
1 9391.5 2455.0 11.0 8.0
1 9625.5 2222.5 11.0 13.0
1 9596.5 2268.0 15.0 12.0
1 9375.0 2222.5 14.0 13.0
1 9554.5 2302.5 15.0 15.0
1 9528.5 2330.5 17.0 15.0
1 9501.0 2346.5 16.0 13.0
1 9402.0 2252.0 16.0 16.0
1 9425.5 2279.0 17.0 16.0
1 9452.5 2173.5 27.0 17.0
1 9716.0 2074.0 16.0 16.0
1 9649.5 2084.5 17.0 15.0
1 11517.5 3427.5 29.0 29.0
1 11353.0 3444.0 24.0 20.0
1 11365.0 3464.5 16.0 13.0
1 11372.5 3478.5 15.0 11.0
1 11381.5 3492.0 19.0 14.0
1 11386.5 3433.0 41.0 38.0
1 11444.5 3509.0 13.0 14.0
1 11461.0 3536.0 8.0 12.0
1 11428.0 3508.0 14.0 12.0
1 11430.5 3524.0 21.0 18.0
1 11387.5 3507.0 17.0 14.0
1 11396.0 3523.5 16.0 15.0
1 11403.5 3537.5 11.0 9.0
1 11411.0 3551.0 14.0 12.0
1 11420.5 3565.5 21.0 15.0
1 11402.5 3465.0 19.0 20.0
1 11413.0 3486.5 20.0 21.0
1 11463.5 3573.0 21.0 22.0
1 11352.0 3263.0 24.0 22.0
1 11328.5 3267.5 21.0 21.0
0 11672.0 3389.0 202.0 196.0
1 11042.0 5017.0 18.0 16.0
1 11092.5 4987.0 19.0 18.0
1 11233.0 4957.0 18.0 16.0
1 11157.5 4966.5 15.0 17.0
1 11027.0 5098.5 14.0 13.0
1 11058.5 5012.0 13.0 16.0
1 11029.5 5001.0 19.0 16.0
1 11052.0 4993.5 24.0 19.0
1 10961.5 5009.5 21.0 23.0
1 10987.5 5008.5 21.0 17.0
1 11005.0 5032.5 38.0 31.0
1 11041.0 5067.5 12.0 11.0
1 11036.5 5083.0 13.0 12.0
1 11233.0 5057.5 14.0 13.0
1 11051.0 5093.5 16.0 15.0
1 11024.5 5077.5 15.0 13.0
1 11110.0 4979.5 26.0 13.0
1 11141.0 4973.5 20.0 17.0
1 11204.5 4952.5 25.0 23.0
1 14460.0 12014.0 22.0 24.0
1 14460.0 11982.5 18.0 21.0
1 9042.5 2723.5 11.0 11.0
1 9006.5 2725.0 11.0 10.0
1 8989.5 2728.0 13.0 10.0
1 9116.5 2700.5 17.0 19.0
3 6912.5 8657.0 509.0 92.0
1 14101.0 3705.5 18.0 13.0
1 6094.5 9893.5 31.0 71.0
3 12667.0 2952.5 260.0 231.0
3 15951.0 10582.5 130.0 299.0
3 16135.5 10564.5 195.0 375.0
3 16310.0 10625.0 148.0 250.0
1 5990.0 3345.5 14.0 15.0
1 6009.0 3334.5 16.0 15.0
1 6066.5 3359.0 13.0 14.0
1 6082.5 3354.5 13.0 13.0
1 6097.0 3349.0 12.0 12.0
1 6111.0 3347.0 12.0 12.0
1 6124.5 3343.5 11.0 11.0
1 6139.5 3340.5 9.0 13.0
1 6107.0 3313.0 62.0 36.0
2 12236.5 4020.0 63.0 58.0
1 12137.5 3888.5 55.0 71.0
1 12167.0 3946.0 44.0 24.0
1 12186.0 3994.5 44.0 53.0
1 12205.0 3867.5 50.0 47.0
1 14496.0 5911.0 16.0 16.0
1 14517.5 5914.5 15.0 23.0
1 14515.0 6056.0 12.0 18.0
1 14528.5 6062.0 15.0 20.0
1 14825.0 5768.0 16.0 20.0
5 7609.0 11745.0 28.0 30.0
1 7530.0 9144.0 10.0 14.0
1 7549.0 9103.0 12.0 10.0
1 7579.5 9120.0 13.0 14.0
1 7599.0 9130.5 14.0 11.0
1 7567.5 9091.5 15.0 13.0
1 7549.0 9083.5 12.0 11.0
1 7549.0 9068.0 10.0 10.0
1 7565.0 9072.0 12.0 12.0
1 7590.0 9081.5 16.0 11.0
1 7484.0 9053.0 12.0 8.0
1 7484.5 9067.0 11.0 10.0
1 7481.0 9126.0 14.0 12.0
1 7403.5 9188.0 11.0 10.0
1 7390.0 9210.0 8.0 8.0
1 7346.5 9103.0 23.0 24.0
1 7402.5 9147.5 15.0 13.0
1 7432.0 9122.5 14.0 15.0
1 7413.0 9130.5 14.0 13.0
1 7432.5 9063.5 15.0 15.0
1 7408.5 8988.0 13.0 12.0
1 7419.0 9011.0 14.0 12.0
1 7425.0 9033.5 12.0 11.0
1 7468.5 8981.0 11.0 10.0
1 7482.5 9039.5 9.0 7.0
1 7474.0 9029.0 10.0 10.0
1 7471.0 8997.5 8.0 7.0
1 7472.5 9016.5 11.0 11.0
1 7464.0 9189.5 18.0 19.0
1 6522.5 4924.0 45.0 72.0
1 6502.5 4805.0 65.0 64.0
1 6518.0 4857.5 46.0 47.0
1 6487.5 4753.0 49.0 50.0
1 6480.5 4701.5 67.0 63.0
1 6603.5 4927.0 31.0 30.0
1 6635.5 4728.0 41.0 38.0
1 6459.0 4654.0 32.0 34.0
1 6639.5 4793.5 33.0 41.0
3 7001.0 2285.0 90.0 92.0
3 6860.0 2377.0 62.0 122.0
3 6816.0 2241.0 56.0 158.0
3 6759.0 2122.5 60.0 149.0
1 15484.0 11802.5 36.0 39.0
1 15731.5 11857.5 43.0 47.0
3 15606.5 11951.5 43.0 41.0
3 15533.5 12268.0 333.0 40.0
3 15461.0 12010.0 28.0 28.0
3 15499.0 11992.0 30.0 34.0
1 2382.5 13115.5 17.0 19.0
1 2406.5 13118.0 23.0 22.0
1 2516.0 12924.5 16.0 21.0
1 2511.5 12895.0 15.0 20.0
1 2494.0 12993.0 16.0 22.0
1 2494.5 12965.5 17.0 27.0
1 2491.0 12909.5 22.0 31.0
1 7698.0 7578.0 26.0 26.0
1 7777.0 7576.0 40.0 60.0
1 12532.5 6835.5 21.0 25.0
1 12549.0 6881.5 28.0 27.0
1 12561.5 6920.5 31.0 37.0
1 12629.0 7070.0 44.0 40.0
1 12659.0 7084.0 44.0 54.0
1 12518.5 6819.0 13.0 14.0
1 12511.0 6778.0 22.0 18.0
1 12535.5 6796.0 27.0 22.0
1 12745.0 6774.5 18.0 19.0
1 12701.0 6762.0 36.0 28.0
1 12645.5 6738.0 47.0 36.0
1 12746.5 7088.0 43.0 38.0
1 12699.0 7086.0 48.0 50.0
1 12783.0 7088.5 34.0 39.0
0 12434.5 7045.0 243.0 246.0
5 6488.5 2430.0 47.0 56.0
1 16117.5 11133.5 21.0 11.0
1 16113.5 11116.0 15.0 6.0
1 16112.5 11106.0 17.0 10.0
1 16112.0 11085.0 18.0 16.0
1 16082.0 11081.0 20.0 18.0
1 16006.0 11069.5 16.0 15.0
1 16120.0 11123.5 20.0 7.0
1 15938.0 11092.0 14.0 12.0
1 15921.5 11090.5 11.0 15.0
1 15907.5 11091.5 13.0 15.0
1 15947.5 11182.0 17.0 16.0
1 15911.5 11183.5 17.0 17.0
1 15886.5 11186.0 17.0 24.0
1 14248.5 12220.0 33.0 24.0
1 14303.0 12174.5 30.0 29.0
1 14292.5 12270.5 33.0 27.0
1 6458.0 6495.5 14.0 15.0
1 6483.0 6497.0 16.0 16.0
1 6505.0 6494.5 14.0 17.0
1 6530.0 6498.0 12.0 16.0
1 6518.0 6496.0 12.0 16.0
1 6550.5 6496.0 19.0 20.0
1 6601.0 6493.0 18.0 24.0
1 6620.5 6486.5 25.0 41.0
1 12742.0 8795.0 20.0 18.0
1 12740.0 8819.0 22.0 20.0
1 12742.5 8840.5 21.0 19.0
1 12747.0 8867.0 22.0 22.0
1 12752.5 8895.0 27.0 28.0
1 12767.0 8850.5 10.0 11.0
1 12767.5 8836.5 13.0 11.0
1 12766.0 8823.5 12.0 11.0
1 12764.5 8812.0 11.0 10.0
1 12763.5 8801.0 11.0 10.0
1 12792.0 8859.5 14.0 17.0
1 12732.0 8749.0 46.0 52.0
1 12784.5 8804.0 13.0 32.0
5 1812.0 6239.0 42.0 34.0
1 11191.0 8351.0 34.0 38.0
1 11152.5 8389.5 23.0 23.0
1 11171.5 8298.5 33.0 27.0
1 11136.0 8310.0 48.0 36.0
1 11204.5 8285.5 35.0 27.0
1 11235.0 8343.0 26.0 30.0
1 11238.0 8271.5 30.0 25.0
1 11149.0 8347.0 42.0 36.0
1 11110.0 8252.0 36.0 24.0
3 6786.0 5757.0 108.0 68.0
1 6772.5 6113.5 15.0 47.0
1 6783.5 6069.0 15.0 34.0
1 6695.0 5673.0 26.0 42.0
1 6672.5 5676.0 15.0 32.0
1 6723.5 5673.5 29.0 35.0
1 6759.5 5658.0 27.0 42.0
1 12174.0 12603.0 16.0 18.0
1 12190.5 12605.5 13.0 13.0
1 12207.0 12585.5 16.0 27.0
1 12202.5 12562.5 15.0 15.0
1 12199.0 12543.5 20.0 19.0
1 12197.0 12524.0 16.0 14.0
1 12192.0 12402.0 38.0 42.0
1 12102.5 12630.5 67.0 55.0
1 5414.0 12392.0 18.0 16.0
1 5360.0 12416.0 28.0 26.0
1 5238.5 12452.5 25.0 23.0
1 5194.5 12394.5 33.0 31.0
1 5231.5 12328.5 31.0 27.0
1 5386.5 12416.0 13.0 14.0
1 5397.0 12454.5 20.0 19.0
1 5416.5 12423.0 19.0 16.0
1 5358.5 12495.0 21.0 20.0
1 5395.5 12536.0 33.0 32.0
1 5357.5 12315.0 25.0 24.0
1 5155.5 12454.5 29.0 25.0
1 5154.0 12389.5 30.0 31.0
1 5144.5 12323.0 37.0 32.0
1 5148.0 12776.5 54.0 47.0
1 5445.0 12352.5 64.0 55.0
1 5144.5 12692.0 29.0 32.0
1 5152.0 12600.5 64.0 51.0
1 5150.0 12513.0 38.0 50.0
1 5211.5 12517.0 23.0 30.0
3 14185.5 6095.5 81.0 41.0
1 13971.0 5783.0 16.0 22.0
1 13989.0 5784.0 14.0 18.0
1 14127.5 5725.5 13.0 13.0
1 14124.5 5739.0 19.0 12.0
1 14090.5 6108.5 31.0 29.0
1 14196.0 5974.0 18.0 28.0
1 14269.5 5856.5 17.0 15.0
1 14114.5 5987.5 79.0 133.0
1 14036.5 5981.5 19.0 19.0
1 14060.0 6068.5 26.0 23.0
1 14003.0 5845.0 12.0 22.0
1 14016.5 5823.5 19.0 21.0
1 14008.5 5799.0 23.0 18.0
1 14094.0 5754.5 38.0 39.0
1 14228.0 5758.5 26.0 41.0
1 14218.0 5717.0 32.0 22.0
1 14178.0 5904.5 30.0 31.0
1 14210.5 5895.5 15.0 13.0
1 14315.5 5902.5 13.0 13.0
1 14314.5 5883.0 15.0 14.0
1 14308.5 5859.5 19.0 19.0
1 14295.0 5830.5 24.0 23.0
1 14252.0 5804.0 24.0 34.0
1 13931.5 5777.0 25.0 28.0
1 13898.0 5706.0 42.0 74.0
1 13947.0 5686.5 38.0 55.0
1 13984.5 5670.0 33.0 28.0
1 14019.0 5669.5 28.0 29.0
1 14045.0 5660.5 14.0 21.0
1 14062.5 5660.0 17.0 18.0
1 14096.5 5653.0 33.0 18.0
1 14091.0 5678.5 18.0 17.0
1 14080.0 5697.5 18.0 17.0
1 14081.0 5720.5 18.0 19.0
1 14222.5 5673.5 25.0 21.0
1 14220.0 5649.5 26.0 19.0
1 14156.5 5830.0 129.0 106.0
1 13843.5 5975.5 17.0 13.0
1 13843.0 5990.0 14.0 8.0
1 13842.5 6029.0 23.0 34.0
1 13831.5 5906.5 15.0 33.0
1 14174.0 5640.0 28.0 12.0
1 11968.0 5854.5 18.0 17.0
1 12002.0 5965.5 24.0 23.0
1 12026.0 5998.5 24.0 23.0
1 11969.0 5986.0 26.0 24.0
1 11974.0 5957.5 20.0 19.0
1 11997.0 5991.0 18.0 20.0
1 11983.5 6011.5 21.0 17.0
1 11961.0 6017.5 20.0 29.0
1 11918.5 6016.0 27.0 28.0
1 11921.0 5989.0 20.0 16.0
1 11930.5 5782.0 27.0 26.0
1 11961.5 5784.5 23.0 33.0
1 12159.0 6128.0 30.0 26.0
1 12207.5 6136.0 19.0 16.0
5 2426.0 4260.0 22.0 24.0
5 2127.5 4594.5 27.0 23.0
1 16121.0 11272.5 26.0 17.0
1 16123.5 11304.0 27.0 38.0
1 7925.0 9976.5 36.0 35.0
1 7973.5 9955.0 35.0 26.0
1 7965.0 10001.0 30.0 28.0
5 14153.0 6875.5 12.0 11.0
1 9650.0 1131.0 56.0 60.0
1 7842.0 10464.5 36.0 19.0
1 7931.0 10467.5 36.0 23.0
1 8012.0 10462.0 40.0 24.0
0 2011.5 9349.5 73.0 127.0
1 6437.5 4580.5 29.0 31.0
1 6431.5 4549.0 33.0 30.0
1 6411.0 4489.0 44.0 82.0
1 6617.0 4484.5 66.0 67.0
1 6584.0 4563.5 20.0 17.0
1 6584.5 4581.0 21.0 18.0
1 6584.5 4599.0 21.0 18.0
1 6508.5 4401.0 57.0 20.0
1 9899.5 11984.5 59.0 101.0
1 9851.5 12006.0 29.0 58.0
1 9779.0 11987.5 32.0 93.0
1 9744.5 11997.0 33.0 70.0
1 9780.5 11820.0 83.0 66.0
1 9798.0 11888.0 80.0 60.0
1 9880.0 11907.0 60.0 46.0
1 9879.0 11843.5 76.0 73.0
1 9815.5 11990.0 33.0 88.0
