0 1826 4612 3070 4612 3070 5922 1826 5922
0 1900 5140 3070 5140 3070 6237 1900 6237
1 4096 7428 5290 7428 5290 8190 4096 8190
1 10240 10244 11482 10244 11482 10970 10240 10970
1 12212 7442 12977 7161 13349 8174 12584 8455
0 13084 2510 13950 1949 14374 2604 13508 3165
0 4156 8476 5072 8476 5072 9214 4156 9214
1 14283 8377 15351 8233 15434 8848 14366 8992
1 8196 9597 9201 9461 9287 10098 8282 10234
1 6993 2629 7752 2322 8037 3027 7278 3334
1 11652 5124 12810 5124 12810 5648 11652 5648
1 4612 10660 5118 10660 5118 11850 4612 11850
1 11264 4100 12363 4100 12363 4625 11264 4625
0 3072 9028 4303 9028 4303 9496 3072 9496
0 10748 12292 11426 12292 11426 13114 10748 13114
1 10862 8375 11513 8120 11803 8860 11152 9115
1 6228 11300 6890 11300 6890 12138 6228 12138
1 5324 11268 6122 11268 6122 11962 5324 11962
1 7365 7623 7439 6883 8167 6956 8093 7696
1 8835 1692 9548 1270 9871 1816 9158 2238
0 3669 3629 4510 3557 4563 4176 3722 4248
1 8105 7278 8266 6822 9286 7182 9125 7638
0 9138 11262 10140 11093 10225 11595 9223 11765
0 10664 4096 11866 4096 11866 4522 10664 4522
0 4472 9760 5019 9693 5130 10594 4583 10661
0 14212 4846 14595 4275 15197 4679 14814 5250
1 11244 12292 12226 12292 12226 12793 11244 12793
0 5588 5148 6142 5148 6142 6036 5588 6036
0 4588 3452 5650 3452 5650 3914 4588 3914
1 5252 13312 6142 13312 6142 13857 5252 13857
1 9311 2203 10029 1739 10330 2204 9612 2668
1 6752 5170 7461 5084 7540 5736 6831 5822
1 12288 5124 12926 5124 12926 5858 12288 5858
1 5980 7188 6362 7188 6362 8394 5980 8394
1 3964 11268 4684 11268 4684 11896 3964 11896
1 4436 13004 5114 13004 5114 13666 4436 13666
1 11268 3348 11866 3348 11866 4094 11268 4094
1 1787 12052 2489 12052 2489 12686 1787 12686
0 3912 2111 4957 1967 5014 2381 3969 2525
1 7344 4121 7824 3969 8085 4792 7605 4944
0 5465 4463 6078 4400 6150 5097 5537 5160
0 4451 9550 5004 9483 5095 10237 4542 10304
1 10389 7465 11189 7310 11287 7818 10487 7973
1 9220 3084 9762 3084 9762 3842 9220 3842
1 13085 11595 13702 11560 13739 12217 13122 12252
1 5472 2054 6023 1916 6194 2601 5643 2739
1 10011 1826 10707 1300 10980 1661 10284 2188
0 12034 3121 12530 2873 12846 3504 12350 3752
1 12824 3492 13286 3197 13668 3794 13206 4089
1 10383 2137 11110 1765 11326 2186 10599 2558
0 6419 6651 7165 6651 7165 7165 6419 7165
1 7619 11486 8189 11464 8215 12134 7645 12156
0 15586 8196 16208 8196 16208 8802 15586 8802
1 2596 11268 3226 11268 3226 11866 2596 11866
1 14056 3711 14442 3325 14924 3807 14538 4193
1 14516 9796 15354 9796 15354 10238 14516 10238
1 7358 8901 7380 8403 8104 8435 8082 8933
1 13844 5124 14551 4995 14641 5489 13934 5618
1 4964 12292 5474 12292 5474 12994 4964 12994
1 5259 13874 5259 13148 5749 13148 5749 13874
1 5964 6235 6346 6235 6346 7165 5964 7165
0 12723 9187 13300 9071 13419 9661 12842 9777
1 15648 11269 16208 11236 16245 11861 15685 11894
1 3902 10430 4502 10404 4527 10978 3927 11004
0 7836 3836 8190 3836 8190 4810 7836 4810
0 1395 12755 2017 12755 2017 13309 1395 13309
0 12308 5124 13290 5124 13290 5474 12308 5474
1 12876 3268 13310 3268 13310 4058 12876 4058
1 8892 10244 9586 10244 9586 10738 8892 10738
1 9114 2608 9777 2437 9902 2920 9239 3091
0 14102 6294 14727 6160 14839 6682 14214 6816
0 14524 11268 14988 11268 14988 12002 14524 12002
0 12598 1871 13136 1521 13425 1964 12887 2314
1 11348 7671 12067 7471 12187 7904 11468 8104
1 10944 4978 11719 4743 11839 5139 11064 5374
1 9511 1044 9817 844 10319 1612 10013 1812
0 13740 11264 14334 11264 14334 11826 13740 11826
1 8386 3475 8904 3326 9075 3919 8557 4068
1 14911 10298 15425 10243 15493 10879 14979 10934
0 5833 8817 5838 8192 6363 8196 6358 8821
0 10244 12724 10754 12724 10754 13364 10244 13364
1 6445 7873 6460 7422 7180 7446 7165 7897
1 12472 6725 13112 6524 13257 6985 12617 7186
1 4100 2756 5130 2756 5130 3070 4100 3070
1 11146 2252 11712 1953 11948 2399 11382 2698
0 13690 4281 14043 3969 14496 4482 14143 4794
1 11802 6982 12454 6774 12596 7220 11944 7428
1 9388 10642 10008 10535 10094 11035 9474 11142
1 13247 5772 13888 5680 13957 6164 13316 6256
1 13304 7848 13868 7712 13996 8240 13432 8377
1 7360 8380 7402 7952 8129 8024 8087 8452
0 11268 11948 12194 11948 12194 12286 11268 12286
0 15792 8962 16240 8914 16314 9600 15866 9648
1 2488 9220 3754 9220 3754 9465 2488 9465
0 11182 9107 11943 8936 12030 9322 11269 9493
1 10015 1103 10494 742 10802 1151 10323 1512
0 9692 8190 9692 7836 10554 7836 10554 8190
0 1788 6803 2046 6803 2046 7985 1788 7985
1 9692 7875 10238 7875 10238 8429 9692 8429
0 44 4276 402 4276 402 5118 44 5118
0 3668 9532 4094 9532 4094 10238 3668 10238
0 9726 2636 10186 2349 10474 2810 10014 3097
1 6718 4232 7039 4122 7319 4939 6998 5049
1 11426 12823 11901 12730 12017 13322 11542 13415
0 5116 9228 6142 9228 6142 9510 5116 9510
1 7388 10514 7388 10108 8098 10108 8098 10514
0 13215 4825 13765 4434 14011 4780 13461 5171
1 13844 5663 14330 5535 14474 6081 13988 6209
1 10610 4064 11156 3874 11316 4333 10770 4523
1 12136 8706 12580 8589 12736 9180 12292 9297
1 6313 13359 6733 13295 6832 13945 6412 14009
1 12665 8615 13189 8522 13280 9035 12756 9128
0 6115 10886 6739 10838 6773 11279 6149 11327
1 7551 11171 8252 11050 8318 11431 7617 11552
1 14353 9139 14752 9076 14856 9735 14457 9798
0 8439 11381 8952 11275 9056 11778 8543 11884
1 6184 3749 6637 3649 6761 4211 6308 4311
1 14084 7863 14599 7752 14705 8246 14190 8357
1 8804 4100 9530 4100 9530 4466 8804 4466
1 6924 3529 7373 3373 7557 3901 7108 4057
1 5016 2603 5546 2452 5678 2915 5148 3066
0 6348 9220 7138 9220 7138 9554 6348 9554
1 8358 6189 8993 6063 9072 6461 8437 6587
1 8186 2934 8613 2769 8820 3304 8393 3469
0 11268 2194 11268 1572 11686 1572 11686 2194
1 6346 4399 6743 4294 6905 4905 6508 5010
1 12469 3731 12806 3522 13150 4078 12813 4287
1 12733 5515 13307 5278 13466 5663 12892 5900
1 4388 12618 4388 12100 4886 12100 4886 12618
1 6307 3095 6719 3021 6828 3627 6416 3701
1 1607 10742 2058 10697 2114 11260 1663 11305
0 7725 12217 8128 12184 8179 12812 7776 12845
0 10244 1028 10794 1028 10794 1490 10244 1490
1 12349 12835 12770 12684 12961 13218 12540 13369
1 15626 11069 16142 11017 16191 11502 15675 11554
1 8754 2217 9269 2016 9435 2441 8920 2642
1 9220 12292 9945 12292 9945 12639 9220 12639
0 6148 10420 6698 10420 6698 10872 6148 10872
1 14485 12614 15033 12596 15048 13049 14500 13067
1 8680 2786 9048 2659 9255 3261 8887 3388
1 8644 8572 9522 8572 9522 8854 8644 8854
1 10243 11026 10621 10890 10828 11468 10450 11604
1 15148 11788 15666 11788 15666 12258 15148 12258
1 14913 6643 15356 6587 15424 7125 14981 7181
1 2009 10151 2372 10093 2476 10742 2113 10800
1 9631 8923 10060 8864 10136 9416 9707 9475
1 2128 11406 2592 11348 2656 11858 2192 11916
0 12652 12292 13162 12292 13162 12762 12652 12762
1 9725 7013 10198 6923 10291 7409 9818 7499
1 2492 9028 3762 9028 3762 9214 2492 9214
0 14988 5388 15358 5388 15358 6026 14988 6026
0 4100 9580 4458 9580 4458 10238 4100 10238
1 13484 10244 14266 10244 14266 10544 13484 10544
1 6380 5140 6794 5140 6794 5705 6380 5705
1 8283 5810 8896 5700 8962 6068 8349 6178
0 8892 1380 9214 1380 9214 2102 8892 2102
1 14515 12554 14515 12060 14985 12060 14985 12554
1 5856 3330 6292 3212 6427 3709 5991 3827
1 1927 9496 2286 9472 2329 10115 1970 10139
0 9257 12972 9787 12836 9892 13245 9362 13381
1 15190 8160 15190 7684 15674 7684 15674 8160
1 8318 10845 8814 10755 8896 11205 8400 11295
0 12932 13036 13770 13036 13770 13310 12932 13310
1 1579 4058 2581 3831 2630 4049 1628 4276
0 7824 3889 8263 3807 8357 4313 7918 4395
1 10808 2972 11220 2775 11436 3226 11024 3423
0 13312 3276 13626 3276 13626 4002 13312 4002
0 5509 12561 6036 12453 6121 12869 5594 12977
1 9792 3845 10262 3719 10383 4171 9913 4297
0 11924 12929 12334 12792 12501 13292 12091 13429
1 4395 12611 4985 12611 4985 12993 4395 12993
1 8740 9220 9554 9220 9554 9496 8740 9496
1 8682 12326 9213 12247 9274 12659 8743 12738
0 8841 10766 9346 10677 9421 11105 8916 11194
0 9860 12723 10238 12723 10238 13309 9860 13309
0 4228 9220 5002 9220 5002 9506 4228 9506
1 10310 3691 10914 3612 10961 3972 10357 4051
1 7737 10571 8160 10501 8244 11010 7821 11080
1 7715 3176 8035 3055 8264 3658 7944 3779
0 8420 13028 9202 13028 9202 13310 8420 13310
1 15362 9220 15808 9220 15808 9714 15362 9714
1 9698 8391 10196 8371 10214 8813 9716 8833
1 13645 6868 14171 6761 14253 7164 13727 7271
1 2540 10764 3070 10764 3070 11178 2540 11178
0 2484 9426 2484 9052 3070 9052 3070 9426
1 13220 6413 13644 6288 13784 6764 13360 6889
1 10617 2557 11105 2279 11298 2618 10810 2896
1 13189 7481 13652 7315 13802 7733 13339 7899
0 2604 13796 3010 13796 3010 14334 2604 14334
0 10160 8339 10574 8271 10658 8785 10244 8853
0 1620 11268 2046 11268 2046 11777 1620 11777
0 10453 4685 10985 4499 11112 4862 10580 5048
1 6452 7172 7166 7172 7166 7474 6452 7474
0 7332 9826 7332 9524 8042 9524 8042 9826
1 14612 5452 14970 5452 14970 6050 14612 6050
0 8569 11894 9134 11781 9206 12143 8641 12256
1 9924 11612 10238 11612 10238 12286 9924 12286
0 6092 4100 6754 4100 6754 4418 6092 4418
0 3124 2081 3726 2019 3762 2364 3160 2426
1 11620 13816 11620 13355 12074 13355 12074 13816
1 2788 3426 2788 2684 3070 2684 3070 3426
1 7386 3328 7705 3211 7916 3786 7597 3903
1 14558 7243 14982 7168 15066 7643 14642 7718
1 12190 4945 12804 4594 12948 4847 12334 5198
1 2502 12064 2830 12056 2845 12681 2517 12689
1 6388 6615 6408 6354 7184 6414 7164 6675
0 8099 12184 8424 12107 8565 12699 8240 12776
0 12139 2168 12391 1994 12768 2541 12516 2715
1 10789 6812 11297 6705 11378 7088 10870 7195
0 7796 13044 8190 13044 8190 13554 7796 13554
1 11594 5829 12029 5643 12194 6029 11759 6215
0 15930 9659 16352 9659 16352 10129 15930 10129
1 10650 10965 10996 10853 11164 11371 10818 11483
1 11142 6007 11603 5843 11739 6225 11278 6389
0 9508 4100 10238 4100 10238 4370 9508 4370
1 12500 8192 13310 8192 13310 8434 12500 8434
0 11036 5120 11262 5120 11262 5985 11036 5985
1 13416 5229 13760 5105 13941 5605 13597 5729
1 6534 3675 6872 3543 7067 4041 6729 4173
1 10478 7985 10851 7853 11014 8314 10641 8446
1 7348 10074 7348 9804 8058 9804 8058 10074
1 2115 11262 2115 10804 2533 10804 2533 11262
0 11268 9216 11986 9216 11986 9482 11268 9482
0 4 5124 410 5124 410 5594 4 5594
1 11410 7096 11805 6987 11929 7435 11534 7544
0 7828 13315 8190 13315 8190 13840 7828 13840
1 13647 6334 14025 6237 14146 6708 13768 6805
0 11268 8956 12001 8956 12001 9214 11268 9214
0 7108 13315 7714 13315 7714 13627 7108 13627
1 7668 8932 8082 8932 8082 9386 7668 9386
1 14844 6148 15358 6148 15358 6512 14844 6512
1 13395 9251 13865 9162 13938 9546 13468 9635
0 1460 3275 1847 3196 1942 3659 1555 3738
0 14273 6789 14704 6728 14764 7153 14333 7214
1 9649 7573 10195 7493 10244 7827 9698 7907
0 1404 7636 1794 7636 1794 8106 1404 8106
0 14821 9220 15151 9179 15219 9724 14889 9765
1 12920 4275 13224 4096 13487 4541 13183 4720
0 6220 12292 6832 12292 6832 12586 6220 12586
0 12749 4961 13123 4770 13318 5151 12944 5342
1 6736 3076 7086 2992 7203 3477 6853 3561
0 9220 9548 9546 9548 9546 10090 9220 10090
0 10609 8410 11057 8323 11131 8702 10683 8789
1 7767 6269 8188 6196 8258 6602 7837 6675
1 15116 11786 15116 11060 15358 11060 15358 11786
1 12338 6292 12751 6105 12911 6457 12498 6644
1 10116 3033 10515 2838 10688 3192 10289 3387
0 12043 5649 12482 5446 12634 5774 12195 5977
0 1420 8116 1802 8116 1802 8570 1420 8570
0 2717 2024 3084 1985 3134 2452 2767 2491
0 6148 9564 6594 9564 6594 9950 6148 9950
0 5340 11262 5340 11012 6025 11012 6025 11262
1 3212 3076 3794 3076 3794 3370 3212 3370
1 11921 6194 12199 6076 12419 6593 12141 6711
0 11004 5120 11776 5120 11776 5338 11004 5338
1 11480 8604 11941 8534 11995 8891 11534 8961
1 12134 3924 12395 3767 12680 4239 12419 4396
1 10915 7923 11287 7756 11455 8131 11083 8298
0 12798 2700 13055 2559 13329 3059 13072 3200
1 1428 12292 1778 12292 1778 12769 1428 12769
1 11845 2398 12113 2216 12400 2640 12132 2822
0 9220 11092 10194 11092 10194 11262 9220 11262
0 1412 7172 1762 7172 1762 7641 1412 7641
0 10240 8332 10240 7836 10570 7836 10570 8332
0 12940 13076 13310 13076 13310 13514 12940 13514
0 15112 11318 15450 11301 15474 11779 15136 11796
0 6148 3764 6394 3764 6394 4420 6148 4420
1 3932 11036 4640 11036 4640 11262 3932 11262
0 11065 10917 11355 10852 11473 11376 11183 11441
0 7796 13028 8362 13028 8362 13310 7796 13310
0 3170 2951 3536 2904 3591 3331 3225 3378
1 11659 6322 11900 6204 12159 6734 11918 6852
0 12204 12292 12624 12292 12624 12666 12204 12666
0 3348 11620 3960 11620 3960 11874 3348 11874
0 4611 2391 4978 2318 5059 2723 4692 2796
1 15362 9724 15887 9724 15887 10018 15362 10018
0 11164 5860 11706 5860 11706 6142 11164 6142
1 10188 6928 10481 6852 10608 7342 10315 7418
0 3908 10444 4094 10444 4094 11262 3908 11262
1 12036 8716 12286 8716 12286 9322 12036 9322
0 11828 6836 12286 6836 12286 7166 11828 7166
1 8196 11491 8425 11491 8425 12145 8196 12145
0 14212 7321 14511 7224 14657 7675 14358 7772
1 7172 5756 7602 5756 7602 6098 7172 6098
0 13863 7359 14165 7268 14299 7711 13997 7802
1 7138 6666 7170 6404 7717 6470 7685 6732
0 4096 3072 5088 3072 5088 3218 4096 3218
0 10078 8893 10469 8848 10511 9213 10120 9258
0 10540 8190 10540 7876 11000 7876 11000 8190
1 2404 2684 2778 2684 2778 3070 2404 3070
1 15362 7124 15760 7124 15760 7482 15362 7482
0 10188 3076 10666 3076 10666 3370 10188 3370
1 9980 836 10238 836 10238 1380 9980 1380
0 10456 6780 10758 6721 10845 7164 10543 7223
0 8236 2788 8722 2788 8722 3070 8236 3070
0 7267 9220 8057 9220 8057 9393 7267 9393
0 10260 7168 10882 7168 10882 7386 10260 7386
1 1820 2276 2046 2276 2046 2874 1820 2874
0 6932 3468 7166 3468 7166 4042 6932 4042
1 2476 12724 2890 12724 2890 13048 2476 13048
0 14620 3764 15026 3764 15026 4094 14620 4094
0 7828 13315 8386 13315 8386 13553 7828 13553
0 10240 9334 10240 8868 10522 8868 10522 9334
0 5412 4100 5785 4100 5785 4449 5412 4449
0 11023 13195 11455 13097 11520 13383 11088 13481
0 13312 12260 13666 12260 13666 12624 13312 12624
0 14068 3508 14334 3508 14334 3984 14068 3984
0 8956 3363 9214 3363 9214 3853 8956 3853
1 5124 11268 5322 11268 5322 11906 5124 11906
1 15362 12643 15711 12643 15711 13001 15362 13001
1 3496 2424 3773 2400 3812 2847 3535 2871
1 7136 3089 7487 2955 7605 3265 7254 3399
0 6020 3756 6386 3756 6386 4094 6020 4094
1 14340 6110 14340 5532 14554 5532 14554 6110
0 11204 6144 11730 6144 11730 6378 11204 6378
0 14100 6268 14334 6268 14334 6794 14100 6794
0 14476 13084 15018 13084 15018 13310 14476 13310
1 10175 9390 10530 9321 10595 9654 10240 9723
0 8196 13507 8430 13507 8430 14025 8196 14025
1 12204 4605 12654 4381 12761 4596 12311 4820
0 9700 9498 10051 9417 10125 9739 9774 9820
1 6732 6148 7166 6148 7166 6418 6732 6418
1 2048 3618 2048 3204 2330 3204 2330 3618
0 15370 12284 15711 12284 15711 12610 15370 12610
1 15786 12724 16180 12724 16180 13006 15786 13006
0 7780 6675 8190 6675 8190 6945 7780 6945
0 11636 3892 12184 3892 12184 4094 11636 4094
1 6356 9076 7154 9076 7154 9214 6356 9214
0 7194 13819 7777 13788 7787 13976 7204 14007
1 9316 12100 9906 12100 9906 12286 9316 12286
0 13668 9868 14266 9868 14266 10050 13668 10050
1 10244 2942 10244 2470 10474 2470 10474 2942
1 8699 8867 9049 8867 9049 9177 8699 9177
0 10580 8196 11050 8196 11050 8426 10580 8426
1 6707 6369 6750 6023 7057 6061 7014 6407
1 8196 4348 8434 4348 8434 4794 8196 4794
1 12240 9730 12743 9567 12805 9758 12302 9921
0 5662 2738 6220 2588 6268 2765 5710 2915
0 8996 11744 8996 11268 9214 11268 9214 11744
1 15387 6100 15666 6049 15732 6407 15453 6458
1 11868 7172 12286 7172 12286 7418 11868 7418
1 7276 8940 7650 8940 7650 9214 7276 9214
0 13316 5252 13528 5252 13528 5726 13316 5726
0 12060 4572 12286 4572 12286 5014 12060 5014
0 15132 7740 15358 7740 15358 8170 15132 8170
0 12288 12828 12490 12828 12490 13306 12288 13306
1 3076 12286 3076 12084 3553 12084 3553 12286
0 10660 3916 11198 3916 11198 4094 10660 4094
1 9220 8875 9537 8875 9537 9177 9220 9177
0 3756 10240 4490 10240 4490 10370 3756 10370
1 13100 5804 13310 5804 13310 6258 13100 6258
1 12292 4100 12682 4100 12682 4342 12292 4342
1 6764 13315 7122 13315 7122 13577 6764 13577
0 10240 10044 10722 10044 10722 10238 10240 10238
0 8196 6594 8196 6188 8426 6188 8426 6594
0 4069 2690 4559 2586 4598 2768 4108 2872
0 1292 4796 1802 4796 1802 4978 1292 4978
1 13468 10132 14306 10132 14306 10238 13468 10238
0 13196 6144 13904 6144 13904 6266 13196 6266
1 2045 13109 2428 13077 2447 13301 2064 13333
0 10756 12116 11262 12116 11262 12286 10756 12286
0 15880 11900 16234 11900 16234 12138 15880 12138
0 15362 8842 15362 8484 15592 8484 15592 8842
1 6148 13779 6386 13779 6386 14121 6148 14121
0 12116 3100 12286 3100 12286 3576 12116 3576
1 11268 7772 11454 7772 11454 8206 11268 8206
0 9868 4100 10354 4100 10354 4266 9868 4266
0 2052 3218 2052 2892 2298 2892 2298 3218
0 1836 2892 2282 2892 2282 3070 1836 3070
0 12764 9076 13310 9076 13310 9214 12764 9214
0 12060 5548 12286 5548 12286 5874 12060 5874
0 15420 8996 15754 8996 15754 9214 15420 9214
0 15786 13052 16064 13052 16064 13310 15786 13310
1 8828 10292 9138 10292 9138 10520 8828 10520
0 1884 3156 2046 3156 2046 3586 1884 3586
0 13468 8196 13946 8196 13946 8338 13468 8338
0 10092 8891 10238 8891 10238 9353 10092 9353
0 12732 2052 13046 2052 13046 2266 12732 2266
1 5124 11261 5124 10659 5233 10659 5233 11261
0 11268 10884 11441 10884 11441 11262 11268 11262
0 11060 13457 11060 13315 11514 13315 11514 13457
1 13020 3076 13310 3076 13310 3298 13020 3298
1 5124 12108 5482 12108 5482 12286 5124 12286
1 6716 2900 7082 2900 7082 3070 6716 3070
1 15172 12292 15358 12292 15358 12626 15172 12626
1 2132 11268 2594 11268 2594 11402 2132 11402
1 9012 8876 9214 8876 9214 9178 9012 9178
0 1836 2884 2046 2884 2046 3170 1836 3170
1 12116 3828 12286 3828 12286 4168 12116 4168
0 10076 9388 10238 9388 10238 9738 10076 9738
0 10116 9220 10530 9220 10530 9354 10116 9354
0 12718 4100 13128 4100 13128 4234 12718 4234
0 13796 7290 13796 7172 14250 7172 14250 7290
1 7468 3956 7850 3956 7850 4094 7468 4094
0 12484 4964 12826 4964 12826 5118 12484 5118
0 7172 6684 7280 6684 7280 7166 7172 7166
1 11268 13475 11450 13475 11450 13761 11268 13761
0 10244 4210 10244 3748 10354 3748 10354 4210
0 7748 6148 8190 6148 8190 6262 7748 6262
0 13164 12292 13310 12292 13310 12633 13164 12633
1 2564 11164 3070 11164 3070 11262 2564 11262
1 2860 9716 3070 9716 3070 9952 2860 9952
0 7892 13875 8190 13875 8190 14039 7892 14039
1 14080 13556 14429 13520 14443 13657 14094 13693
0 15362 8228 15543 8228 15543 8489 15362 8489
0 15180 12764 15358 12764 15358 13018 15180 13018
0 6148 9108 6266 9108 6266 9490 6148 9490
0 12292 2516 12418 2516 12418 2870 12292 2870
0 14220 7292 14334 7292 14334 7682 14220 7682
0 2052 9220 2274 9220 2274 9418 2052 9418
0 13316 4271 13445 4271 13445 4601 13316 4601
0 14532 11164 14962 11164 14962 11262 14532 11262
0 9108 2604 9214 2604 9214 2994 9108 2994
1 3076 3076 3210 3076 3210 3382 3076 3382
0 12180 9220 12552 9220 12552 9330 12180 9330
0 11264 6724 11370 6724 11370 7104 11264 7104
0 6148 2458 6265 2458 6265 2790 6148 2790
0 7172 4654 7290 4654 7290 4978 7172 4978
1 11268 3304 11268 3076 11434 3076 11434 3304
0 7580 3076 7896 3076 7896 3194 7580 3194
1 12288 6292 12394 6292 12394 6642 12288 6642
1 12292 7172 12584 7172 12584 7298 12292 7298
0 2048 11264 2121 11264 2121 11753 2048 11753
0 10100 10244 10238 10244 10238 10498 10100 10498
0 2052 6796 2145 6796 2145 7166 2052 7166
1 6052 9564 6142 9564 6142 9946 6052 9946
0 11164 5972 11262 5972 11262 6322 11164 6322
0 10244 4100 10386 4100 10386 4338 10244 4338
0 7665 5560 8077 5483 8092 5562 7680 5639
0 6748 13212 7090 13212 7090 13310 6748 13310
0 13204 7444 13310 7444 13310 7754 13204 7754
0 8124 8068 8190 8068 8190 8554 8124 8554
0 7068 2852 7166 2852 7166 3176 7068 3176
0 15116 11268 15426 11268 15426 11370 15116 11370
0 11543 6569 11738 6489 11795 6628 11600 6708
0 9964 10124 10238 10124 10238 10238 9964 10238
0 12172 2084 12286 2084 12286 2358 12172 2358
0 10223 12421 10542 12365 10559 12460 10240 12516
0 11524 13315 11890 13315 11890 13399 11524 13399
1 15244 13241 15482 13202 15502 13327 15264 13366
0 3996 2932 4094 2932 4094 3242 3996 3242
0 8764 4028 9214 4028 9214 4094 8764 4094
0 12124 9324 12286 9324 12286 9506 12124 9506
1 11156 3468 11262 3468 11262 3744 11156 3744
0 9251 10238 9251 10148 9569 10148 9569 10238
0 8740 9214 8740 9156 9214 9156 9214 9214
0 5044 1724 5118 1724 5118 2090 5044 2090
0 1136 3076 1498 3076 1498 3146 1136 3146
0 7168 7480 7168 7172 7250 7172 7250 7480
1 7172 7540 7240 7540 7240 7906 7172 7906
0 14844 10244 15308 10244 15308 10296 14844 10296
1 11168 13737 11168 13483 11262 13483 11262 13737
1 4964 12132 5118 12132 5118 12286 4964 12286
0 11180 9506 11180 9220 11262 9220 11262 9506
0 1932 9220 2046 9220 2046 9418 1932 9418
0 6395 8196 6489 8196 6489 8433 6395 8433
0 11172 2228 11262 2228 11262 2468 11172 2468
0 8444 10240 8752 10240 8752 10310 8444 10310
0 8124 7317 8190 7317 8190 7641 8124 7641
0 6068 10476 6142 10476 6142 10754 6068 10754
0 8660 6084 9002 6084 9002 6142 8660 6142
0 1340 6084 1666 6084 1666 6142 1340 6142
0 10172 2980 10238 2980 10238 3266 10172 3266
0 13580 9124 13786 9124 13786 9214 13580 9214
0 13908 3996 14090 3996 14090 4094 13908 4094
1 10164 10492 10238 10492 10238 10730 10164 10730
0 11060 8196 11296 8196 11296 8264 11060 8264
0 12228 7428 12286 7428 12286 7698 12228 7698
0 14340 7172 14630 7172 14630 7226 14340 7226
0 10060 12456 10237 12430 10250 12516 10073 12542
0 10156 10074 10156 9892 10238 9892 10238 10074
0 6076 4096 6142 4096 6142 4322 6076 4322
0 14292 8363 14334 8363 14334 8681 14292 8681
0 1028 4380 1066 4380 1066 4706 1028 4706
0 7172 8068 7273 8068 7273 8190 7172 8190
0 11264 2900 11336 2900 11336 3070 11264 3070
1 7188 8580 7242 8580 7242 8804 7188 8804
0 7172 5076 7458 5076 7458 5118 7172 5118
0 13312 12252 13658 12252 13658 12286 13312 12286
0 3076 4636 3138 4636 3138 4814 3076 4814
0 15316 7156 15358 7156 15358 7410 15316 7410
0 8196 3490 8250 3490 8250 3680 8196 3680
0 3076 10972 3130 10972 3130 11154 3076 11154
0 10244 7206 10290 7206 10290 7408 10244 7408
0 4036 2548 4094 2548 4094 2706 4036 2706
0 6948 4094 6948 4052 7166 4052 7166 4094
0 8196 10798 8234 10798 8234 11010 8196 11010
0 1028 8988 1070 8988 1070 9162 1028 9162
0 3076 11180 3153 11180 3153 11262 3076 11262
0 13172 12260 13310 12260 13310 12286 13172 12286
