1 0.704102 0.337891 0.111328 0.0859375 0.0202894
1 0.586914 0.94043 0.369141 0.119141 0.0207988
1 0.663086 0.108398 0.119141 0.0957031 0.0213826
5 0.982422 0.0234375 0.0351562 0.046875 0.0218481
5 0.351562 0.739258 0.0664062 0.0683594 0.0221539
5 0.509766 0.378906 0.078125 0.0742188 0.022303
1 0.015625 0.950195 0.03125 0.0878906 0.0234564
1 0.595703 0.87207 0.0742188 0.0722656 0.0239125
1 0.766602 0.0205078 0.0253906 0.0214844 0.0239988
5 0.31543 0.920898 0.0410156 0.0449219 0.0241433
1 0.507812 0.374023 0.078125 0.0722656 0.0246012
1 0.603516 0.852539 0.773438 0.291016 0.0247522
1 0.706055 0.374023 0.0917969 0.0800781 0.024928
1 0.683594 0.142578 0.0898438 0.160156 0.0252024
1 0.754883 0.802734 0.169922 0.101562 0.0254057
1 0.654297 0.261719 0.0546875 0.0585938 0.0278241
1 0.316406 0.918945 0.0429688 0.0449219 0.0300595
1 0.703125 0.163086 0.0429688 0.0410156 0.0306691
1 0.825195 0.584961 0.333984 0.267578 0.031584
1 0.615234 0.0361328 0.0664062 0.0683594 0.0457336
1 0.704102 0.716797 0.115234 0.0820312 0.0474107
1 0.800781 0.644531 0.398438 0.515625 0.0477016
1 0.583984 0.849609 0.101562 0.125 0.0544887
1 0.633789 0.189453 0.0722656 0.0742188 0.057452
1 0.582031 0.0341797 0.199219 0.0683594 0.0575506
1 0.830078 0.853516 0.339844 0.285156 0.0690475
1 0.800781 0.791016 0.078125 0.0703125 0.0774038
1 0.692383 0.260742 0.119141 0.0761719 0.0975866
1 0.631836 0.692383 0.0332031 0.0332031 0.109217
1 0.623047 0.746094 0.0625 0.0585938 0.152374
1 0.420898 0.946289 0.0957031 0.0878906 0.155684
3 0.634766 0.188477 0.0703125 0.0761719 0.179735
1 0.704102 0.324219 0.130859 0.207031 0.203124
3 0.383789 0.15332 0.330078 0.291016 0.258118
1 0.515625 0.908203 0.046875 0.0390625 0.271644
