3 0.617188 0.78125 0.121094 0.136719 0.0216142
5 0.126953 0.787109 0.0390625 0.03125 0.0224623
3 0.0136719 0.266602 0.0234375 0.0253906 0.0233574
3 0.374023 0.77832 0.115234 0.185547 0.0377114
1 0.857422 0.0439453 0.25 0.0878906 0.0447857
5 0.0820312 0.334961 0.0234375 0.0214844 0.0597472
3 0.0810547 0.388672 0.150391 0.210938 0.0626774
3 0.557617 0.505859 0.220703 0.410156 0.0642698
1 0.0595703 0.902344 0.0332031 0.0351562 0.0881285
3 0.541016 0.845703 0.308594 0.304688 0.107316
3 0.105469 0.110352 0.171875 0.208984 0.251199
3 0.0908203 0.433594 0.134766 0.105469 0.396755
3 0.113281 0.24707 0.164062 0.0605469 0.451867
3 0.522461 0.644531 0.283203 0.710938 0.478659
3 0.862305 0.844727 0.275391 0.302734 0.603215
3 0.84668 0.612305 0.302734 0.193359 0.639435
3 0.46875 0.0839844 0.128906 0.167969 0.657463
3 0.169922 0.707031 0.183594 0.46875 0.811753
