1 0.557617 0.932617 0.0292969 0.0214844 0.0201504
1 0.601562 0.935547 0.0234375 0.0234375 0.0204936
1 0.508789 0.820312 0.0292969 0.03125 0.0212424
1 0.536133 0.833984 0.0214844 0.0234375 0.0217172
1 0.253906 0.59082 0.0195312 0.0214844 0.0222467
1 0.591797 0.798828 0.0859375 0.0507812 0.0225027
1 0.618164 0.93457 0.0253906 0.0292969 0.0237835
1 0.210938 0.662109 0.0273438 0.03125 0.0242545
1 0.567383 0.932617 0.0214844 0.0214844 0.0252237
1 0.519531 0.924805 0.0234375 0.0292969 0.0254042
5 0.695312 0.210938 0.0546875 0.046875 0.0257088
1 0.449219 0.782227 0.0390625 0.0527344 0.02655
1 0.257812 0.597656 0.0234375 0.0195312 0.0267915
1 0.533203 0.826172 0.0195312 0.0195312 0.0268233
1 0.632812 0.802734 0.0234375 0.0234375 0.0282055
1 0.615234 0.943359 0.0273438 0.0195312 0.0285946
1 0.602539 0.945312 0.0214844 0.015625 0.0288946
1 0.638672 0.938477 0.0351562 0.0292969 0.0316869
1 0.508789 0.625977 0.0332031 0.0292969 0.0330247
5 0.706055 0.195312 0.0292969 0.0273438 0.0346609
1 0.448242 0.632812 0.0371094 0.03125 0.0351008
1 0.545898 0.624023 0.0839844 0.0332031 0.0371601
1 0.293945 0.598633 0.0332031 0.0253906 0.037897
1 0.305664 0.600586 0.0292969 0.0253906 0.0391021
1 0.401367 0.610352 0.0253906 0.0253906 0.0423999
1 0.43457 0.628906 0.0332031 0.03125 0.0434106
1 0.276367 0.59668 0.0175781 0.0214844 0.0519181
1 0.649414 0.941406 0.0371094 0.03125 0.0549611
1 0.416016 0.612305 0.046875 0.0292969 0.0569912
3 0.03125 0.447266 0.0625 0.136719 0.0623718
5 0.719727 0.243164 0.0449219 0.0371094 0.0705933
1 0.432617 0.621094 0.0605469 0.0390625 0.079668
1 0.410156 0.675781 0.0546875 0.0507812 0.100349
1 0.499023 0.920898 0.0449219 0.0371094 0.113863
3 0.0205078 0.0898438 0.0410156 0.179688 0.183188
3 0.0898438 0.436523 0.179688 0.201172 0.583598
