1 0.234375 0.929688 0.0507812 0.0507812 0.0220934
3 0.046875 0.461914 0.09375 0.0371094 0.0228316
3 0.0458984 0.583008 0.0917969 0.220703 0.0258307
3 0.0224609 0.891602 0.0449219 0.146484 0.0266299
5 0.0224609 0.977539 0.0449219 0.0410156 0.0268259
3 0.595703 0.614258 0.0898438 0.146484 0.0389095
3 0.845703 0.69043 0.046875 0.0761719 0.0480034
3 0.22168 0.776367 0.107422 0.185547 0.0597637
1 0.725586 0.0449219 0.255859 0.0898438 0.0648334
3 0.802734 0.871094 0.175781 0.25 0.0668866
3 0.386719 0.839844 0.335938 0.316406 0.118122
3 0.398438 0.506836 0.238281 0.412109 0.135554
3 0.635742 0.847656 0.126953 0.300781 0.237409
3 0.0244141 0.253906 0.0488281 0.0625 0.238651
3 0.0214844 0.110352 0.0429688 0.212891 0.267238
3 0.366211 0.645508 0.306641 0.708984 0.512608
3 0.729492 0.848633 0.314453 0.302734 0.597275
3 0.0556641 0.713867 0.111328 0.494141 0.709732
3 0.324219 0.0849609 0.132812 0.169922 0.745974
3 0.706055 0.616211 0.298828 0.201172 0.771091
