1 0.865234 0.567383 0.0742188 0.111328 0.0202785
1 0.796875 0.740234 0.046875 0.0390625 0.0203068
1 0.717773 0.419922 0.0371094 0.0234375 0.0209706
1 0.852539 0.50293 0.0605469 0.138672 0.0216373
1 0.991211 0.115234 0.0175781 0.0351562 0.0221144
1 0.31543 0.540039 0.0488281 0.0722656 0.0230974
1 0.986328 0.0712891 0.0234375 0.0292969 0.0242824
1 0.297852 0.595703 0.0800781 0.0664062 0.0245933
1 0.770508 0.422852 0.0332031 0.0332031 0.0250613
1 0.544922 0.475586 0.0273438 0.0253906 0.025696
1 0.680664 0.461914 0.0722656 0.0488281 0.0273274
1 0.963867 0.662109 0.0683594 0.265625 0.0283582
1 0.65332 0.53125 0.0527344 0.0507812 0.0293443
1 0.597656 0.469727 0.214844 0.0996094 0.029442
1 0.869141 0.930664 0.0273438 0.0214844 0.0295111
1 0.862305 0.5625 0.0488281 0.0585938 0.0295895
1 0.758789 0.416016 0.0253906 0.0195312 0.0301551
1 0.327148 0.599609 0.0292969 0.03125 0.0316099
1 0.274414 0.530273 0.123047 0.0488281 0.0322886
1 0.96582 0.626953 0.0566406 0.0429688 0.0325911
1 0.774414 0.611328 0.0800781 0.0898438 0.033241
1 0.500977 0.556641 0.0566406 0.0546875 0.0354073
1 0.771484 0.588867 0.0585938 0.0488281 0.0364676
1 0.0429688 0.582031 0.046875 0.0429688 0.0409258
1 0.580078 0.472656 0.0898438 0.0390625 0.0424858
1 0.985352 0.0400391 0.0253906 0.0449219 0.0448642
1 0.615234 0.473633 0.0390625 0.0332031 0.0480089
1 0.464844 0.803711 0.0664062 0.0996094 0.0482658
1 0.639648 0.483398 0.0605469 0.0488281 0.0502446
1 0.697266 0.460938 0.0351562 0.0390625 0.0514652
1 0.241211 0.53418 0.0527344 0.0371094 0.0521385
1 0.959961 0.584961 0.0449219 0.0371094 0.0526281
1 0.725586 0.457031 0.0292969 0.0273438 0.0542664
1 0.854492 0.817383 0.0527344 0.0488281 0.0581679
1 0.563477 0.477539 0.0449219 0.0332031 0.0637006
1 0.318359 0.583008 0.046875 0.0527344 0.0644889
1 0.834961 0.419922 0.0839844 0.0585938 0.0666678
1 0.661133 0.469727 0.0449219 0.0488281 0.067761
1 0.717773 0.460938 0.0410156 0.0429688 0.0683545
1 0.268555 0.533203 0.0449219 0.0390625 0.0725517
1 0.762695 0.439453 0.0253906 0.0195312 0.075991
1 0.97168 0.719727 0.0566406 0.134766 0.0815215
1 0.857422 0.53418 0.046875 0.0449219 0.0908357
1 0.804688 0.408203 0.0390625 0.0351562 0.0967432
1 0.323242 0.566406 0.0292969 0.0234375 0.10189
1 0.870117 0.857422 0.0527344 0.0546875 0.102917
1 0.289062 0.518555 0.0234375 0.0214844 0.108051
1 0.644531 0.486328 0.078125 0.09375 0.109499
1 0.256836 0.53125 0.0292969 0.03125 0.109516
1 0.857422 0.832031 0.078125 0.0898438 0.118909
1 0.96582 0.569336 0.0644531 0.0761719 0.127797
1 0.855469 0.476562 0.046875 0.046875 0.135205
1 0.3125 0.526367 0.0390625 0.0410156 0.136422
1 0.475586 0.545898 0.111328 0.0800781 0.138841
1 0.499023 0.482422 0.0566406 0.0507812 0.146548
1 0.850586 0.423828 0.0449219 0.046875 0.147864
1 0.219727 0.535156 0.0371094 0.03125 0.153776
1 0.850586 0.675781 0.0644531 0.0585938 0.154315
1 0.209961 0.601562 0.0449219 0.0585938 0.163136
1 0.84375 0.639648 0.0742188 0.0449219 0.178269
1 0.169922 0.580078 0.0703125 0.0820312 0.18775
1 0.856445 0.359375 0.0605469 0.046875 0.242666
1 0.44043 0.798828 0.123047 0.125 0.256218
1 0.864258 0.588867 0.0605469 0.0566406 0.257277
1 0.861328 0.758789 0.0546875 0.0488281 0.263529
1 0.857422 0.905273 0.046875 0.0371094 0.292131
1 0.488281 0.978516 0.105469 0.0429688 0.354521
1 0.285156 0.604492 0.046875 0.0527344 0.369447
1 0.583008 0.547852 0.0527344 0.0371094 0.418629
1 0.77832 0.523438 0.0917969 0.0820312 0.42058
1 0.0449219 0.658203 0.0898438 0.117188 0.427285
