1 0.930664 0.799805 0.0410156 0.0292969 0.0209937
1 0.839844 0.581055 0.0507812 0.0449219 0.0221836
1 0.112305 0.12793 0.111328 0.0566406 0.0286523
1 0.925781 0.790039 0.0507812 0.0605469 0.0308772
1 0.90332 0.742188 0.0566406 0.0625 0.0324031
1 0.730469 0.244141 0.0351562 0.0273438 0.03447
1 0.759766 0.320312 0.0351562 0.0273438 0.0345311
1 0.108398 0.120117 0.0214844 0.0214844 0.036988
1 0.75 0.326172 0.0703125 0.15625 0.0370066
1 0.818359 0.498047 0.0390625 0.0429688 0.0413171
1 0.746094 0.288086 0.0625 0.0800781 0.0432817
1 0.985352 0.0234375 0.0292969 0.046875 0.0448278
1 0.792969 0.429688 0.0351562 0.0273438 0.0460528
1 0.774414 0.379883 0.0761719 0.0761719 0.0461888
1 0.948242 0.886719 0.0644531 0.140625 0.0462314
1 0.753906 0.318359 0.0546875 0.0742188 0.0476826
1 0.888672 0.6875 0.0585938 0.0625 0.0497304
1 0.745117 0.293945 0.0410156 0.0371094 0.0499648
1 0.724609 0.222656 0.0351562 0.0351562 0.051956
1 0.787109 0.418945 0.0429688 0.0292969 0.0537628
1 0.800781 0.46875 0.03125 0.0234375 0.0542859
1 0.927734 0.786133 0.0390625 0.0332031 0.0568138
1 0.751953 0.305664 0.0351562 0.0332031 0.0588026
1 0.709961 0.189453 0.0449219 0.046875 0.06499
1 0.807617 0.472656 0.0371094 0.015625 0.0658096
1 0.701172 0.169922 0.0273438 0.0273438 0.0658156
1 0.770508 0.350586 0.0371094 0.0332031 0.0673643
1 0.201172 0.0234375 0.0507812 0.046875 0.0699057
1 0.705078 0.163086 0.0546875 0.0917969 0.0714467
1 0.920898 0.777344 0.0292969 0.0234375 0.0724812
1 0.764648 0.34082 0.0371094 0.0371094 0.0739992
1 0.955078 0.864258 0.0429688 0.0527344 0.0767514
1 0.820312 0.597656 0.0234375 0.0195312 0.0775188
1 0.887695 0.664062 0.0527344 0.0664062 0.0822591
1 0.146484 0.0136719 0.0429688 0.0273438 0.0828534
2 0.464844 0.0273438 0.078125 0.0546875 0.0829376
1 0.714844 0.206055 0.0390625 0.0332031 0.0830575
1 0.738281 0.266602 0.0507812 0.0449219 0.0840571
1 0.0322266 0.359375 0.0644531 0.0976562 0.0852917
1 0.956055 0.859375 0.0644531 0.0742188 0.0922164
1 0.464844 0.0292969 0.078125 0.0585938 0.0950077
1 0.0849609 0.125977 0.0410156 0.0332031 0.102407
1 0.771484 0.380859 0.03125 0.03125 0.104502
1 0.961914 0.880859 0.0332031 0.0273438 0.106407
1 0.77832 0.385742 0.0566406 0.0449219 0.113797
1 0.697266 0.145508 0.03125 0.0214844 0.125904
1 0.915039 0.759766 0.0566406 0.0507812 0.14784
1 0.235352 0.0195312 0.123047 0.0390625 0.147906
1 0.949219 0.844727 0.046875 0.0449219 0.16468
1 0.898438 0.716797 0.0390625 0.03125 0.172893
1 0.837891 0.537109 0.03125 0.0195312 0.173981
1 0.0205078 0.311523 0.0410156 0.0449219 0.175532
1 0.804688 0.458008 0.0351562 0.0371094 0.177672
1 0.160156 0.148438 0.09375 0.09375 0.182176
1 0.707031 0.182617 0.0273438 0.0253906 0.213595
1 0.826172 0.513672 0.0234375 0.0234375 0.221096
1 0.819336 0.489258 0.0332031 0.0214844 0.221869
1 0.84375 0.568359 0.0429688 0.0390625 0.235663
1 0.737305 0.264648 0.0332031 0.0292969 0.238031
1 0.885742 0.680664 0.0371094 0.0332031 0.284171
1 0.908203 0.754883 0.0390625 0.0332031 0.291076
1 0.242188 0.0664062 0.046875 0.0390625 0.32147
1 0.970703 0.916016 0.0429688 0.0351562 0.326512
1 0.692383 0.126953 0.0449219 0.0507812 0.329039
1 0.878906 0.644531 0.046875 0.0390625 0.354217
1 0.716797 0.208008 0.0273438 0.0214844 0.362259
1 0.0917969 0.0507812 0.0976562 0.0820312 0.387814
1 0.0292969 0.358398 0.0585938 0.0488281 0.497347
