1 0.712891 0.121094 0.0703125 0.03125 0.0212725
1 0.555664 0.599609 0.0253906 0.0351562 0.0214711
1 0.0302734 0.655273 0.0605469 0.0917969 0.0218339
3 0.5 0.921875 0.0664062 0.15625 0.0228863
1 0.553711 0.599609 0.0488281 0.046875 0.0231813
1 0.928711 0.177734 0.0527344 0.0507812 0.0235927
1 0.681641 0.135742 0.0351562 0.0371094 0.0252135
1 0.538086 0.59668 0.0292969 0.0332031 0.0275518
1 0.548828 0.368164 0.0273438 0.0253906 0.0288764
1 0.581055 0.606445 0.0566406 0.0488281 0.0375989
1 0.594727 0.603516 0.0332031 0.0351562 0.0394956
1 0.854492 0.223633 0.0371094 0.0332031 0.044661
1 0.822266 0.113281 0.0664062 0.0234375 0.0485051
3 0.03125 0.125977 0.0625 0.0957031 0.0508354
3 0.617188 0.826172 0.230469 0.339844 0.0539981
1 0.597656 0.614258 0.0507812 0.0566406 0.0600627
5 0.614258 0.232422 0.0292969 0.0273438 0.074663
1 0.613281 0.611328 0.0976562 0.0703125 0.0763057
1 0.647461 0.608398 0.0332031 0.0332031 0.0823174
1 0.726562 0.166016 0.0351562 0.0351562 0.0855254
1 0.816406 0.113281 0.03125 0.0195312 0.0912024
1 0.830078 0.134766 0.078125 0.0546875 0.0927216
1 0.942383 0.666992 0.0800781 0.0839844 0.0957233
1 0.614258 0.234375 0.0332031 0.03125 0.0995792
1 0.821289 0.141602 0.0371094 0.0292969 0.10615
1 0.821289 0.898438 0.0800781 0.0859375 0.150199
1 0.855469 0.113281 0.0390625 0.0234375 0.159849
2 0.822266 0.895508 0.078125 0.0761719 0.165408
1 0.786133 0.111328 0.0214844 0.0195312 0.167435
2 0.941406 0.670898 0.0820312 0.0878906 0.250005
1 0.926758 0.111328 0.0292969 0.0273438 0.27594
1 0.548828 0.173828 0.0429688 0.0351562 0.291219
1 0.682617 0.200195 0.0605469 0.0527344 0.344792
1 0.617188 0.132812 0.046875 0.0429688 0.376918
1 0.722656 0.123047 0.03125 0.0273438 0.39881
1 0.575195 0.388672 0.0761719 0.0664062 0.399705
1 0.973633 0.111328 0.0410156 0.0351562 0.422095
1 0.68457 0.143555 0.0253906 0.0175781 0.432021
1 0.68457 0.116211 0.0214844 0.0136719 0.444297
1 0.548828 0.126953 0.0390625 0.03125 0.452669
1 0.914062 0.165039 0.0820312 0.0644531 0.471991
1 0.550781 0.27832 0.0703125 0.0839844 0.626435
