1 0.231445 0.363281 0.0644531 0.0742188 0.0200335
5 0.700195 0.282227 0.0410156 0.0332031 0.021814
3 0.75293 0.378906 0.490234 0.757812 0.0223641
1 0.490234 0.124023 0.0585938 0.0566406 0.0247726
1 0.424805 0.0419922 0.0527344 0.0761719 0.0258347
3 0.0439453 0.420898 0.0878906 0.0957031 0.0273113
1 0.433594 0.290039 0.0585938 0.0371094 0.027356
1 0.358398 0.0263672 0.0566406 0.0527344 0.0280261
1 0.354492 0.260742 0.0253906 0.0214844 0.0284177
1 0.551758 0.229492 0.103516 0.0527344 0.0336957
1 0.253906 0.015625 0.0625 0.03125 0.0339997
3 0.0917969 0.469727 0.101562 0.0527344 0.0382185
3 0.921875 0.379883 0.15625 0.759766 0.0387368
1 0.577148 0.270508 0.0371094 0.0292969 0.05339
1 0.519531 0.227539 0.046875 0.0488281 0.0534323
1 0.515625 0.208008 0.0351562 0.0292969 0.0656415
1 0.478516 0.27832 0.03125 0.0253906 0.0791001
1 0.328125 0.375 0.0585938 0.0546875 0.0832815
1 0.166992 0.360352 0.0488281 0.0449219 0.0892145
1 0.459961 0.285156 0.0644531 0.0351562 0.0916004
1 0.419922 0.287109 0.0351562 0.0234375 0.0931665
1 0.359375 0.844727 0.21875 0.158203 0.12535
3 0.648438 0.625 0.109375 0.0507812 0.167784
3 0.0732422 0.428711 0.146484 0.138672 0.210505
1 0.516602 0.231445 0.0332031 0.0253906 0.211281
1 0.521484 0.265625 0.03125 0.0273438 0.235354
1 0.342773 0.295898 0.0449219 0.0332031 0.272402
1 0.444336 0.130859 0.0917969 0.0664062 0.335879
1 0.388672 0.0400391 0.109375 0.0800781 0.363393
1 0.383789 0.291016 0.0253906 0.0234375 0.386129
1 0.574219 0.233398 0.0546875 0.0449219 0.46386
