3 0.0439453 0.633789 0.0878906 0.0449219 0.0216912
1 0.606445 0.0234375 0.0683594 0.046875 0.0263694
3 0.144531 0.507812 0.0859375 0.0898438 0.0368138
3 0.134766 0.476562 0.113281 0.046875 0.0409176
1 0.97168 0.825195 0.0566406 0.0527344 0.0491558
1 0.952148 0.858398 0.0957031 0.0996094 0.0599726
1 0.608398 0.0136719 0.0488281 0.0273438 0.0605846
1 0.927734 0.842773 0.03125 0.0292969 0.062892
1 0.847656 0.107422 0.277344 0.214844 0.0656447
1 0.974609 0.880859 0.0429688 0.046875 0.0737703
3 0.0410156 0.503906 0.0820312 0.0585938 0.0796039
3 0.119141 0.582031 0.238281 0.285156 0.0926088
1 0.977539 0.819336 0.0371094 0.0332031 0.142162
3 0.0429688 0.563477 0.0859375 0.197266 0.144777
1 0.625 0.104492 0.0703125 0.0957031 0.157625
1 0.954102 0.883789 0.0878906 0.0527344 0.202559
0 0.129883 0.932617 0.251953 0.134766 0.422141
1 0.961914 0.772461 0.0683594 0.0488281 0.531887
3 0.354492 0.610352 0.275391 0.380859 0.642412
