1 0.948242 0.793945 0.0371094 0.0371094 0.0202845
1 0.941406 0.925781 0.0390625 0.0351562 0.0203521
1 0.664062 0.915039 0.0507812 0.0488281 0.0207283
1 0.229492 0.120117 0.0253906 0.0292969 0.0211732
1 0.143555 0.518555 0.0527344 0.0410156 0.0215495
3 0.951172 0.402344 0.0976562 0.25 0.0221449
1 0.931641 0.858398 0.046875 0.0644531 0.02231
1 0.895508 0.755859 0.0449219 0.03125 0.022713
1 0.197266 0.755859 0.0234375 0.0195312 0.0231378
1 0.106445 0.601562 0.0332031 0.0429688 0.023212
1 0.183594 0.800781 0.0234375 0.0195312 0.0232524
1 0.181641 0.792969 0.03125 0.03125 0.0235329
1 0.476562 0.444336 0.03125 0.0332031 0.0236607
1 0.891602 0.694336 0.0371094 0.0371094 0.0237994
1 0.941406 0.828125 0.0664062 0.0742188 0.0239549
1 0.482422 0.506836 0.0429688 0.0410156 0.0245621
3 0.0498047 0.0527344 0.0996094 0.105469 0.0247155
1 0.916016 0.707031 0.0859375 0.0898438 0.0250648
1 0.138672 0.40332 0.0546875 0.0332031 0.0253599
1 0.24707 0.490234 0.0292969 0.0234375 0.0253975
1 0.561523 0.831055 0.0527344 0.0332031 0.0258262
1 0.926758 0.838867 0.0332031 0.0332031 0.0260319
1 0.921875 0.818359 0.0351562 0.0351562 0.0260932
1 0.227539 0.131836 0.0332031 0.0371094 0.0274753
1 0.477539 0.46582 0.0488281 0.0566406 0.0282509
1 0.34668 0.563477 0.0332031 0.0488281 0.0285321
1 0.0195312 0.547852 0.0390625 0.0878906 0.0287977
1 0.908203 0.733398 0.0664062 0.0566406 0.0290378
1 0.219727 0.744141 0.0878906 0.0546875 0.0295032
1 0.0214844 0.558594 0.03125 0.0351562 0.0295705
1 0.171875 0.789062 0.0234375 0.0195312 0.0300278
1 0.0976562 0.554688 0.03125 0.0273438 0.0300905
3 0.767578 0.958008 0.0234375 0.0214844 0.0303242
1 0.350586 0.589844 0.0605469 0.0703125 0.0304716
1 0.368164 0.694336 0.0292969 0.0292969 0.0305429
1 0.947266 0.955078 0.046875 0.0507812 0.0308344
1 0.912109 0.780273 0.0351562 0.0253906 0.0313614
1 0.475586 0.432617 0.0292969 0.0292969 0.0314312
1 0.0253906 0.0791016 0.046875 0.0332031 0.0314668
1 0.245117 0.356445 0.0800781 0.0449219 0.0320178
1 0.116211 0.647461 0.0332031 0.0292969 0.0329461
1 0.167969 0.989258 0.0820312 0.0214844 0.0330693
1 0.900391 0.71582 0.0351562 0.0292969 0.0335078
1 0.917969 0.623047 0.046875 0.0429688 0.0338511
1 0.015625 0.96875 0.03125 0.0585938 0.0346207
1 0.0224609 0.571289 0.0410156 0.0332031 0.0352504
1 0.885742 0.680664 0.0332031 0.0253906 0.0353007
1 0.361328 0.961914 0.0703125 0.0488281 0.0361085
1 0.478516 0.463867 0.0351562 0.0332031 0.0368681
5 0.264648 0.34668 0.0410156 0.0371094 0.0376586
1 0.981445 0.882812 0.0371094 0.230469 0.0380156
1 0.408203 0.723633 0.046875 0.0332031 0.0391634
1 0.401367 0.961914 0.0253906 0.0292969 0.0393852
1 0.0224609 0.685547 0.0449219 0.0507812 0.0405474
1 0.0341797 0.698242 0.0292969 0.0292969 0.0426179
1 0.951172 0.805664 0.0585938 0.0527344 0.0432021
1 0.15625 0.493164 0.0273438 0.0332031 0.043564
1 0.117188 0.679688 0.0351562 0.0507812 0.0445275
1 0.989258 0.892578 0.0214844 0.0585938 0.0448526
1 0.926758 0.854492 0.0332031 0.0332031 0.0459632
1 0.474609 0.481445 0.0742188 0.115234 0.046806
1 0.113281 0.625 0.0351562 0.0390625 0.0481194
1 0.985352 0.820312 0.0292969 0.0742188 0.0481699
1 0.941406 0.749023 0.0507812 0.0449219 0.0484325
1 0.936523 0.913086 0.0449219 0.0371094 0.0492387
1 0.155273 0.402344 0.0253906 0.0273438 0.0496291
1 0.916992 0.801758 0.0449219 0.0410156 0.0503649
1 0.398438 0.702148 0.0351562 0.0332031 0.0519821
1 0.333984 0.955078 0.0351562 0.0390625 0.0527362
1 0.179688 0.618164 0.0234375 0.0214844 0.0531599
1 0.349609 0.572266 0.0273438 0.0234375 0.0536045
1 0.908203 0.729492 0.0390625 0.0371094 0.0559959
1 0.0546875 0.669922 0.0273438 0.0195312 0.056069
1 0.366211 0.958984 0.0410156 0.0351562 0.0567953
1 0.19043 0.639648 0.0371094 0.0292969 0.0576209
1 0.916992 0.751953 0.0253906 0.0273438 0.0580431
1 0.970703 0.600586 0.0585938 0.0605469 0.0597847
1 0.949219 0.605469 0.0976562 0.0859375 0.0641436
1 0.416992 0.751953 0.0371094 0.03125 0.0642537
1 0.413086 0.766602 0.0761719 0.0839844 0.0680038
1 0.288086 0.645508 0.0527344 0.0449219 0.0716095
1 0.939453 0.743164 0.0273438 0.0371094 0.0725796
1 0.46875 0.507812 0.0664062 0.0585938 0.0736075
1 0.985352 0.801758 0.0292969 0.0332031 0.0740262
1 0.185547 0.623047 0.0351562 0.03125 0.0748563
1 0.0341797 0.570312 0.0214844 0.0195312 0.0765544
1 0.1875 0.893555 0.0351562 0.0292969 0.0774478
5 0.181641 0.453125 0.0351562 0.03125 0.0782849
1 0.405273 0.711914 0.0371094 0.0332031 0.0788678
1 0.951172 0.882812 0.0976562 0.226562 0.083186
1 0.964844 0.756836 0.03125 0.0332031 0.0833174
1 0.222656 0.364258 0.0390625 0.0371094 0.0833447
1 0.117188 0.52832 0.0625 0.0605469 0.0853732
1 0.264648 0.345703 0.0371094 0.0351562 0.0868186
1 0.177734 0.704102 0.0195312 0.0214844 0.0869978
1 0.337891 0.547852 0.046875 0.0605469 0.089891
1 0.182617 0.451172 0.0371094 0.0390625 0.0912618
1 0.417969 0.957031 0.0351562 0.03125 0.0926179
1 0.953125 0.595703 0.0351562 0.0351562 0.0929939
1 0.277344 0.956055 0.0664062 0.0761719 0.0942442
1 0.986328 0.602539 0.0234375 0.0410156 0.0959364
1 0.911133 0.619141 0.0292969 0.0273438 0.0974456
1 0.969727 0.813477 0.0566406 0.0761719 0.0980805
1 0.386719 0.639648 0.03125 0.0253906 0.101197
1 0.0498047 0.762695 0.0175781 0.0214844 0.101264
1 0.178711 0.900391 0.0449219 0.0351562 0.101304
1 0.189453 0.634766 0.0625 0.0742188 0.104392
1 0.989258 0.93457 0.0214844 0.130859 0.110112
1 0.390625 0.668945 0.0390625 0.0371094 0.110727
1 0.878906 0.65332 0.03125 0.0253906 0.114221
1 0.922852 0.744141 0.0566406 0.0429688 0.126376
1 0.192383 0.730469 0.0253906 0.0234375 0.136016
1 0.341797 0.545898 0.0351562 0.0371094 0.138934
1 0.194336 0.65918 0.0410156 0.0292969 0.145824
1 0.0117188 0.671875 0.0234375 0.03125 0.152197
1 0.0224609 0.798828 0.0332031 0.0351562 0.155269
1 0.222656 0.875 0.0234375 0.0234375 0.15536
1 0.142578 0.987305 0.0390625 0.0214844 0.164871
3 0.699219 0.577148 0.132812 0.291016 0.165755
1 0.383789 0.674805 0.0605469 0.0644531 0.16731
1 0.206055 0.695312 0.0449219 0.0351562 0.1713
1 0.475586 0.858398 0.0332031 0.0332031 0.171682
1 0.12207 0.529297 0.0410156 0.0390625 0.173575
1 0.293945 0.712891 0.0410156 0.03125 0.182657
1 0.078125 0.759766 0.0273438 0.0273438 0.189443
1 0.241211 0.957031 0.150391 0.0859375 0.193837
1 0.0146484 0.755859 0.0292969 0.03125 0.195301
1 0.193359 0.970703 0.0546875 0.0546875 0.198272
1 0.306641 0.744141 0.0351562 0.0351562 0.221498
1 0.118164 0.636719 0.0253906 0.0195312 0.244775
1 0.168945 0.597656 0.0253906 0.0234375 0.25743
1 0.40625 0.841797 0.0507812 0.046875 0.25927
1 0.334961 0.916992 0.0332031 0.0332031 0.269913
1 0.165039 0.566406 0.0332031 0.0273438 0.275234
1 0.0107422 0.981445 0.0214844 0.0332031 0.289216
1 0.151367 0.716797 0.0214844 0.0234375 0.316342
1 0.0732422 0.700195 0.0332031 0.0292969 0.334526
1 0.933594 0.685547 0.0351562 0.03125 0.334783
1 0.452148 0.892578 0.0449219 0.0351562 0.338626
1 0.107422 0.616211 0.0234375 0.0214844 0.373419
1 0.0498047 0.639648 0.0332031 0.0332031 0.391251
1 0.359375 0.604492 0.046875 0.0371094 0.400409
1 0.105469 0.584961 0.03125 0.0292969 0.427385
1 0.121094 0.692383 0.0234375 0.0214844 0.439659
1 0.243164 0.759766 0.0605469 0.0429688 0.439671
1 0.261719 0.53418 0.0390625 0.0449219 0.446909
1 0.115234 0.666992 0.03125 0.0253906 0.462639
1 0.287109 0.658203 0.0742188 0.0742188 0.496054
1 0.214844 0.84082 0.0703125 0.0605469 0.515547
1 0.286133 0.422852 0.0878906 0.0839844 0.58455
1 0.0517578 0.865234 0.0800781 0.0820312 0.74507
