3 0.229492 0.133789 0.119141 0.111328 0.0210284
1 0.472656 0.0283203 0.0546875 0.0527344 0.0227592
1 0.498047 0.0107422 0.046875 0.0214844 0.0231733
1 0.467773 0.0351562 0.212891 0.0703125 0.0232176
0 0.244141 0.0996094 0.210938 0.195312 0.0241727
1 0.0527344 0.0292969 0.0351562 0.0351562 0.0243674
1 0.884766 0.633789 0.121094 0.134766 0.0271649
1 0.405273 0.0253906 0.0253906 0.0351562 0.0287652
1 0.0234375 0.0234375 0.0273438 0.0273438 0.0294567
3 0.710938 0.917969 0.113281 0.113281 0.0298109
1 0.44043 0.0214844 0.0292969 0.0351562 0.0328928
1 0.814453 0.763672 0.0546875 0.0546875 0.0331189
1 0.0185547 0.0917969 0.0371094 0.0234375 0.0345305
1 0.0683594 0.0175781 0.0664062 0.0351562 0.0361904
1 0.415039 0.0234375 0.107422 0.0429688 0.0389416
1 0.0166016 0.142578 0.0332031 0.0585938 0.0425008
1 0.445312 0.0205078 0.0742188 0.0410156 0.0442462
1 0.507812 0.00683594 0.0351562 0.0136719 0.0455356
1 0.807617 0.728516 0.0683594 0.140625 0.0510085
1 0.0664062 0.114258 0.117188 0.0839844 0.0552473
1 0.479492 0.0693359 0.0605469 0.0644531 0.061998
1 0.0722656 0.0283203 0.121094 0.0566406 0.0754568
1 0.513672 0.0595703 0.117188 0.0996094 0.075565
1 0.466797 0.0185547 0.0351562 0.0332031 0.0832789
1 0.415039 0.0224609 0.0292969 0.0332031 0.0870169
1 0.538086 0.0654297 0.0449219 0.0527344 0.0972738
1 0.0898438 0.113281 0.0625 0.0546875 0.102991
1 0.0263672 0.136719 0.0527344 0.0820312 0.117203
3 0.24707 0.0986328 0.201172 0.193359 0.129431
1 0.375 0.0283203 0.0351562 0.0332031 0.154925
3 0.861328 0.100586 0.269531 0.197266 0.174579
3 0.0664062 0.453125 0.132812 0.183594 0.536178
