1 0.0361328 0.112305 0.0722656 0.142578 0.0200093
1 0.97168 0.541016 0.0566406 0.0820312 0.0204548
1 0.237305 0.486328 0.0292969 0.0234375 0.0207424
1 0.737305 0.557617 0.0800781 0.0878906 0.0214223
1 0.242188 0.481445 0.0195312 0.0214844 0.0214844
1 0.813477 0.00683594 0.0800781 0.0136719 0.0223756
1 0.732422 0.501953 0.0664062 0.0507812 0.022997
1 0.787109 0.246094 0.0664062 0.0429688 0.023332
1 0.160156 0.518555 0.046875 0.0292969 0.0234652
1 0.193359 0.518555 0.046875 0.0253906 0.024932
1 0.306641 0.439453 0.0546875 0.0429688 0.0259934
1 0.958008 0.520508 0.0683594 0.119141 0.0260204
1 0.745117 0.555664 0.0488281 0.0410156 0.026486
1 0.879883 0.288086 0.0761719 0.0722656 0.026976
1 0.798828 0.0126953 0.226562 0.0253906 0.0272527
1 0.228516 0.483398 0.03125 0.0253906 0.0274172
1 0.924805 0.438477 0.0644531 0.0566406 0.0279108
1 0.922852 0.349609 0.0527344 0.0429688 0.0281683
1 0.805664 0.241211 0.0292969 0.0292969 0.0282409
1 0.6875 0.272461 0.0507812 0.0488281 0.0287633
1 0.988281 0.194336 0.0234375 0.0644531 0.029302
1 0.0214844 0.548828 0.0273438 0.0195312 0.0301166
1 0.720703 0.429688 0.0585938 0.0351562 0.0302352
1 0.93457 0.49707 0.0800781 0.162109 0.0330551
1 0.916016 0.410156 0.078125 0.0859375 0.033082
1 0.0214844 0.525391 0.0273438 0.0234375 0.033329
1 0.146484 0.523438 0.09375 0.0664062 0.0333834
1 0.75293 0.577148 0.0761719 0.0644531 0.0341723
1 0.728516 0.449219 0.0820312 0.0976562 0.0371826
1 0.299805 0.520508 0.0488281 0.0371094 0.0387879
3 0.916992 0.0078125 0.166016 0.015625 0.0395836
1 0.72168 0.259766 0.0488281 0.03125 0.0397549
1 0.910156 0.386719 0.0546875 0.046875 0.0397895
1 0.765625 0.253906 0.046875 0.0351562 0.0402159
1 0.791992 0.0078125 0.0410156 0.015625 0.0403316
1 0.113281 0.527344 0.0625 0.0429688 0.0453576
1 0.844727 0.240234 0.0371094 0.0429688 0.045428
1 0.723633 0.366211 0.0566406 0.0410156 0.0463552
1 0.100586 0.523438 0.0292969 0.0273438 0.0463701
1 0.0664062 0.530273 0.03125 0.0292969 0.0476698
1 0.0546875 0.546875 0.0351562 0.0234375 0.0480855
1 0.755859 0.515625 0.0390625 0.0273438 0.0517091
1 0.180664 0.517578 0.0253906 0.0195312 0.0517578
1 0.267578 0.483398 0.0195312 0.0214844 0.053816
1 0.741211 0.480469 0.0761719 0.0429688 0.0603934
1 0.133789 0.520508 0.0605469 0.0410156 0.0615643
1 0.119141 0.105469 0.238281 0.171875 0.0634904
1 0.741211 0.527344 0.0722656 0.0507812 0.0676596
1 0.695312 0.307617 0.0585938 0.0488281 0.0697654
1 0.753906 0.0107422 0.101562 0.0214844 0.0703636
1 0.0947266 0.444336 0.0527344 0.0527344 0.0719764
1 0.727539 0.0117188 0.0449219 0.0234375 0.08413
1 0.897461 0.268555 0.115234 0.138672 0.0867889
1 0.916992 0.458008 0.0996094 0.248047 0.0874402
1 0.71875 0.513672 0.046875 0.0429688 0.0959711
1 0.90625 0.378906 0.0859375 0.0898438 0.100453
1 0.0527344 0.533203 0.0507812 0.0390625 0.109255
1 0.761719 0.595703 0.105469 0.0742188 0.113846
1 0.291992 0.505859 0.0566406 0.0546875 0.116844
1 0.289062 0.482422 0.0273438 0.0234375 0.121266
1 0.709961 0.415039 0.0371094 0.0332031 0.124209
1 0.714844 0.279297 0.0976562 0.078125 0.135227
1 0.305664 0.519531 0.0292969 0.0273438 0.13852
1 0.725586 0.40625 0.0605469 0.0429688 0.157749
1 0.765625 0.675781 0.0859375 0.0976562 0.158241
1 0.263672 0.373047 0.0351562 0.0273438 0.162856
1 0.222656 0.517578 0.03125 0.0234375 0.166212
1 0.754883 0.288086 0.0292969 0.0253906 0.169034
1 0.814453 0.300781 0.046875 0.046875 0.174081
1 0.72168 0.389648 0.0761719 0.0878906 0.17999
1 0.275391 0.513672 0.0273438 0.0234375 0.192256
1 0.21875 0.443359 0.0351562 0.0390625 0.221373
1 0.724609 0.456055 0.0585938 0.0410156 0.235792
1 0.769531 0.642578 0.113281 0.183594 0.267658
1 0.755859 0.483398 0.0351562 0.0332031 0.299602
5 0.895508 0.624023 0.0683594 0.0605469 0.340519
3 0.884766 0.887695 0.230469 0.224609 0.588739
