1 0.124023 0.623047 0.0332031 0.046875 0.0200838
1 0.109375 0.165039 0.136719 0.126953 0.0201791
1 0.724609 0.700195 0.0507812 0.0410156 0.0202603
1 0.697266 0.46582 0.0664062 0.0683594 0.0206135
1 0.728516 0.670898 0.0585938 0.0800781 0.0213123
1 0.727539 0.165039 0.541016 0.330078 0.0235439
1 0.233398 0.548828 0.0996094 0.0742188 0.0237038
1 0.869141 0.915039 0.0585938 0.0605469 0.0237636
3 0.0429688 0.931641 0.0859375 0.136719 0.0257422
1 0.643555 0.612305 0.0957031 0.150391 0.0265727
1 0.228516 0.640625 0.0585938 0.0507812 0.0292717
1 0.619141 0.991211 0.0351562 0.0175781 0.0294205
1 0.65918 0.466797 0.0371094 0.0507812 0.0294449
1 0.765625 0.581055 0.0625 0.0488281 0.0302264
3 0.304688 0.34375 0.230469 0.171875 0.0316575
1 0.830078 0.861328 0.109375 0.113281 0.0317833
1 0.69043 0.756836 0.0332031 0.0410156 0.0323523
1 0.819336 0.665039 0.0332031 0.0371094 0.0352529
5 0.0107422 0.330078 0.0214844 0.0429688 0.0354179
1 0.624023 0.59082 0.0800781 0.0488281 0.0370465
1 0.765625 0.504883 0.0625 0.0605469 0.0385998
1 0.0712891 0.0341797 0.138672 0.0683594 0.0390026
1 0.210938 0.648438 0.09375 0.078125 0.0392992
1 0.717773 0.516602 0.166016 0.197266 0.0394431
1 0.276367 0.525391 0.0175781 0.015625 0.0416296
1 0.193359 0.5625 0.0273438 0.0195312 0.043904
3 0.441406 0.916992 0.394531 0.166016 0.0441671
1 0.172852 0.655273 0.0800781 0.0917969 0.0453235
1 0.808594 0.958008 0.0625 0.0566406 0.0519477
1 0.193359 0.59082 0.0195312 0.0175781 0.0585725
1 0.649414 0.46875 0.0332031 0.0390625 0.0601723
1 0.719727 0.865234 0.0917969 0.105469 0.0665231
1 0.602539 0.59082 0.0371094 0.0371094 0.0718374
1 0.662109 0.743164 0.0820312 0.0683594 0.0803185
1 0.714844 0.743164 0.144531 0.0761719 0.0838744
1 0.745117 0.604492 0.0371094 0.0292969 0.0879965
1 0.81543 0.969727 0.0449219 0.0410156 0.108761
1 0.728516 0.655273 0.046875 0.0449219 0.11587
1 0.753906 0.536133 0.0976562 0.138672 0.13465
1 0.755859 0.563477 0.0898438 0.0683594 0.138928
1 0.318359 0.533203 0.0429688 0.0351562 0.151006
1 0.587891 0.670898 0.0351562 0.0292969 0.177791
1 0.183594 0.661133 0.140625 0.119141 0.201063
1 0.248047 0.546875 0.0585938 0.0507812 0.202041
5 0.730469 0.984375 0.0390625 0.03125 0.211063
1 0.651367 0.739258 0.0566406 0.0449219 0.228672
1 0.795898 0.65625 0.0761719 0.0585938 0.243627
1 0.884766 0.975586 0.0507812 0.0449219 0.288947
1 0.749023 0.75 0.0683594 0.0585938 0.292859
1 0.728516 0.481445 0.125 0.107422 0.312858
1 0.600586 0.501953 0.0605469 0.0546875 0.33884
1 0.645508 0.582031 0.0878906 0.0742188 0.368594
1 0.77832 0.856445 0.216797 0.130859 0.379926
1 0.398438 0.541016 0.0625 0.0546875 0.394774
1 0.822266 0.730469 0.0585938 0.0585938 0.414323
1 0.654297 0.646484 0.0703125 0.0703125 0.420439
1 0.349609 0.608398 0.0703125 0.0644531 0.422216
1 0.464844 0.587891 0.0742188 0.078125 0.503496
3 0.374023 0.830078 0.517578 0.335938 0.52123
1 0.523438 0.520508 0.0742188 0.0722656 0.583023
