1 0.302734 0.59375 0.046875 0.0351562 0.0202528
1 0.112305 0.453125 0.0449219 0.046875 0.0203009
1 0.830078 0.842773 0.339844 0.310547 0.0206056
1 0.291992 0.599609 0.0253906 0.0273438 0.0206544
1 0.303711 0.511719 0.0292969 0.0234375 0.0209082
1 0.0400391 0.967773 0.0722656 0.0605469 0.0213994
1 0.316406 0.602539 0.0195312 0.0253906 0.0237939
1 0.321289 0.618164 0.0214844 0.0214844 0.0245922
1 0.448242 0.764648 0.0683594 0.0488281 0.0295281
1 0.259766 0.338867 0.0351562 0.0292969 0.0316787
1 0.625977 0.0273438 0.0683594 0.0546875 0.0403812
1 0.260742 0.350586 0.0332031 0.0253906 0.0407204
1 0.272461 0.359375 0.0332031 0.03125 0.0456708
1 0.408203 0.688477 0.0351562 0.0292969 0.0495718
1 0.3125 0.581055 0.03125 0.0253906 0.0610867
1 0.257812 0.305664 0.03125 0.0332031 0.0761782
1 0.303711 0.486328 0.0253906 0.0195312 0.0853818
1 0.269531 0.37207 0.0429688 0.0371094 0.101345
1 0.700195 0.77832 0.599609 0.423828 0.105372
1 0.298828 0.456055 0.0351562 0.0332031 0.260492
1 0.362305 0.694336 0.0449219 0.0449219 0.286467
1 0.314453 0.541992 0.0507812 0.0410156 0.352483
