1 0.0195312 0.868164 0.0390625 0.0839844 0.0208157
1 0.0214844 0.90918 0.0429688 0.0332031 0.021078
1 0.46875 0.671875 0.0703125 0.0429688 0.023535
4 0.323242 0.848633 0.142578 0.119141 0.0236167
1 0.463867 0.619141 0.0957031 0.0585938 0.0241751
1 0.0634766 0.833008 0.0410156 0.0332031 0.025767
1 0.0107422 0.873047 0.0214844 0.0273438 0.026303
1 0.546875 0.861328 0.078125 0.269531 0.027745
1 0.472656 0.563477 0.0585938 0.0527344 0.0287054
1 0.0273438 0.868164 0.0390625 0.0371094 0.0287219
1 0.363281 0.547852 0.0859375 0.0878906 0.030628
1 0.533203 0.761719 0.0546875 0.0585938 0.0317941
1 0.563477 0.974609 0.0917969 0.0507812 0.0318717
1 0.167969 0.880859 0.046875 0.0390625 0.0327831
1 0.55957 0.825195 0.0605469 0.0410156 0.034179
1 0.0253906 0.856445 0.0234375 0.0214844 0.0342604
1 0.541992 0.788086 0.0371094 0.0332031 0.0348412
1 0.046875 0.957031 0.09375 0.078125 0.0365566
1 0.0107422 0.886719 0.0214844 0.0351562 0.0365826
1 0.483398 0.681641 0.0917969 0.078125 0.0376595
1 0.542969 0.820312 0.0351562 0.0351562 0.0377158
1 0.0351562 0.856445 0.0195312 0.0214844 0.0403713
1 0.266602 0.542969 0.0214844 0.0273438 0.0418704
0 0.140625 0.728516 0.265625 0.542969 0.0421201
1 0.574219 0.905273 0.0898438 0.181641 0.0444286
1 0.478516 0.657227 0.09375 0.0644531 0.0447865
1 0.573242 0.833984 0.0332031 0.03125 0.0449483
5 0.175781 0.472656 0.0546875 0.0507812 0.0476163
1 0.474609 0.635742 0.0898438 0.0449219 0.0529191
1 0.0585938 0.884766 0.0195312 0.0195312 0.0531179
1 0.541992 0.777344 0.0527344 0.0429688 0.0548989
1 0.0644531 0.90625 0.0234375 0.0234375 0.0603674
1 0.0556641 0.709961 0.0292969 0.0253906 0.0633432
1 0.0888672 0.830078 0.0214844 0.0195312 0.0637668
1 0.0585938 0.984375 0.0976562 0.03125 0.0645296
1 0.0742188 0.930664 0.0234375 0.0214844 0.0660055
1 0.0849609 0.867188 0.0136719 0.015625 0.0681599
3 0.0546875 0.416016 0.109375 0.226562 0.0739701
1 0.466797 0.574219 0.0898438 0.0820312 0.074025
1 0.0498047 0.963867 0.0488281 0.0371094 0.0767654
1 0.460938 0.722656 0.0742188 0.0976562 0.0797136
1 0.415039 0.5625 0.201172 0.117188 0.0952267
1 0.0263672 0.897461 0.0488281 0.0371094 0.101577
0 0.339844 0.719727 0.664062 0.560547 0.130607
1 0.0078125 0.839844 0.015625 0.0273438 0.138221
1 0.0214844 0.990234 0.03125 0.0195312 0.159506
1 0.481445 0.713867 0.126953 0.138672 0.176068
1 0.0703125 0.990234 0.0703125 0.0195312 0.19074
1 0.0595703 0.834961 0.0253906 0.0214844 0.211633
1 0.0205078 0.94043 0.0410156 0.0410156 0.235805
1 0.576172 0.887695 0.0742188 0.0917969 0.245588
1 0.542969 0.975586 0.0429688 0.0449219 0.247828
1 0.0664062 0.860352 0.0195312 0.0175781 0.251509
1 0.261719 0.904297 0.0546875 0.0429688 0.262071
1 0.00976562 0.801758 0.0195312 0.0253906 0.274533
3 0.326172 0.412109 0.355469 0.25 0.285266
1 0.201172 0.983398 0.0429688 0.0332031 0.458694
