3 0.386719 0.47168 0.328125 0.267578 0.0200182
3 0.197266 0.705078 0.371094 0.0546875 0.0210984
1 0.536133 0.0732422 0.0488281 0.107422 0.0285085
1 0.383789 0.00878906 0.0527344 0.0175781 0.0292521
1 0.541992 0.0791016 0.0292969 0.0332031 0.0408169
0 0.441406 0.823242 0.839844 0.345703 0.0414355
3 0.119141 0.714844 0.234375 0.0429688 0.0593582
3 0.260742 0.681641 0.490234 0.0898438 0.0644591
1 0.53418 0.0625 0.0410156 0.0585938 0.0839902
3 0.0849609 0.794922 0.162109 0.101562 0.113604
1 0.356445 0.0117188 0.0644531 0.0234375 0.125677
1 0.376953 0.0683594 0.0859375 0.101562 0.189302
