5 0.333008 0.0849609 0.0605469 0.0449219 0.0212207
1 0.19043 0.670898 0.0332031 0.0292969 0.0214926
1 0.946289 0.882812 0.0371094 0.0351562 0.0225042
1 0.883789 0.980469 0.0957031 0.0390625 0.0245547
1 0.961914 0.93457 0.0566406 0.0449219 0.0248621
1 0.149414 0.703125 0.0292969 0.0273438 0.0268177
1 0.769531 0.979492 0.101562 0.0410156 0.0276838
5 0.313477 0.0917969 0.0996094 0.0625 0.0279174
1 0.135742 0.417969 0.0800781 0.0820312 0.0291413
1 0.943359 0.865234 0.0546875 0.0585938 0.029881
1 0.229492 0.420898 0.0488281 0.0644531 0.0299999
1 0.744141 0.992188 0.0507812 0.015625 0.0302308
1 0.977539 0.647461 0.0449219 0.138672 0.0302948
1 0.175781 0.568359 0.0429688 0.0429688 0.0306706
1 0.188477 0.65332 0.0527344 0.0683594 0.0310261
1 0.974609 0.604492 0.046875 0.0488281 0.0336852
1 0.197266 0.686523 0.03125 0.0332031 0.0344518
1 0.94043 0.97168 0.0917969 0.0566406 0.0392807
1 0.983398 0.853516 0.0332031 0.0585938 0.0442895
1 0.984375 0.664062 0.03125 0.0898438 0.0464496
1 0.917969 0.976562 0.0546875 0.046875 0.049076
1 0.201172 0.697266 0.0273438 0.0273438 0.052596
1 0.787109 0.991211 0.0546875 0.0175781 0.0538475
1 0.291992 0.427734 0.0527344 0.0664062 0.0549205
1 0.857422 0.985352 0.0351562 0.0292969 0.0554272
1 0.936523 0.512695 0.0605469 0.0644531 0.0641025
1 0.300781 0.442383 0.0351562 0.0292969 0.0677115
1 0.280273 0.412109 0.0292969 0.0273438 0.0696876
1 0.990234 0.529297 0.0195312 0.0429688 0.0802619
3 0.561523 0.263672 0.150391 0.171875 0.0813454
1 0.15918 0.555664 0.0800781 0.0761719 0.0818589
1 0.915039 0.960938 0.158203 0.078125 0.103228
1 0.845703 0.977539 0.046875 0.0449219 0.104968
1 0.253906 0.515625 0.0664062 0.0585938 0.115139
1 0.121094 0.508789 0.0664062 0.0527344 0.115886
1 0.338867 0.264648 0.228516 0.130859 0.126882
1 0.175781 0.419922 0.160156 0.09375 0.13774
1 0.18457 0.642578 0.0371094 0.0351562 0.144062
1 0.883789 0.884766 0.0292969 0.0273438 0.156687
1 0.988281 0.857422 0.0234375 0.0351562 0.243255
3 0.479492 0.847656 0.474609 0.300781 0.326084
1 0.932617 0.84668 0.0644531 0.0917969 0.335635
