1 0.0185547 0.796875 0.0371094 0.0859375 0.0206719
1 0.186523 0.772461 0.0410156 0.0410156 0.0220405
1 0.0820312 0.796875 0.0507812 0.0585938 0.0221457
4 0.170898 0.112305 0.259766 0.224609 0.022671
1 0.0820312 0.808594 0.0273438 0.0273438 0.0229512
1 0.0224609 0.117188 0.0449219 0.132812 0.0242711
0 0.641602 0.725586 0.337891 0.333984 0.0244463
1 0.501953 0.833984 0.0273438 0.0273438 0.0253207
1 0.0351562 0.120117 0.0195312 0.0253906 0.0253834
3 0.947266 0.0947266 0.0898438 0.111328 0.0353093
1 0.539062 0.827148 0.03125 0.0292969 0.0368584
3 0.963867 0.046875 0.0683594 0.0429688 0.0373005
1 0.732422 0.539062 0.0234375 0.0273438 0.0395416
1 0.725586 0.53125 0.0410156 0.0429688 0.0399573
1 0.0712891 0.804688 0.0292969 0.03125 0.0429133
0 0.936523 0.703125 0.126953 0.59375 0.0441074
0 0.283203 0.916016 0.546875 0.167969 0.0461717
1 0.165039 0.796875 0.146484 0.0976562 0.0492575
1 0.0419922 0.799805 0.0839844 0.0683594 0.0528517
1 0.0595703 0.802734 0.0410156 0.0390625 0.0612192
4 0.633789 0.723633 0.341797 0.326172 0.0723187
1 0.129883 0.810547 0.0488281 0.046875 0.0730119
1 0.605469 0.52832 0.03125 0.0253906 0.0770633
0 0.71582 0.9375 0.556641 0.125 0.100135
1 0.0136719 0.803711 0.0273438 0.0527344 0.119068
1 0.195312 0.808594 0.0742188 0.0820312 0.298452
