1 0.367188 0.889648 0.046875 0.0410156 0.0201567
1 0.378906 0.878906 0.0234375 0.0234375 0.0212529
3 0.0634766 0.598633 0.126953 0.0371094 0.0224848
1 0.431641 0.886719 0.0625 0.0742188 0.0278184
1 0.331055 0.863281 0.0332031 0.0351562 0.0468625
1 0.404297 0.87793 0.121094 0.0996094 0.0489723
5 0.169922 0.583984 0.0351562 0.03125 0.0596728
1 0.34082 0.814453 0.0410156 0.046875 0.0674336
3 0.186523 0.870117 0.0332031 0.0332031 0.120237
5 0.270508 0.408203 0.0332031 0.03125 0.144504
3 0.263672 0.158203 0.207031 0.242188 0.775479
