1 0.638672 0.491211 0.0429688 0.0371094 0.0206412
1 0.744141 0.214844 0.0703125 0.0507812 0.021076
1 0.555664 0.620117 0.0957031 0.126953 0.021369
1 0.740234 0.702148 0.0546875 0.0449219 0.0214973
1 0.611328 0.466797 0.09375 0.132812 0.0217518
5 0.447266 0.144531 0.0351562 0.03125 0.0222574
1 0.644531 0.385742 0.0351562 0.0292969 0.0226677
1 0.62207 0.591797 0.0371094 0.0351562 0.0248254
1 0.720703 0.311523 0.0664062 0.0644531 0.0270954
1 0.766602 0.262695 0.0800781 0.0605469 0.0277798
1 0.754883 0.393555 0.107422 0.0839844 0.0320449
5 0.75 0.634766 0.03125 0.0273438 0.0338164
3 0.592773 0.762695 0.177734 0.0410156 0.0340166
1 0.640625 0.398438 0.03125 0.0390625 0.0351243
1 0.714844 0.298828 0.0507812 0.0351562 0.0356062
1 0.779297 0.545898 0.0351562 0.0371094 0.0371199
1 0.542969 0.40918 0.0390625 0.0371094 0.0402212
1 0.415039 0.0878906 0.0332031 0.03125 0.0416138
1 0.641602 0.415039 0.0332031 0.0292969 0.0416688
1 0.448242 0.147461 0.0332031 0.0292969 0.0430178
1 0.791992 0.266602 0.0410156 0.0371094 0.0430771
1 0.833008 0.330078 0.0332031 0.0273438 0.0449378
1 0.634766 0.519531 0.0546875 0.0507812 0.0449419
1 0.763672 0.708984 0.0820312 0.0703125 0.0455743
1 0.595703 0.477539 0.046875 0.0332031 0.0459233
1 0.544922 0.432617 0.0429688 0.0566406 0.0471388
1 0.78418 0.367188 0.0410156 0.03125 0.0482646
1 0.597656 0.46582 0.0585938 0.0410156 0.0485185
1 0.723633 0.713867 0.126953 0.0722656 0.0525739
1 0.588867 0.508789 0.0371094 0.0292969 0.0534511
1 0.770508 0.371094 0.0722656 0.0585938 0.0553125
1 0.839844 0.325195 0.0195312 0.0214844 0.0563475
1 0.757812 0.556641 0.0820312 0.0820312 0.0564567
1 0.623047 0.543945 0.0351562 0.0292969 0.0679603
1 0.605469 0.484375 0.0742188 0.0546875 0.069184
1 0.574219 0.433594 0.105469 0.078125 0.0696765
1 0.518555 0.157227 0.0449219 0.0488281 0.0700254
1 0.755859 0.423828 0.0429688 0.0390625 0.0710385
1 0.771484 0.389648 0.0703125 0.0449219 0.0727877
1 0.738281 0.540039 0.0429688 0.0449219 0.0815504
1 0.755859 0.456055 0.0351562 0.0332031 0.0859841
1 0.774414 0.334961 0.0527344 0.0371094 0.0891223
1 0.65625 0.361328 0.0351562 0.03125 0.0909407
1 0.621094 0.504883 0.078125 0.0527344 0.100421
1 0.525391 0.0302734 0.0273438 0.0253906 0.100612
1 0.764648 0.412109 0.0761719 0.0585938 0.104497
1 0.773438 0.353516 0.0625 0.0390625 0.109042
1 0.75293 0.470703 0.0449219 0.0507812 0.117422
1 0.68457 0.726562 0.0449219 0.0429688 0.132551
1 0.823242 0.335938 0.0214844 0.0234375 0.137519
1 0.759766 0.232422 0.09375 0.0898438 0.147839
1 0.490234 0.0898438 0.0429688 0.0390625 0.158684
1 0.484375 0.046875 0.0273438 0.0273438 0.17728
1 0.77832 0.317383 0.0566406 0.0410156 0.183252
1 0.708984 0.374023 0.0429688 0.0371094 0.225068
1 0.59668 0.422852 0.0527344 0.0488281 0.328038
