1 0.716797 0.599609 0.046875 0.0507812 0.0219344
1 0.80957 0.570312 0.0800781 0.078125 0.0227057
1 0.507812 0.65918 0.0273438 0.0214844 0.0231358
1 0.291992 0.694336 0.0292969 0.0410156 0.0233085
1 0.333984 0.68457 0.0625 0.0488281 0.0241521
1 0.446289 0.637695 0.0683594 0.0761719 0.0262897
1 0.568359 0.624023 0.0585938 0.0527344 0.0275234
1 0.538086 0.623047 0.0644531 0.0585938 0.0309862
1 0.741211 0.588867 0.0839844 0.0761719 0.0310408
1 0.982422 0.236328 0.0351562 0.0507812 0.0320442
1 0.414062 0.662109 0.0664062 0.0507812 0.0338262
1 0.623047 0.619141 0.03125 0.03125 0.0352554
1 0.485352 0.658203 0.0488281 0.0273438 0.0357908
1 0.579102 0.625977 0.0410156 0.0332031 0.0419375
1 0.979492 0.245117 0.0410156 0.126953 0.0464688
1 0.634766 0.617188 0.0273438 0.03125 0.0556557
1 0.606445 0.568359 0.0410156 0.0351562 0.0603953
1 0.975586 0.168945 0.0449219 0.0605469 0.0621274
1 0.386719 0.665039 0.0390625 0.0371094 0.0674152
1 0.428711 0.667969 0.0292969 0.03125 0.0834318
1 0.536133 0.631836 0.0449219 0.0371094 0.109109
1 0.354492 0.682617 0.0253906 0.0292969 0.126221
1 0.271484 0.700195 0.0429688 0.0332031 0.126536
1 0.773438 0.578125 0.144531 0.09375 0.130952
1 0.988281 0.256836 0.0234375 0.0644531 0.133174
1 0.667969 0.618164 0.03125 0.0332031 0.208427
1 0.323242 0.688477 0.0371094 0.0371094 0.318347
