1 0.477539 0.133789 0.0332031 0.0292969 0.0227089
1 0.481445 0.304688 0.0332031 0.0234375 0.0251782
3 0.925781 0.824219 0.148438 0.347656 0.0267761
1 0.481445 0.375977 0.0332031 0.0214844 0.0294406
1 0.476562 0.521484 0.0507812 0.0664062 0.030735
1 0.472656 0.202148 0.0625 0.0683594 0.0316937
1 0.482422 0.586914 0.0507812 0.0527344 0.0339929
1 0.482422 0.290039 0.03125 0.0253906 0.0403848
1 0.488281 0.299805 0.0234375 0.0214844 0.0416338
1 0.479492 0.266602 0.0488281 0.0488281 0.0459431
1 0.485352 0.400391 0.0292969 0.0273438 0.0460522
1 0.474609 0.183594 0.0429688 0.03125 0.0512573
1 0.476562 0.426758 0.03125 0.0253906 0.055016
1 0.482422 0.246094 0.03125 0.0273438 0.0580373
1 0.472656 0.196289 0.046875 0.0332031 0.0677197
1 0.459961 0.416992 0.0527344 0.0371094 0.0707823
1 0.486328 0.601562 0.0390625 0.0351562 0.0758744
1 0.476562 0.165039 0.0429688 0.0332031 0.0772454
1 0.483398 0.583008 0.0332031 0.0292969 0.0936658
1 0.216797 0.492188 0.0820312 0.0742188 0.098889
1 0.467773 0.216797 0.0449219 0.0351562 0.110274
1 0.482422 0.269531 0.03125 0.03125 0.128146
1 0.479492 0.364258 0.0332031 0.0292969 0.130081
1 0.480469 0.574219 0.0351562 0.0273438 0.141706
3 0.944336 0.626953 0.111328 0.046875 0.150494
1 0.482422 0.463867 0.0390625 0.0292969 0.192218
1 0.487305 0.506836 0.0292969 0.0292969 0.221431
1 0.47168 0.500977 0.0605469 0.0449219 0.248985
3 0.925781 0.724609 0.144531 0.144531 0.259781
1 0.477539 0.328125 0.0332031 0.03125 0.26072
1 0.378906 0.454102 0.0820312 0.0761719 0.432983
1 0.480469 0.539062 0.03125 0.0273438 0.445883
