1 0.867188 0.0224609 0.078125 0.0410156 0.0207079
1 0.289062 0.806641 0.0507812 0.0429688 0.0224654
1 0.375977 0.652344 0.0644531 0.0820312 0.0256959
5 0.583984 0.524414 0.046875 0.0449219 0.027858
1 0.974609 0.383789 0.0507812 0.0527344 0.0311404
1 0.540039 0.339844 0.0449219 0.0585938 0.0319552
1 0.382812 0.353516 0.0351562 0.03125 0.0325008
1 0.305664 0.266602 0.138672 0.126953 0.0357284
1 0.621094 0.985352 0.121094 0.0292969 0.0360012
1 0.359375 0.306641 0.0429688 0.0390625 0.036058
1 0.323242 0.210938 0.0605469 0.0429688 0.0394611
1 0.388672 0.740234 0.0976562 0.0664062 0.0466766
1 0.642578 0.988281 0.0664062 0.0234375 0.0472372
1 0.301758 0.921875 0.0917969 0.144531 0.0484955
1 0.745117 0.967773 0.0449219 0.0410156 0.0493793
1 0.396484 0.708008 0.09375 0.119141 0.0548548
1 0.589844 0.978516 0.191406 0.0429688 0.0593381
1 0.878906 0.0224609 0.0390625 0.0371094 0.0595075
1 0.40332 0.666992 0.119141 0.111328 0.0685585
1 0.802734 0.489258 0.046875 0.0488281 0.0740829
1 0.638672 0.594727 0.0820312 0.103516 0.0744085
1 0.84082 0.989258 0.0410156 0.0214844 0.0846907
1 0.793945 0.958008 0.146484 0.0839844 0.0937756
1 0.383789 0.638672 0.0449219 0.0429688 0.141284
1 0.289062 0.272461 0.0898438 0.0800781 0.197798
1 0.371094 0.435547 0.03125 0.03125 0.200613
1 0.363281 0.75293 0.046875 0.0410156 0.322243
1 0.375977 0.693359 0.0488281 0.046875 0.325375
3 0.175781 0.435547 0.347656 0.382812 0.332584
1 0.427734 0.704102 0.0390625 0.0332031 0.340259
1 0.408203 0.741211 0.0390625 0.0410156 0.417168
1 0.262695 0.734375 0.0957031 0.109375 0.466773
1 0.488281 0.717773 0.0585938 0.0527344 0.553789
1 0.418945 0.875977 0.341797 0.224609 0.563366
1 0.443359 0.652344 0.0546875 0.0546875 0.617241
