1 0.0488281 0.357422 0.0664062 0.0507812 0.0206325
1 0.0332031 0.410156 0.0546875 0.0390625 0.0212814
1 0.977539 0.738281 0.0410156 0.0625 0.0213508
1 0.0136719 0.297852 0.0273438 0.0488281 0.0233675
1 0.0644531 0.15625 0.0585938 0.0507812 0.0234006
1 0.448242 0.902344 0.0292969 0.0234375 0.023758
3 0.261719 0.0644531 0.160156 0.125 0.0259923
1 0.553711 0.764648 0.0449219 0.0292969 0.0271118
3 0.507812 0.515625 0.230469 0.121094 0.0331295
1 0.0800781 0.37207 0.03125 0.0292969 0.0340294
1 0.0585938 0.273438 0.046875 0.0351562 0.041515
1 0.988281 0.755859 0.0234375 0.0351562 0.0416192
1 0.510742 0.991211 0.0722656 0.0175781 0.0451116
1 0.0439453 0.399414 0.0839844 0.0527344 0.0451768
1 0.0683594 0.208008 0.0664062 0.0410156 0.0469476
1 0.44043 0.992188 0.0566406 0.015625 0.0484191
1 0.0673828 0.257812 0.0683594 0.0507812 0.0526753
3 0.933594 0.744141 0.132812 0.511719 0.0625148
1 0.5625 0.976562 0.132812 0.046875 0.0680712
1 0.600586 0.985352 0.0957031 0.0292969 0.0791959
1 0.0498047 0.34082 0.0410156 0.0644531 0.0795603
1 0.510742 0.900391 0.0449219 0.046875 0.0860466
1 0.0166016 0.318359 0.0332031 0.09375 0.0878448
3 0.945312 0.317383 0.109375 0.111328 0.108784
1 0.205078 0.630859 0.136719 0.144531 0.109822
1 0.0722656 0.240234 0.0703125 0.046875 0.131988
1 0.602539 0.991211 0.0800781 0.0136719 0.158072
1 0.527344 0.978516 0.0625 0.0429688 0.165224
3 0.788086 0.962891 0.0996094 0.0742188 0.166522
1 0.0898438 0.0761719 0.0390625 0.0351562 0.234043
1 0.0341797 0.330078 0.0683594 0.0820312 0.250673
1 0.0664062 0.235352 0.0859375 0.0957031 0.277779
3 0.0742188 0.0439453 0.144531 0.0878906 0.295108
1 0.0849609 0.143555 0.0996094 0.0878906 0.360156
1 0.516602 0.709961 0.115234 0.0917969 0.414761
1 0.118164 0.433594 0.0488281 0.0507812 0.473734
1 0.542969 0.813477 0.113281 0.0957031 0.528812
1 0.0673828 0.501953 0.0527344 0.0625 0.590729
1 0.591797 0.90625 0.105469 0.101562 0.659248
0 0.56543 0.239258 0.646484 0.478516 0.690622
