1 0.0410156 0.199219 0.0429688 0.0390625 0.0204383
1 0.129883 0.331055 0.119141 0.0839844 0.0211024
1 0.0849609 0.445312 0.0371094 0.0351562 0.0255313
1 0.169922 0.336914 0.0390625 0.0410156 0.0309252
1 0.0537109 0.253906 0.0527344 0.046875 0.0349944
1 0.167969 0.362305 0.0546875 0.0527344 0.0394055
1 0.208008 0.0136719 0.111328 0.0273438 0.0410508
1 0.873047 0.0253906 0.105469 0.0507812 0.0607512
1 0.0654297 0.267578 0.0722656 0.0742188 0.0633221
1 0.714844 0.0292969 0.0703125 0.0585938 0.0798692
1 0.21875 0.00878906 0.078125 0.0175781 0.120396
1 0.414062 0.463867 0.078125 0.0683594 0.154162
1 0.402344 0.347656 0.109375 0.078125 0.176301
1 0.151367 0.353516 0.0917969 0.09375 0.188769
1 0.0966797 0.322266 0.0644531 0.046875 0.209104
1 0.442383 0.587891 0.0878906 0.0820312 0.232269
1 0.890625 0.556641 0.078125 0.078125 0.333951
1 0.0830078 0.015625 0.0878906 0.03125 0.463209
1 0.134766 0.24707 0.0742188 0.0644531 0.495642
1 0.483398 0.19043 0.0878906 0.0839844 0.49636
1 0.274414 0.348633 0.0800781 0.0761719 0.514986
1 0.200195 0.621094 0.0957031 0.0820312 0.520538
1 0.314453 0.605469 0.0742188 0.0820312 0.531454
1 0.467773 0.0595703 0.0839844 0.0800781 0.579282
1 0.173828 0.505859 0.09375 0.0859375 0.585778
1 0.287109 0.481445 0.0820312 0.0839844 0.58756
1 0.231445 0.102539 0.0878906 0.0800781 0.599778
1 0.375 0.208984 0.0898438 0.078125 0.607949
1 0.255859 0.223633 0.0859375 0.0800781 0.625408
1 0.106445 0.117188 0.0917969 0.0898438 0.641245
1 0.34668 0.0849609 0.0878906 0.0722656 0.641601
