1 0.1875 0.317383 0.113281 0.115234 0.0208796
3 0.0175781 0.239258 0.0351562 0.0996094 0.0210285
5 0.429688 0.447266 0.0546875 0.0546875 0.0215312
1 0.430664 0.0683594 0.0449219 0.0507812 0.0269766
1 0.182617 0.28418 0.0214844 0.0214844 0.0279993
1 0.299805 0.328125 0.0410156 0.0664062 0.0348899
1 0.209961 0.327148 0.0371094 0.0292969 0.0454319
1 0.216797 0.314453 0.0703125 0.09375 0.0773225
1 0.223633 0.292969 0.0371094 0.0351562 0.0907111
1 0.219727 0.307617 0.0332031 0.0332031 0.120793
1 0.371094 0.130859 0.0507812 0.0625 0.173812
1 0.21875 0.304688 0.046875 0.0585938 0.194778
