5 0.623047 0.645508 0.046875 0.0449219 0.0207707
1 0.233398 0.535156 0.0449219 0.0390625 0.0211159
1 0.21582 0.539062 0.0410156 0.0429688 0.0230564
1 0.0126953 0.0683594 0.0253906 0.046875 0.0232823
1 0.196289 0.513672 0.138672 0.09375 0.0256557
1 0.261719 0.539062 0.03125 0.0273438 0.02595
1 0.0185547 0.55957 0.0371094 0.0527344 0.0263477
1 0.213867 0.474609 0.0292969 0.0273438 0.0266308
1 0.289062 0.580078 0.0234375 0.015625 0.0285746
1 0.349609 0.50293 0.03125 0.0332031 0.0289079
1 0.210938 0.49707 0.0273438 0.0253906 0.0289896
3 0.452148 0.43457 0.0839844 0.205078 0.0297655
3 0.880859 0.171875 0.078125 0.339844 0.0301483
1 0.270508 0.505859 0.0214844 0.0195312 0.0307789
1 0.22168 0.526367 0.0410156 0.0371094 0.0315593
1 0.25 0.486328 0.0390625 0.0390625 0.0318039
1 0.0751953 0.566406 0.0410156 0.0429688 0.0325446
1 0.331055 0.493164 0.0332031 0.0253906 0.0331799
1 0.0498047 0.560547 0.0488281 0.0546875 0.0335735
1 0.300781 0.510742 0.0234375 0.0214844 0.0341238
5 0.599609 0.790039 0.0234375 0.0253906 0.0346495
1 0.336914 0.53418 0.0410156 0.0332031 0.0350679
1 0.301758 0.492188 0.0253906 0.0234375 0.0354965
0 0.908203 0.857422 0.183594 0.285156 0.0361779
5 0.858398 0.416992 0.0292969 0.0371094 0.0371087
1 0.277344 0.53125 0.0351562 0.03125 0.0411193
1 0.275391 0.537109 0.0234375 0.0234375 0.0445561
1 0.296875 0.579102 0.015625 0.0136719 0.0497719
1 0.0107422 0.0390625 0.0214844 0.0742188 0.0500002
1 0.321289 0.491211 0.0253906 0.0214844 0.0541724
1 0.329102 0.458984 0.0410156 0.0234375 0.0566691
0 0.234375 0.790039 0.457031 0.400391 0.0618723
1 0.277344 0.474609 0.015625 0.015625 0.0641642
1 0.321289 0.464844 0.0449219 0.0234375 0.0712121
1 0.291016 0.512695 0.0273438 0.0214844 0.0772812
1 0.0205078 0.125977 0.0410156 0.0761719 0.0773073
1 0.321289 0.537109 0.0253906 0.0234375 0.0813551
1 0.320312 0.524414 0.0234375 0.0214844 0.0876562
1 0.319336 0.474609 0.0371094 0.0273438 0.0986618
1 0.255859 0.477539 0.0273438 0.0253906 0.100163
1 0.320312 0.511719 0.0234375 0.0234375 0.105242
1 0.288086 0.489258 0.0214844 0.0214844 0.111114
1 0.161133 0.516602 0.0605469 0.0839844 0.134723
1 0.291992 0.527344 0.0292969 0.03125 0.135394
1 0.355469 0.522461 0.03125 0.0332031 0.149952
1 0.0214844 0.0898438 0.0429688 0.175781 0.170367
1 0.0410156 0.552734 0.0820312 0.078125 0.177175
3 0.791016 0.932617 0.0742188 0.134766 0.345253
1 0.319336 0.44043 0.0566406 0.0371094 0.583284
