1 0.944336 0.293945 0.0253906 0.0214844 0.0214955
1 0.703125 0.601562 0.0976562 0.0546875 0.0268307
1 0.97168 0.53418 0.0566406 0.169922 0.029139
1 0.981445 0.301758 0.0371094 0.0566406 0.0299051
1 0.867188 0.984375 0.046875 0.0273438 0.0353757
1 0.930664 0.299805 0.0332031 0.0253906 0.0355119
1 0.985352 0.53125 0.0292969 0.136719 0.0460997
5 0.59375 0.197266 0.046875 0.046875 0.0465513
1 0.959961 0.299805 0.0761719 0.0527344 0.0507518
5 0.845703 0.249023 0.078125 0.0605469 0.0896631
5 0.311523 0.448242 0.0371094 0.0410156 0.0991246
1 0.542969 0.318359 0.0351562 0.0429688 0.100744
5 0.382812 0.248047 0.0585938 0.0546875 0.10797
1 0.751953 0.602539 0.0625 0.0839844 0.111294
1 0.554688 0.916016 0.09375 0.132812 0.12407
1 0.711914 0.595703 0.142578 0.105469 0.142472
1 0.512695 0.724609 0.0761719 0.0742188 0.195995
5 0.850586 0.180664 0.0917969 0.0957031 0.415061
1 0.554688 0.885742 0.0820312 0.0644531 0.42455
1 0.56543 0.950195 0.0644531 0.0527344 0.457672
1 0.858398 0.932617 0.0683594 0.0957031 0.470563
1 0.513672 0.797852 0.101562 0.0878906 0.481965
1 0.912109 0.759766 0.113281 0.125 0.493144
