1 0.87207 0.463867 0.0761719 0.0761719 0.0220723
1 0.730469 0.614258 0.0390625 0.0292969 0.0229278
1 0.707031 0.888672 0.0507812 0.03125 0.0250017
1 0.716797 0.900391 0.0703125 0.046875 0.0258708
3 0.828125 0.15332 0.34375 0.302734 0.0265399
1 0.699219 0.96875 0.03125 0.0273438 0.0272184
1 0.756836 0.935547 0.0566406 0.0585938 0.0275394
1 0.811523 0.948242 0.0410156 0.0449219 0.0287471
3 0.375 0.942383 0.09375 0.111328 0.0288107
1 0.870117 0.442383 0.0605469 0.0410156 0.0291414
3 0.0908203 0.9375 0.169922 0.121094 0.0342778
1 0.72168 0.533203 0.0371094 0.03125 0.0345045
1 0.717773 0.456055 0.0253906 0.0136719 0.03712
1 0.714844 0.612305 0.0546875 0.0292969 0.0397142
1 0.848633 0.432617 0.0253906 0.0253906 0.0452306
1 0.723633 0.558594 0.0488281 0.046875 0.04769
3 0.457031 0.607422 0.0664062 0.125 0.0481231
3 0.115234 0.930664 0.09375 0.0957031 0.0513504
3 0.268555 0.658203 0.0566406 0.125 0.0523238
1 0.701172 0.581055 0.0585938 0.0449219 0.0531248
3 0.222656 0.933594 0.410156 0.132812 0.0538634
1 0.727539 0.439453 0.0253906 0.03125 0.0604703
1 0.72168 0.485352 0.0410156 0.0332031 0.060732
1 0.716797 0.572266 0.0546875 0.0429688 0.0625447
1 0.769531 0.444336 0.0742188 0.0410156 0.0639458
1 0.724609 0.544922 0.0429688 0.03125 0.074033
1 0.743164 0.44043 0.0253906 0.0292969 0.0856264
3 0.294922 0.374023 0.222656 0.212891 0.093192
1 0.765625 0.441406 0.0390625 0.0351562 0.165334
1 0.714844 0.445312 0.0234375 0.0273438 0.170182
3 0.115234 0.804688 0.0976562 0.0820312 0.192251
1 0.709961 0.586914 0.0722656 0.0761719 0.21715
1 0.806641 0.443359 0.046875 0.0429688 0.225447
1 0.719727 0.505859 0.0253906 0.0195312 0.23876
1 0.731445 0.928711 0.107422 0.0878906 0.289595
1 0.879883 0.438477 0.0332031 0.0332031 0.350456
1 0.726562 0.685547 0.0351562 0.03125 0.350691
3 0.321289 0.945312 0.208984 0.109375 0.424666
1 0.720703 0.480469 0.0234375 0.0234375 0.551154
1 0.881836 0.482422 0.0488281 0.046875 0.595542
