3 0.625977 0.238281 0.0605469 0.0859375 0.0200003
1 0.254883 0.331055 0.0292969 0.0253906 0.020715
1 0.208008 0.427734 0.0722656 0.0546875 0.0210487
1 0.151367 0.427734 0.119141 0.078125 0.0218149
5 0.838867 0.490234 0.0488281 0.046875 0.023083
1 0.24707 0.306641 0.0683594 0.078125 0.0238529
1 0.233398 0.359375 0.0996094 0.191406 0.031395
1 0.241211 0.355469 0.0566406 0.0429688 0.032529
1 0.243164 0.37207 0.0527344 0.0449219 0.0361785
1 0.204102 0.423828 0.0332031 0.0429688 0.0385469
1 0.248047 0.386719 0.0429688 0.0351562 0.0392447
1 0.245117 0.402344 0.0371094 0.03125 0.0477956
1 0.241211 0.425781 0.0332031 0.0351562 0.0625411
1 0.241211 0.418945 0.0449219 0.0566406 0.0628343
3 0.105469 0.0742188 0.210938 0.148438 0.0699876
1 0.1875 0.421875 0.0546875 0.046875 0.0742666
1 0.121094 0.421875 0.0625 0.0703125 0.0912725
1 0.0410156 0.388672 0.0820312 0.121094 0.344657
3 0.352539 0.327148 0.123047 0.275391 0.565907
