1 0.255859 0.527344 0.046875 0.0703125 0.0204051
1 0.245117 0.547852 0.0605469 0.0800781 0.0268422
1 0.283203 0.265625 0.0976562 0.0976562 0.0272401
3 0.829102 0.43457 0.326172 0.119141 0.0274077
3 0.0361328 0.936523 0.0722656 0.126953 0.0304727
1 0.251953 0.367188 0.101562 0.0859375 0.0351385
1 0.25293 0.251953 0.123047 0.128906 0.0355843
1 0.0380859 0.617188 0.0761719 0.0390625 0.0637088
3 0.0849609 0.03125 0.169922 0.0625 0.081076
1 0.256836 0.0859375 0.154297 0.160156 0.114842
1 0.203125 0.535156 0.046875 0.0507812 0.137853
1 0.0791016 0.139648 0.134766 0.146484 0.289746
