1 0.015625 0.928711 0.03125 0.0683594 0.0207001
1 0.989258 0.477539 0.0214844 0.0332031 0.0223697
1 0.647461 0.0654297 0.0292969 0.0292969 0.0230005
5 0.0380859 0.428711 0.0332031 0.0332031 0.0236375
1 0.913086 0.0917969 0.0410156 0.0625 0.0241675
1 0.241211 0.740234 0.177734 0.15625 0.0244583
1 0.0322266 0.65625 0.0644531 0.105469 0.0252096
1 0.905273 0.236328 0.0332031 0.03125 0.0277204
0 0.920898 0.375977 0.158203 0.630859 0.0321478
1 0.915039 0.0791016 0.0292969 0.0292969 0.0336913
1 0.828125 0.186523 0.0234375 0.0292969 0.0388648
3 0.875977 0.183594 0.0527344 0.0507812 0.0522603
1 0.101562 0.930664 0.101562 0.103516 0.0749472
3 0.953125 0.158203 0.09375 0.316406 0.0788481
1 0.916992 0.234375 0.0488281 0.046875 0.0823041
3 0.268555 0.619141 0.0800781 0.0585938 0.119208
1 0.821289 0.0166016 0.0332031 0.0292969 0.123458
3 0.870117 0.436523 0.123047 0.0527344 0.5732
