1 0.151367 0.824219 0.0644531 0.109375 0.0200903
1 0.0195312 0.837891 0.0390625 0.0703125 0.0204539
1 0.508789 0.649414 0.0566406 0.0371094 0.0208243
1 0.144531 0.818359 0.0429688 0.046875 0.0213637
3 0.255859 0.0332031 0.109375 0.0664062 0.0227258
1 0.515625 0.568359 0.0703125 0.0742188 0.023484
0 0.947266 0.232422 0.101562 0.160156 0.023844
1 0.558594 0.755859 0.101562 0.140625 0.0240669
1 0.46582 0.822266 0.0527344 0.0390625 0.0243991
1 0.34375 0.349609 0.0585938 0.0546875 0.0244823
1 0.492188 0.71582 0.0976562 0.115234 0.0247318
1 0.458984 0.805664 0.0742188 0.216797 0.0254073
1 0.989258 0.724609 0.0214844 0.0390625 0.0256554
1 0.47168 0.739258 0.0761719 0.103516 0.0269545
1 0.394531 0.777344 0.0625 0.109375 0.0270383
1 0.358398 0.518555 0.0488281 0.0410156 0.0285441
1 0.00683594 0.208984 0.0136719 0.0273438 0.0291984
1 0.03125 0.775391 0.0625 0.0507812 0.0319881
1 0.331055 0.817383 0.115234 0.169922 0.0330857
1 0.139648 0.802734 0.0527344 0.0585938 0.0365467
1 0.945312 0.598633 0.109375 0.294922 0.0379573
1 0.970703 0.876953 0.0546875 0.0507812 0.0392089
1 0.222656 0.963867 0.109375 0.0722656 0.0404542
1 0.974609 0.955078 0.0195312 0.0195312 0.0420096
1 0.462891 0.861328 0.046875 0.0429688 0.0424514
1 0.210938 0.388672 0.0585938 0.0859375 0.0434109
1 0.21582 0.90625 0.0878906 0.167969 0.0437261
1 0.960938 0.610352 0.078125 0.0683594 0.0443936
1 0.987305 0.692383 0.0253906 0.0996094 0.0449252
1 0.332031 0.451172 0.0820312 0.148438 0.045207
1 0.228516 0.818359 0.0273438 0.0195312 0.0499686
1 0.932617 0.823242 0.115234 0.126953 0.0503761
1 0.0302734 0.816406 0.0605469 0.121094 0.0532247
1 0.207031 0.887695 0.0664062 0.0488281 0.0545369
1 0.321289 0.776367 0.0683594 0.0957031 0.0549485
1 0.556641 0.868164 0.03125 0.0292969 0.0554367
1 0.417969 0.685547 0.046875 0.0429688 0.0581123
1 0.169922 0.787109 0.0351562 0.0390625 0.0613859
1 0.121094 0.75 0.046875 0.0351562 0.064514
1 0.518555 0.632812 0.0605469 0.0429688 0.0657775
1 0.0341797 0.376953 0.0644531 0.0703125 0.0710517
1 0.96582 0.692383 0.0683594 0.103516 0.0753825
1 0.600586 0.80957 0.0332031 0.0332031 0.0777541
1 0.9375 0.515625 0.117188 0.121094 0.080895
1 0.367188 0.431641 0.171875 0.195312 0.0850217
1 0.112305 0.379883 0.0605469 0.0644531 0.0857046
1 0.205078 0.913086 0.0585938 0.0527344 0.0869192
1 0.208008 0.860352 0.0644531 0.0605469 0.0928367
1 0.517578 0.78418 0.179688 0.271484 0.105984
1 0.203125 0.68457 0.0585938 0.0527344 0.111891
1 0.646484 0.623047 0.0625 0.046875 0.124106
1 0.639648 0.572266 0.0683594 0.0625 0.141469
1 0.459961 0.90332 0.0488281 0.0410156 0.156919
1 0.576172 0.725586 0.0585938 0.0722656 0.158818
1 0.208008 0.916016 0.0800781 0.0859375 0.167496
1 0.637695 0.618164 0.0761719 0.173828 0.179104
1 0.513672 0.624023 0.0429688 0.0292969 0.186559
1 0.389648 0.427734 0.154297 0.105469 0.187141
1 0.638672 0.671875 0.046875 0.0507812 0.190121
1 0.198242 0.973633 0.0566406 0.0488281 0.197733
1 0.269531 0.775391 0.0507812 0.0546875 0.228511
1 0.0439453 0.201172 0.0371094 0.03125 0.244806
1 0.459961 0.852539 0.0722656 0.0996094 0.244988
1 0.0703125 0.376953 0.140625 0.078125 0.275221
1 0.236328 0.40625 0.121094 0.132812 0.289042
1 0.354492 0.776367 0.123047 0.107422 0.301306
1 0.501953 0.396484 0.0625 0.046875 0.329624
1 0.529297 0.544922 0.046875 0.0390625 0.359932
1 0.485352 0.473633 0.0683594 0.0566406 0.392009
1 0.0410156 0.851562 0.078125 0.113281 0.417582
1 0.178711 0.166992 0.0722656 0.0449219 0.419166
1 0.318359 0.863281 0.078125 0.0703125 0.467047
1 0.130859 0.788086 0.0976562 0.126953 0.477612
1 0.510742 0.585938 0.0566406 0.0429688 0.481607
1 0.172852 0.740234 0.0488281 0.0429688 0.487345
1 0.509766 0.139648 0.0742188 0.0605469 0.497516
1 0.321289 0.163086 0.0800781 0.0722656 0.536137
1 0.0302734 0.55957 0.0605469 0.130859 0.574868
