1 0.504883 0.139648 0.208984 0.248047 0.0220698
3 0.294922 0.21582 0.0273438 0.0371094 0.0240319
1 0.603516 0.496094 0.03125 0.0390625 0.0298364
1 0.664062 0.0742188 0.046875 0.0429688 0.0468189
1 0.49707 0.279297 0.0410156 0.03125 0.0643204
5 0.237305 0.5 0.0410156 0.0390625 0.0786915
1 0.571289 0.478516 0.0683594 0.0664062 0.137908
3 0.951172 0.839844 0.0976562 0.3125 0.144575
5 0.277344 0.480469 0.0273438 0.0273438 0.148702
3 0.112305 0.886719 0.197266 0.226562 0.205527
3 0.455078 0.799805 0.183594 0.228516 0.466752
3 0.239258 0.400391 0.107422 0.125 0.505662
1 0.55957 0.370117 0.107422 0.0917969 0.541091
3 0.329102 0.358398 0.0957031 0.158203 0.598003
