1 0.428711 0.899414 0.169922 0.146484 0.0219316
1 0.078125 0.761719 0.0742188 0.078125 0.025752
1 0.0185547 0.832031 0.0371094 0.0625 0.0267104
1 0.0107422 0.838867 0.0214844 0.0410156 0.0292138
1 0.164062 0.731445 0.0703125 0.0449219 0.0334859
1 0.279297 0.94043 0.078125 0.107422 0.0375715
1 0.874023 0.612305 0.0527344 0.0449219 0.0639551
1 0.145508 0.732422 0.0371094 0.0273438 0.0757126
1 0.491211 0.716797 0.0605469 0.0625 0.0800116
1 0.525391 0.807617 0.0820312 0.0839844 0.0821017
1 0.641602 0.849609 0.0449219 0.0429688 0.0877784
1 0.450195 0.779297 0.0917969 0.09375 0.0930405
1 0.0996094 0.740234 0.0273438 0.0195312 0.093682
1 0.0175781 0.90332 0.0351562 0.185547 0.115373
1 0.544922 0.931641 0.144531 0.121094 0.172758
1 0.196289 0.723633 0.0410156 0.0332031 0.209919
1 0.439453 0.900391 0.375 0.1875 0.234372
1 0.0644531 0.758789 0.0546875 0.0488281 0.246362
1 0.15332 0.939453 0.0683594 0.0703125 0.50521
