1 0.548828 0.199219 0.128906 0.152344 0.0201223
1 0.722656 0.536133 0.0429688 0.0488281 0.020526
1 0.573242 0.21875 0.0488281 0.0429688 0.0212858
5 0.412109 0.587891 0.113281 0.117188 0.021295
3 0.623047 0.936523 0.0507812 0.0371094 0.0214359
1 0.337891 0.317383 0.0546875 0.0761719 0.0218678
1 0.530273 0.0693359 0.0605469 0.0449219 0.0219798
1 0.40625 0.0615234 0.0429688 0.0371094 0.0222949
3 0.40918 0.665039 0.0566406 0.0996094 0.0226115
1 0.987305 0.433594 0.0253906 0.0585938 0.0242373
1 0.777344 0.0634766 0.0507812 0.0410156 0.0242609
1 0.772461 0.172852 0.0449219 0.0449219 0.0254015
1 0.948242 0.460938 0.0605469 0.0429688 0.0265571
1 0.500977 0.203125 0.0527344 0.0390625 0.0277845
1 0.320312 0.301758 0.0234375 0.0292969 0.0285009
1 0.457031 0.874023 0.0742188 0.158203 0.0290867
1 0.862305 0.436523 0.0332031 0.0292969 0.0293749
3 0.1875 0.0205078 0.375 0.0410156 0.0294567
1 0.304688 0.300781 0.078125 0.0664062 0.030266
1 0.53125 0.0566406 0.0820312 0.0976562 0.0317303
1 0.355469 0.421875 0.0742188 0.0546875 0.0322425
1 0.726562 0.0244141 0.164062 0.0488281 0.0323157
1 0.0869141 0.93457 0.173828 0.126953 0.0355981
1 0.453125 0.969727 0.0351562 0.0332031 0.0371208
1 0.585938 0.212891 0.0351562 0.03125 0.0377853
1 0.135742 0.518555 0.0410156 0.0332031 0.0383087
1 0.0166016 0.536133 0.0332031 0.115234 0.0391858
1 0.492188 0.124023 0.0390625 0.0410156 0.039319
1 0.738281 0.12207 0.0273438 0.0253906 0.0403192
1 0.415039 0.670898 0.0488281 0.0878906 0.0417833
1 0.0439453 0.795898 0.0878906 0.119141 0.043603
1 0.751953 0.0117188 0.0234375 0.0234375 0.0447051
1 0.588867 0.181641 0.0292969 0.0273438 0.0449519
1 0.135742 0.818359 0.166016 0.121094 0.0474692
1 0.53125 0.0917969 0.0546875 0.0429688 0.0481475
1 0.790039 0.234375 0.0566406 0.0546875 0.0491261
1 0.954102 0.496094 0.0761719 0.128906 0.0516448
1 0.451172 0.919922 0.046875 0.0429688 0.0540772
1 0.916016 0.390625 0.0351562 0.0507812 0.0566233
1 0.109375 0.866211 0.21875 0.267578 0.057587
1 0.962891 0.433594 0.0742188 0.0664062 0.063781
3 0.859375 0.00976562 0.0976562 0.0195312 0.0654919
1 0.53418 0.256836 0.103516 0.0917969 0.0684371
1 0.681641 0.0175781 0.078125 0.0351562 0.0702983
1 0.53125 0.924805 0.0976562 0.103516 0.070734
1 0.561523 0.745117 0.166016 0.173828 0.0721172
1 0.518555 0.110352 0.0917969 0.0605469 0.0789914
1 0.362305 0.367188 0.103516 0.1875 0.0800603
1 0.0449219 0.522461 0.0898438 0.0996094 0.0820303
1 0.831055 0.330078 0.0683594 0.0742188 0.0855765
1 0.701172 0.53418 0.09375 0.0683594 0.0864054
1 0.0380859 0.677734 0.0449219 0.046875 0.100686
1 0.954102 0.515625 0.0566406 0.0742188 0.114834
1 0.786133 0.260742 0.0722656 0.111328 0.124493
1 0.539062 0.162109 0.113281 0.078125 0.12617
1 0.767578 0.165039 0.0898438 0.0761719 0.133189
1 0.455078 0.860352 0.0664062 0.0800781 0.139372
1 0.366211 0.40918 0.0917969 0.0917969 0.140819
1 0.777344 0.0292969 0.0546875 0.0546875 0.14261
1 0.52832 0.0419922 0.0644531 0.0566406 0.144415
1 0.363281 0.324219 0.078125 0.0664062 0.15445
1 0.135742 0.142578 0.126953 0.167969 0.202726
3 0.543945 0.160156 0.111328 0.0820312 0.227384
1 0.199219 0.297852 0.0742188 0.0644531 0.265557
1 0.458008 0.0585938 0.0488281 0.0507812 0.265677
1 0.318359 0.0810547 0.0546875 0.0683594 0.268019
1 0.779297 0.0820312 0.0625 0.046875 0.278641
1 0.287109 0.293945 0.0507812 0.0488281 0.285275
1 0.649414 0.37793 0.228516 0.220703 0.319442
1 0.387695 0.0751953 0.0644531 0.0761719 0.359487
3 0.712891 0.888672 0.152344 0.0976562 0.406216
1 0.729492 0.665039 0.0761719 0.0917969 0.414777
1 0.248047 0.107422 0.0898438 0.121094 0.600378
