1 0.243164 0.725586 0.0253906 0.0292969 0.0213843
1 0.491211 0.675781 0.0410156 0.0546875 0.022754
1 0.456055 0.576172 0.0332031 0.03125 0.0237784
1 0.458008 0.580078 0.0566406 0.203125 0.0248086
1 0.238281 0.68457 0.03125 0.0292969 0.025216
1 0.493164 0.699219 0.0410156 0.0390625 0.0255978
3 0.569336 0.0361328 0.498047 0.0722656 0.0272629
1 0.436523 0.510742 0.0292969 0.0332031 0.0288353
1 0.666992 0.533203 0.0957031 0.101562 0.02894
3 0.111328 0.674805 0.222656 0.376953 0.0289598
1 0.432617 0.412109 0.0488281 0.109375 0.0297549
1 0.645508 0.518555 0.0488281 0.0605469 0.0312426
1 0.467773 0.633789 0.0332031 0.0292969 0.0344898
1 0.491211 0.714844 0.0292969 0.0351562 0.0370089
1 0.694336 0.325195 0.0410156 0.0527344 0.0398688
1 0.664062 0.439453 0.0351562 0.03125 0.0428197
1 0.632812 0.526367 0.0976562 0.0839844 0.0429552
1 0.490234 0.678711 0.0273438 0.0292969 0.0430224
1 0.492188 0.727539 0.03125 0.0292969 0.0492341
1 0.448242 0.540039 0.0371094 0.0488281 0.0510197
1 0.574219 0.541016 0.0546875 0.0703125 0.0537536
1 0.605469 0.369141 0.046875 0.0390625 0.0539317
1 0.689453 0.0742188 0.0195312 0.0195312 0.0543616
1 0.482422 0.647461 0.0429688 0.0410156 0.0684902
3 0.889648 0.728516 0.220703 0.0507812 0.069479
3 0.618164 0.816406 0.443359 0.144531 0.0698051
1 0.488281 0.6875 0.0625 0.128906 0.074557
1 0.632812 0.0839844 0.0273438 0.015625 0.0766461
1 0.492188 0.665039 0.0273438 0.0292969 0.0783949
1 0.447266 0.525391 0.0507812 0.113281 0.0830001
1 0.489258 0.695312 0.0253906 0.0234375 0.0832653
1 0.652344 0.393555 0.0664062 0.0722656 0.0976503
1 0.798828 0.324219 0.144531 0.0976562 0.103426
1 0.441406 0.375977 0.0390625 0.0371094 0.104561
1 0.431641 0.448242 0.0390625 0.0371094 0.115648
1 0.583008 0.299805 0.123047 0.0996094 0.148807
1 0.630859 0.540039 0.167969 0.130859 0.225062
