1 0.515625 0.983398 0.210938 0.0332031 0.0203381
1 0.376953 0.571289 0.0664062 0.0683594 0.0204356
1 0.374023 0.631836 0.169922 0.279297 0.0217115
1 0.418945 0.893555 0.0566406 0.0605469 0.0227871
1 0.413086 0.882812 0.0292969 0.0273438 0.0240204
1 0.345703 0.667969 0.03125 0.03125 0.0250419
1 0.323242 0.701172 0.0917969 0.125 0.0264757
1 0.414062 0.833008 0.0585938 0.0449219 0.0280956
1 0.0615234 0.586914 0.0722656 0.0957031 0.0295516
1 0.570312 0.862305 0.0390625 0.0410156 0.0316146
1 0.462891 0.946289 0.0664062 0.0566406 0.0386621
1 0.360352 0.725586 0.0488281 0.0527344 0.0387478
1 0.658203 0.984375 0.175781 0.03125 0.0401727
1 0.494141 0.964844 0.132812 0.0703125 0.042043
1 0.333008 0.660156 0.0410156 0.0351562 0.047504
1 0.603516 0.983398 0.0664062 0.0332031 0.0509855
1 0.388672 0.663086 0.0429688 0.0410156 0.0566096
1 0.283203 0.665039 0.0898438 0.138672 0.061109
1 0.379883 0.561523 0.103516 0.119141 0.0613552
1 0.337891 0.725586 0.0820312 0.0761719 0.0685794
1 0.666016 0.967773 0.191406 0.0644531 0.0776634
1 0.422852 0.726562 0.0449219 0.0507812 0.085768
1 0.488281 0.683594 0.0546875 0.0585938 0.0866998
1 0.483398 0.764648 0.0566406 0.0527344 0.0925808
1 0.146484 0.984375 0.0390625 0.03125 0.115258
1 0.482422 0.939453 0.101562 0.0820312 0.122757
1 0.519531 0.987305 0.0742188 0.0253906 0.146373
1 0.416992 0.869141 0.0722656 0.113281 0.14825
1 0.5 0.930664 0.0625 0.0566406 0.158447
1 0.280273 0.634766 0.0722656 0.0742188 0.250748
3 0.191406 0.110352 0.375 0.216797 0.384348
