3 0.870117 0.402344 0.0839844 0.0703125 0.0208878
1 0.0322266 0.259766 0.0644531 0.0585938 0.0223233
3 0.0576172 0.139648 0.111328 0.275391 0.023059
1 0.0390625 0.166016 0.0585938 0.0585938 0.0244434
1 0.256836 0.539062 0.0917969 0.0859375 0.0251692
3 0.452148 0.886719 0.123047 0.078125 0.02543
0 0.0400391 0.461914 0.0800781 0.310547 0.0263222
1 0.0517578 0.234375 0.0566406 0.0625 0.0378131
1 0.224609 0.446289 0.09375 0.0761719 0.0390835
5 0.838867 0.229492 0.0644531 0.0527344 0.0414657
1 0.0332031 0.130859 0.0585938 0.125 0.0447032
1 0.257812 0.473633 0.171875 0.298828 0.0526995
1 0.0419922 0.183594 0.0839844 0.238281 0.0794732
1 0.25 0.535156 0.125 0.179688 0.0941275
1 0.163086 0.821289 0.322266 0.341797 0.128914
1 0.291016 0.370117 0.101562 0.0878906 0.163866
1 0.0458984 0.245117 0.0917969 0.107422 0.239779
