1 0.119141 0.126953 0.234375 0.246094 0.0216081
1 0.0410156 0.0332031 0.078125 0.0625 0.0250603
1 0.926758 0.385742 0.0253906 0.0214844 0.0363611
1 0.907227 0.368164 0.0488281 0.0605469 0.0422837
1 0.882812 0.288086 0.03125 0.0332031 0.0448001
3 0.671875 0.419922 0.0429688 0.0390625 0.0451001
1 0.912109 0.379883 0.0234375 0.0253906 0.0565812
1 0.897461 0.336914 0.0449219 0.0488281 0.0590359
1 0.897461 0.380859 0.0371094 0.0273438 0.0652152
1 0.893555 0.31543 0.0527344 0.0683594 0.0776741
1 0.884766 0.301758 0.0273438 0.0175781 0.0834946
1 0.902344 0.323242 0.03125 0.0292969 0.0861655
1 0.892578 0.330078 0.0625 0.148438 0.107308
1 0.883789 0.324219 0.0253906 0.0234375 0.107328
1 0.889648 0.352539 0.0371094 0.0332031 0.110752
1 0.883789 0.273438 0.0292969 0.03125 0.129691
3 0.683594 0.350586 0.113281 0.126953 0.198218
