1 0.367188 0.336914 0.628906 0.537109 0.0225869
1 0.526367 0.614258 0.0214844 0.0214844 0.0262475
3 0.926758 0.219727 0.146484 0.439453 0.0262985
1 0.632812 0.733398 0.03125 0.0214844 0.0269785
1 0.246094 0.980469 0.144531 0.0390625 0.0279734
3 0.393555 0.0888672 0.451172 0.177734 0.0353601
1 0.50293 0.620117 0.0253906 0.0253906 0.041293
3 0.955078 0.0771484 0.0898438 0.154297 0.0565797
0 0.503906 0.832031 0.96875 0.316406 0.0695005
3 0.87793 0.192383 0.236328 0.275391 0.0833578
3 0.876953 0.0751953 0.242188 0.150391 0.493515
