1 0.852539 0.171875 0.0332031 0.0351562 0.0216158
3 0.755859 0.924805 0.316406 0.150391 0.0225061
1 0.709961 0.21875 0.0605469 0.0546875 0.0247389
1 0.836914 0.150391 0.0566406 0.078125 0.0247767
1 0.927734 0.314453 0.0585938 0.046875 0.025143
1 0.961914 0.326172 0.0488281 0.046875 0.0294169
3 0.270508 0.314453 0.0371094 0.0742188 0.0318568
1 0.769531 0.155273 0.167969 0.107422 0.0329357
1 0.686523 0.195312 0.0527344 0.046875 0.0337684
1 0.707031 0.188477 0.0546875 0.0488281 0.0349639
1 0.725586 0.226562 0.0253906 0.0273438 0.0351767
1 0.667969 0.193359 0.0351562 0.0351562 0.0398581
1 0.650391 0.869141 0.0234375 0.0234375 0.0409792
1 0.726562 0.179688 0.0507812 0.046875 0.0517192
1 0.78418 0.12793 0.138672 0.0566406 0.0635756
1 0.701172 0.181641 0.0351562 0.03125 0.0699456
1 0.783203 0.182617 0.0664062 0.0449219 0.079469
1 0.699219 0.234375 0.0625 0.0507812 0.091865
1 0.942383 0.317383 0.0878906 0.0722656 0.0938526
1 0.638672 0.836914 0.0273438 0.0253906 0.103073
1 0.820312 0.133789 0.0664062 0.0566406 0.118801
1 0.692383 0.219727 0.0917969 0.0957031 0.131199
1 0.738281 0.177734 0.0273438 0.0351562 0.137938
1 0.759766 0.128906 0.0429688 0.0390625 0.144114
1 0.801758 0.178711 0.0371094 0.0332031 0.17603
1 0.767578 0.18457 0.0273438 0.0332031 0.313768
3 0.753906 0.967773 0.320312 0.0644531 0.415847
1 0.708984 0.139648 0.046875 0.0449219 0.444233
