5 0.289062 0.800781 0.03125 0.03125 0.0209256
1 0.0908203 0.0507812 0.0292969 0.0234375 0.0210256
1 0.279297 0.258789 0.0390625 0.0410156 0.0215963
1 0.151367 0.276367 0.0292969 0.0214844 0.0217816
1 0.665039 0.549805 0.0449219 0.0683594 0.0224485
2 0.303711 0.0478516 0.134766 0.0957031 0.0225839
1 0.301758 0.256836 0.0371094 0.0410156 0.0228958
1 0.880859 0.523438 0.03125 0.0351562 0.0236669
1 0.446289 0.217773 0.0332031 0.0332031 0.0241973
1 0.0761719 0.0107422 0.03125 0.0175781 0.0249268
1 0.369141 0.254883 0.09375 0.0800781 0.0265853
1 0.139648 0.25 0.0292969 0.0273438 0.0266567
1 0.767578 0.289062 0.0351562 0.0429688 0.0274613
1 0.626953 0.571289 0.0976562 0.115234 0.0286133
1 0.953125 0.526367 0.0859375 0.0566406 0.0337341
1 0.0654297 0.0205078 0.0214844 0.0175781 0.0353007
2 0.298828 0.0214844 0.0390625 0.0390625 0.0362519
1 0.243164 0.244141 0.0839844 0.0742188 0.0370274
1 0.645508 0.675781 0.0722656 0.0664062 0.0372971
1 0.3125 0.131836 0.0742188 0.0683594 0.0386476
1 0.390625 0.196289 0.214844 0.287109 0.0396826
1 0.743164 0.519531 0.0292969 0.0390625 0.0408128
1 0.154297 0.250977 0.0234375 0.0214844 0.0412315
1 0.796875 0.436523 0.046875 0.0292969 0.0441734
1 0.397461 0.250977 0.138672 0.130859 0.0453273
1 0.334961 0.591797 0.0371094 0.0351562 0.0456796
1 0.647461 0.421875 0.0292969 0.0273438 0.0458328
1 0.661133 0.425781 0.0410156 0.0351562 0.0476132
1 0.612305 0.426758 0.0214844 0.0253906 0.0476906
1 0.853516 0.516602 0.0273438 0.0253906 0.0485935
1 0.0820312 0.00683594 0.0273438 0.0136719 0.0559404
1 0.651367 0.435547 0.0371094 0.046875 0.0598903
1 0.631836 0.449219 0.0488281 0.0429688 0.0627804
1 0.109375 0.0712891 0.0234375 0.0214844 0.0673159
1 0.646484 0.53418 0.0507812 0.0488281 0.0674999
1 0.876953 0.512695 0.0273438 0.0253906 0.0676672
1 0.682617 0.525391 0.123047 0.101562 0.0691955
1 0.349609 0.246094 0.0507812 0.0507812 0.0771051
1 0.675781 0.429688 0.140625 0.0703125 0.0828059
1 0.645508 0.441406 0.0683594 0.0664062 0.0999604
1 0.783203 0.288086 0.0585938 0.0566406 0.120523
1 0.717773 0.421875 0.0566406 0.046875 0.158629
1 0.819336 0.275391 0.130859 0.0820312 0.16041
1 0.620117 0.59668 0.0761719 0.0644531 0.17248
1 0.851562 0.275391 0.0625 0.0742188 0.178029
1 0.97168 0.535156 0.0371094 0.0390625 0.179553
3 0.537109 0.973633 0.0703125 0.0488281 0.197599
1 0.837891 0.515625 0.0351562 0.0273438 0.214661
1 0.651367 0.669922 0.0488281 0.0390625 0.271154
1 0.0859375 0.0439453 0.0273438 0.0214844 0.278511
1 0.935547 0.520508 0.046875 0.0410156 0.280935
1 0.712891 0.517578 0.0703125 0.0859375 0.299748
1 0.785156 0.520508 0.046875 0.0410156 0.314105
1 0.960938 0.981445 0.0742188 0.0371094 0.322734
1 0.942383 0.430664 0.0566406 0.0488281 0.642378
