1 0.361328 0.0458984 0.125 0.0917969 0.0204025
2 0.237305 0.897461 0.0644531 0.0722656 0.0284057
1 0.459961 0.158203 0.107422 0.117188 0.0288683
3 0.0556641 0.900391 0.111328 0.136719 0.0322327
1 0.239258 0.896484 0.0644531 0.0703125 0.0424711
0 0.258789 0.211914 0.505859 0.419922 0.0676475
1 0.422852 0.0507812 0.259766 0.101562 0.107174
3 0.0732422 0.904297 0.0722656 0.078125 0.136415
0 0.560547 0.24707 0.855469 0.482422 0.14027
1 0.637695 0.0820312 0.134766 0.15625 0.144973
3 0.152344 0.480469 0.300781 0.0625 0.279748
