1 0.510742 0.18457 0.0800781 0.0566406 0.0205627
1 0.850586 0.404297 0.0488281 0.0429688 0.0214381
3 0.183594 0.419922 0.210938 0.226562 0.0218308
3 0.0712891 0.811523 0.142578 0.0761719 0.0231232
1 0.6875 0.188477 0.0703125 0.0878906 0.025106
0 0.777344 0.893555 0.445312 0.212891 0.0251285
3 0.639648 0.78125 0.134766 0.0585938 0.027547
1 0.696289 0.425781 0.0527344 0.0429688 0.0276381
1 0.728516 0.462891 0.0820312 0.0507812 0.0296391
1 0.988281 0.327148 0.0234375 0.0488281 0.04293
1 0.980469 0.333008 0.0351562 0.0292969 0.0440472
0 0.612305 0.927734 0.408203 0.144531 0.0487137
1 0.797852 0.573242 0.0527344 0.0371094 0.0538308
1 0.855469 0.401367 0.0273438 0.0214844 0.0729489
1 0.614258 0.634766 0.0332031 0.03125 0.0881765
1 0.691406 0.521484 0.0898438 0.046875 0.0915734
1 0.989258 0.302734 0.0214844 0.0507812 0.113397
1 0.983398 0.303711 0.0332031 0.103516 0.113578
3 0.18457 0.0478516 0.126953 0.0917969 0.113771
1 0.713867 0.515625 0.0332031 0.0273438 0.125679
1 0.984375 0.269531 0.0273438 0.0351562 0.142246
3 0.174805 0.441406 0.341797 0.328125 0.161859
1 0.675781 0.527344 0.046875 0.0429688 0.197993
1 0.802734 0.40332 0.078125 0.0449219 0.238896
3 0.0537109 0.923828 0.107422 0.148438 0.248576
3 0.128906 0.856445 0.253906 0.279297 0.264352
1 0.478516 0.125977 0.0507812 0.0527344 0.282759
3 0.0361328 0.426758 0.0722656 0.341797 0.29644
1 0.74707 0.462891 0.0449219 0.0429688 0.377047
1 0.454102 0.0400391 0.0644531 0.0683594 0.447195
1 0.71582 0.0185547 0.0644531 0.0371094 0.49804
1 0.69043 0.445312 0.0644531 0.0898438 0.519719
1 0.71582 0.176758 0.130859 0.119141 0.57311
3 0.216797 0.304688 0.285156 0.425781 0.775711
