1 0.555664 0.701172 0.0253906 0.0273438 0.0202644
1 0.829102 0.555664 0.0332031 0.0292969 0.0229096
1 0.744141 0.581055 0.0234375 0.0136719 0.0248373
1 0.848633 0.652344 0.0332031 0.0273438 0.0262677
3 0.598633 0.355469 0.162109 0.0898438 0.0276228
1 0.578125 0.705078 0.0429688 0.03125 0.0277198
1 0.767578 0.563477 0.0898438 0.0488281 0.0314438
1 0.857422 0.566406 0.0703125 0.078125 0.0333936
1 0.413086 0.0234375 0.0410156 0.0429688 0.0343912
1 0.716797 0.544922 0.0195312 0.0234375 0.0396251
1 0.862305 0.635742 0.0527344 0.0371094 0.0400893
1 0.847656 0.569336 0.03125 0.0292969 0.0419314
1 0.852539 0.628906 0.0292969 0.0234375 0.0427537
1 0.844727 0.545898 0.0410156 0.0371094 0.0591625
1 0.848633 0.558594 0.0292969 0.0234375 0.0611836
1 0.744141 0.607422 0.0234375 0.0234375 0.067651
1 0.841797 0.587891 0.046875 0.0390625 0.0740773
1 0.587891 0.697266 0.0429688 0.0351562 0.0836887
1 0.851562 0.589844 0.0273438 0.0273438 0.0868909
1 0.889648 0.577148 0.0371094 0.0410156 0.0876065
1 0.695312 0.547852 0.0195312 0.0214844 0.0937785
1 0.729492 0.552734 0.0253906 0.0273438 0.0981419
1 0.885742 0.583984 0.0253906 0.0234375 0.118235
1 0.578125 0.6875 0.0664062 0.0625 0.122751
1 0.746094 0.557617 0.0351562 0.0253906 0.12552
1 0.989258 0.551758 0.0214844 0.0566406 0.130131
1 0.856445 0.688477 0.0488281 0.0332031 0.130825
1 0.791016 0.56543 0.0390625 0.0410156 0.244476
1 0.665039 0.564453 0.0410156 0.0351562 0.301722
5 0.485352 0.119141 0.0722656 0.0625 0.30684
