1 0.797852 0.677734 0.0644531 0.0546875 0.0200185
5 0.139648 0.43457 0.0527344 0.0527344 0.0202251
1 0.549805 0.733398 0.0722656 0.0800781 0.021155
1 0.572266 0.754883 0.0429688 0.0292969 0.0213236
5 0.546875 0.5 0.078125 0.0585938 0.022706
5 0.0966797 0.49707 0.0488281 0.0488281 0.0283135
1 0.707031 0.621094 0.0351562 0.03125 0.0288085
5 0.222656 0.598633 0.0507812 0.0410156 0.0307354
1 0.545898 0.736328 0.0449219 0.03125 0.0311352
3 0.969727 0.0849609 0.0605469 0.169922 0.032992
0 0.104492 0.181641 0.208984 0.359375 0.0348396
1 0.770508 0.504883 0.0527344 0.0371094 0.0367151
0 0.764648 0.333984 0.447266 0.667969 0.0446484
1 0.755859 0.788086 0.0742188 0.0410156 0.0458908
1 0.614258 0.629883 0.0253906 0.0292969 0.0526575
5 0.601562 0.533203 0.0703125 0.0546875 0.0707422
1 0.601562 0.532227 0.0664062 0.0527344 0.0818745
0 0.132812 0.380859 0.265625 0.761719 0.0856102
0 0.59082 0.267578 0.431641 0.535156 0.111023
1 0.685547 0.467773 0.0585938 0.0527344 0.160049
1 0.660156 0.509766 0.0390625 0.03125 0.170964
1 0.65625 0.650391 0.0390625 0.0351562 0.177455
5 0.171875 0.490234 0.0546875 0.0429688 0.18113
1 0.787109 0.790039 0.0429688 0.0332031 0.18455
1 0.645508 0.606445 0.0410156 0.0292969 0.197631
1 0.545898 0.499023 0.0722656 0.0527344 0.21134
1 0.783203 0.6875 0.046875 0.0351562 0.2115
1 0.552734 0.749023 0.0507812 0.0410156 0.22379
1 0.742188 0.791016 0.0351562 0.03125 0.223855
1 0.555664 0.793945 0.0371094 0.0292969 0.224343
1 0.662109 0.714844 0.046875 0.0429688 0.238403
1 0.540039 0.696289 0.0566406 0.0488281 0.255492
1 0.748047 0.455078 0.0507812 0.046875 0.262093
0 0.427734 0.476562 0.824219 0.953125 0.263309
1 0.75 0.504883 0.0625 0.0371094 0.281767
1 0.717773 0.701172 0.0332031 0.0273438 0.310986
5 0.537109 0.59082 0.0742188 0.0566406 0.329231
1 0.785156 0.739258 0.03125 0.0332031 0.359081
1 0.754883 0.573242 0.0449219 0.0371094 0.37071
1 0.649414 0.560547 0.0449219 0.0429688 0.421645
1 0.602539 0.717773 0.0449219 0.0371094 0.453986
1 0.668945 0.807617 0.0527344 0.0449219 0.491122
1 0.769531 0.62793 0.046875 0.0449219 0.565756
1 0.569336 0.636719 0.0644531 0.046875 0.578873
3 0.575195 0.0576172 0.142578 0.111328 0.727971
