1 0.0693359 0.510742 0.0761719 0.0800781 0.0200575
1 0.267578 0.580078 0.464844 0.480469 0.0202529
1 0.480469 0.414062 0.132812 0.117188 0.0205512
1 0.745117 0.524414 0.0253906 0.0253906 0.021415
1 0.173828 0.750977 0.09375 0.0878906 0.0214933
1 0.93457 0.0234375 0.126953 0.046875 0.0248544
1 0.0136719 0.0712891 0.0273438 0.0917969 0.025124
1 0.194336 0.462891 0.0605469 0.0664062 0.0256049
4 0.779297 0.749023 0.0625 0.0917969 0.0261702
1 0.602539 0.602539 0.119141 0.162109 0.027239
1 0.0195312 0.326172 0.0390625 0.152344 0.0282609
1 0.756836 0.553711 0.0292969 0.0253906 0.0299081
1 0.833984 0.40332 0.0273438 0.0214844 0.029992
1 0.705078 0.886719 0.195312 0.214844 0.0328151
1 0.344727 0.652344 0.130859 0.238281 0.0360694
1 0.241211 0.457031 0.146484 0.09375 0.0364426
1 0.632812 0.583008 0.0429688 0.0410156 0.0377503
3 0.426758 0.574219 0.0878906 0.078125 0.039202
1 0.762695 0.619141 0.0332031 0.0273438 0.039441
1 0.265625 0.980469 0.0546875 0.0390625 0.0412079
3 0.643555 0.935547 0.166016 0.128906 0.0424848
1 0.649414 0.732422 0.130859 0.0976562 0.0427042
1 0.608398 0.496094 0.0527344 0.046875 0.0472233
1 0.422852 0.0634766 0.142578 0.123047 0.0508821
1 0.170898 0.682617 0.0527344 0.0488281 0.0539071
1 0.429688 0.647461 0.0742188 0.0839844 0.0595614
1 0.335938 0.608398 0.09375 0.142578 0.0657908
1 0.401367 0.0947266 0.0722656 0.0644531 0.0732952
1 0.615234 0.550781 0.0703125 0.0625 0.0779023
1 0.251953 0.671875 0.34375 0.277344 0.0868026
1 0.0195312 0.0742188 0.0390625 0.144531 0.0984569
1 0.274414 0.452148 0.0722656 0.0878906 0.10366
3 0.967773 0.895508 0.0644531 0.0996094 0.110874
1 0.839844 0.524414 0.0507812 0.0957031 0.140147
1 0.605469 0.642578 0.0976562 0.078125 0.169894
1 0.78418 0.658203 0.0527344 0.0507812 0.173661
1 0.341797 0.430664 0.417969 0.162109 0.175299
1 0.762695 0.583984 0.0332031 0.03125 0.197181
1 0.500977 0.947266 0.0722656 0.0976562 0.245588
1 0.703125 0.0273438 0.0625 0.0546875 0.255372
1 0.722656 0.480469 0.0585938 0.0664062 0.264832
1 0.170898 0.467773 0.0878906 0.0878906 0.269532
1 0.0947266 0.588867 0.115234 0.126953 0.317147
0 0.455078 0.758789 0.746094 0.474609 0.399991
1 0.758789 0.402344 0.0449219 0.0507812 0.443938
1 0.219727 0.59668 0.103516 0.103516 0.544412
