1 0.198242 0.161133 0.0488281 0.0410156 0.0200625
1 0.185547 0.610352 0.046875 0.0605469 0.0203689
1 0.166016 0.160156 0.113281 0.0546875 0.0203806
3 0.97168 0.878906 0.0566406 0.0429688 0.0205348
1 0.982422 0.839844 0.03125 0.046875 0.0207362
1 0.116211 0.501953 0.0605469 0.046875 0.0207996
1 0.181641 0.944336 0.046875 0.0332031 0.020843
1 0.200195 0.235352 0.0292969 0.0292969 0.0232854
1 0.391602 0.850586 0.0332031 0.0449219 0.0243477
3 0.951172 0.856445 0.0976562 0.0878906 0.0244496
1 0.254883 0.130859 0.0449219 0.046875 0.0247468
1 0.400391 0.900391 0.0390625 0.046875 0.0248592
1 0.0400391 0.554688 0.0566406 0.046875 0.0248976
1 0.015625 0.419922 0.03125 0.0859375 0.0253731
1 0.0078125 0.367188 0.015625 0.0351562 0.025523
1 0.158203 0.524414 0.0429688 0.0332031 0.0266493
1 0.0878906 0.136719 0.03125 0.0273438 0.0275671
1 0.211914 0.955078 0.0996094 0.0898438 0.0288834
0 0.764648 0.947266 0.470703 0.105469 0.0290159
1 0.223633 0.921875 0.0332031 0.0429688 0.0293409
1 0.173828 0.265625 0.0390625 0.0234375 0.0293868
1 0.111328 0.170898 0.0507812 0.0410156 0.0304335
1 0.166016 0.107422 0.0820312 0.0507812 0.0307594
1 0.00976562 0.352539 0.0195312 0.0605469 0.0308467
3 0.649414 0.272461 0.224609 0.544922 0.0312832
1 0.146484 0.500977 0.0429688 0.0332031 0.0320044
1 0.0996094 0.168945 0.0273438 0.0292969 0.0324617
1 0.102539 0.490234 0.0527344 0.0429688 0.0344255
1 0.222656 0.897461 0.0585938 0.0996094 0.0344982
1 0.139648 0.479492 0.0488281 0.0527344 0.0361811
1 0.135742 0.104492 0.0878906 0.0605469 0.0390133
1 0.243164 0.976562 0.0566406 0.046875 0.0418115
1 0.985352 0.331055 0.0292969 0.0566406 0.0423344
1 0.166992 0.544922 0.0410156 0.046875 0.0464976
1 0.137695 0.459961 0.0371094 0.0566406 0.0469628
1 0.144531 0.603516 0.03125 0.0351562 0.0474952
1 0.114258 0.396484 0.0292969 0.0273438 0.051373
1 0.193359 0.96582 0.0351562 0.0253906 0.0564367
1 0.197266 0.90625 0.09375 0.105469 0.0606295
1 0.151367 0.625 0.0449219 0.0664062 0.0626812
1 0.162109 0.880859 0.03125 0.0234375 0.0776567
1 0.0478516 0.555664 0.0332031 0.0292969 0.0881955
1 0.210938 0.895508 0.0429688 0.0644531 0.0896799
1 0.0625 0.475586 0.0234375 0.0214844 0.0945597
1 0.144531 0.129883 0.148438 0.119141 0.10046
1 0.196289 0.111328 0.0566406 0.0507812 0.107432
1 0.0322266 0.326172 0.0644531 0.0898438 0.112211
1 0.160156 0.641602 0.0546875 0.0410156 0.119749
1 0.209961 0.879883 0.0332031 0.0292969 0.127854
1 0.166016 0.560547 0.0273438 0.0234375 0.129529
1 0.118164 0.516602 0.0253906 0.0175781 0.134075
1 0.202148 0.991211 0.0449219 0.0136719 0.142828
1 0.0195312 0.322266 0.0390625 0.160156 0.15735
1 0.165039 0.616211 0.0683594 0.0957031 0.163028
1 0.249023 0.993164 0.0371094 0.0136719 0.174434
1 0.0078125 0.411133 0.015625 0.0332031 0.182096
1 0.186523 0.59668 0.0292969 0.0253906 0.192076
1 0.126953 0.541992 0.0234375 0.0214844 0.192996
1 0.228516 0.932617 0.0273438 0.0253906 0.19508
1 0.183594 0.167969 0.0585938 0.0351562 0.21178
1 0.0205078 0.274414 0.0410156 0.0605469 0.230882
1 0.167969 0.844727 0.0703125 0.0410156 0.23578
1 0.163086 0.53125 0.0253906 0.0234375 0.239327
1 0.0859375 0.558594 0.03125 0.0273438 0.250194
1 0.0449219 0.336914 0.0351562 0.0410156 0.262232
1 0.0341797 0.451172 0.0566406 0.0390625 0.285018
1 0.148438 0.50293 0.0273438 0.0214844 0.294095
1 0.391602 0.922852 0.0800781 0.0957031 0.314416
1 0.100586 0.489258 0.0332031 0.0292969 0.333063
1 0.239258 0.967773 0.0332031 0.0292969 0.333911
1 0.176758 0.916992 0.0488281 0.0410156 0.343198
1 0.251953 0.171875 0.0585938 0.132812 0.343264
1 0.115234 0.243164 0.0859375 0.0761719 0.356569
1 0.154297 0.77832 0.0898438 0.0722656 0.390314
1 0.138672 0.473633 0.0273438 0.0214844 0.400796
1 0.0917969 0.449219 0.0273438 0.0234375 0.41444
1 0.248047 0.209961 0.0507812 0.0566406 0.415692
1 0.136719 0.444336 0.03125 0.0292969 0.431319
1 0.0654297 0.633789 0.0566406 0.0488281 0.467204
1 0.0273438 0.158203 0.0546875 0.0546875 0.473448
1 0.0859375 0.393555 0.0859375 0.0449219 0.535395
