1 0.126953 0.911133 0.0429688 0.0488281 0.0201741
1 0.577148 0.505859 0.0292969 0.0234375 0.0206964
1 0.811523 0.0205078 0.353516 0.0410156 0.0233957
1 0.125 0.90918 0.101562 0.0605469 0.0268769
1 0.550781 0.400391 0.0351562 0.03125 0.0271423
1 0.586914 0.507812 0.0253906 0.0234375 0.0277089
1 0.605469 0.510742 0.0351562 0.0292969 0.0301437
1 0.146484 0.918945 0.0507812 0.0371094 0.0354824
3 0.754883 0.0214844 0.447266 0.0429688 0.035807
1 0.582031 0.489258 0.0351562 0.0332031 0.0411531
1 0.586914 0.538086 0.0214844 0.0214844 0.0592252
1 0.299805 0.925781 0.0839844 0.0390625 0.0614442
1 0.485352 0.115234 0.0449219 0.0429688 0.0638273
1 0.125 0.898438 0.0273438 0.0234375 0.0651415
1 0.538086 0.327148 0.0371094 0.0332031 0.0666469
1 0.495117 0.277344 0.0332031 0.03125 0.0667335
1 0.573242 0.483398 0.0292969 0.0253906 0.0744097
1 0.0888672 0.90918 0.0332031 0.0371094 0.0856863
1 0.566406 0.442383 0.0429688 0.0410156 0.12173
1 0.491211 0.194336 0.0488281 0.0449219 0.203318
1 0.516602 0.267578 0.0449219 0.0390625 0.218712
