1 0.442383 0.957031 0.0410156 0.0351562 0.0233021
3 0.619141 0.598633 0.0820312 0.0800781 0.0236813
3 0.15625 0.725586 0.0742188 0.162109 0.0341995
1 0.412109 0.891602 0.0546875 0.173828 0.0358389
1 0.410156 0.845703 0.0507812 0.0664062 0.0374291
1 0.416016 0.875977 0.0351562 0.0332031 0.0382935
5 0.553711 0.103516 0.0253906 0.0273438 0.0421052
3 0.826172 0.142578 0.328125 0.164062 0.0447784
5 0.623047 0.597656 0.0898438 0.078125 0.0463531
1 0.869141 0.30957 0.257812 0.185547 0.0481351
1 0.412109 0.848633 0.0273438 0.0214844 0.0515852
1 0.407227 0.835938 0.0332031 0.0429688 0.0751934
3 0.266602 0.358398 0.142578 0.251953 0.154171
1 0.43457 0.935547 0.0566406 0.0859375 0.226726
3 0.170898 0.384766 0.337891 0.304688 0.292164
