1 0.37207 0.224609 0.0722656 0.0664062 0.0205664
1 0.983398 0.291016 0.0332031 0.0859375 0.0211611
1 0.495117 0.341797 0.0371094 0.0351562 0.0226721
1 0.504883 0.480469 0.115234 0.0898438 0.0227498
1 0.476562 0.448242 0.164062 0.208984 0.0231842
1 0.439453 0.111328 0.0898438 0.09375 0.0238444
3 0.270508 0.81543 0.525391 0.365234 0.0263351
1 0.708984 0.358398 0.0507812 0.0332031 0.0264218
1 0.654297 0.155273 0.0664062 0.0527344 0.0265609
1 0.441406 0.40625 0.078125 0.0664062 0.0275397
1 0.897461 0.0986328 0.0839844 0.0488281 0.0275515
1 0.708984 0.414062 0.167969 0.15625 0.0282635
1 0.65625 0.209961 0.0429688 0.0332031 0.0304281
1 0.936523 0.374023 0.0996094 0.0878906 0.0309242
1 0.524414 0.334961 0.0449219 0.0410156 0.031328
1 0.957031 0.198242 0.0664062 0.0605469 0.0334673
1 0.773438 0.384766 0.0507812 0.0546875 0.0349695
1 0.423828 0.354492 0.0390625 0.0332031 0.0371545
1 0.97168 0.0478516 0.0566406 0.0878906 0.0433453
1 0.657227 0.194336 0.0566406 0.0488281 0.0515727
1 0.540039 0.277344 0.0410156 0.0351562 0.0526592
1 0.742188 0.388672 0.105469 0.105469 0.0546149
1 0.705078 0.171875 0.0351562 0.0351562 0.058133
1 0.941406 0.178711 0.0625 0.0761719 0.0582617
1 0.445312 0.358398 0.0625 0.0371094 0.0650625
1 0.981445 0.0625 0.0371094 0.0585938 0.0695266
3 0.759766 0.888672 0.15625 0.0976562 0.0744245
1 0.504883 0.146484 0.0839844 0.101562 0.0819035
1 0.539062 0.330078 0.0820312 0.0625 0.0836714
1 0.574219 0.0507812 0.0507812 0.0429688 0.115675
1 0.985352 0.0722656 0.0253906 0.0351562 0.150443
3 0.0986328 0.367188 0.197266 0.300781 0.154607
1 0.454102 0.314453 0.0410156 0.0429688 0.157183
1 0.949219 0.202148 0.0429688 0.0371094 0.164838
1 0.917969 0.232422 0.0351562 0.03125 0.196979
1 0.838867 0.43457 0.0683594 0.0878906 0.211295
1 0.473633 0.132812 0.142578 0.121094 0.229522
1 0.880859 0.0908203 0.0507812 0.0449219 0.253414
1 0.927734 0.334961 0.03125 0.0253906 0.28249
1 0.639648 0.438477 0.111328 0.0878906 0.306918
1 0.359375 0.166992 0.0507812 0.0488281 0.321304
1 0.94043 0.375977 0.0566406 0.0527344 0.322249
1 0.621094 0.282227 0.0625 0.0449219 0.333157
1 0.819336 0.128906 0.0917969 0.0585938 0.340098
1 0.850586 0.206055 0.0917969 0.0839844 0.349261
1 0.891602 0.27832 0.0449219 0.0410156 0.370109
1 0.65332 0.173828 0.0878906 0.09375 0.370828
1 0.9375 0.163086 0.0507812 0.0410156 0.406007
1 0.50293 0.220703 0.0488281 0.0429688 0.408801
1 0.936523 0.109375 0.0449219 0.0390625 0.427259
1 0.583008 0.189453 0.0566406 0.0507812 0.437465
1 0.388672 0.248047 0.0976562 0.113281 0.440434
3 0.106445 0.829102 0.212891 0.337891 0.448274
1 0.722656 0.279297 0.0898438 0.0585938 0.454851
1 0.636719 0.0742188 0.109375 0.0898438 0.517112
1 0.803711 0.0400391 0.0722656 0.0722656 0.593607
