1 0.952148 0.841797 0.0566406 0.0585938 0.0211519
1 0.691406 0.404297 0.0664062 0.0664062 0.0258987
1 0.883789 0.34668 0.0488281 0.0488281 0.0260862
1 0.758789 0.375977 0.146484 0.0996094 0.0263752
1 0.962891 0.84082 0.03125 0.0410156 0.0265073
3 0.331055 0.604492 0.103516 0.0800781 0.0294117
1 0.977539 0.84668 0.0332031 0.0605469 0.0346387
1 0.981445 0.366211 0.0371094 0.111328 0.036219
1 0.438477 0.958008 0.111328 0.0839844 0.039841
1 0.973633 0.842773 0.0527344 0.0917969 0.0467917
3 0.538086 0.24707 0.294922 0.494141 0.0621644
1 0.793945 0.369141 0.255859 0.140625 0.0680625
1 0.313477 0.941406 0.162109 0.117188 0.0814712
1 0.911133 0.841797 0.0683594 0.0585938 0.0951619
1 0.484375 0.521484 0.222656 0.191406 0.0975548
3 0.682617 0.0673828 0.0839844 0.130859 0.0981474
1 0.990234 0.851562 0.0195312 0.0898438 0.101751
1 0.984375 0.275391 0.03125 0.0507812 0.126837
1 0.986328 0.359375 0.0273438 0.0703125 0.191
3 0.15625 0.614258 0.3125 0.376953 0.239746
1 0.926758 0.838867 0.134766 0.0800781 0.251163
1 0.839844 0.973633 0.0820312 0.0527344 0.364454
