1 0.306641 0.823242 0.078125 0.267578 0.0206161
1 0.857422 0.0126953 0.0664062 0.0253906 0.0214021
1 0.232422 0.356445 0.0703125 0.0527344 0.0225991
3 0.267578 0.0410156 0.109375 0.0820312 0.0235989
1 0.393555 0.519531 0.0566406 0.0546875 0.0239285
1 0.333008 0.833008 0.0371094 0.0410156 0.0255272
1 0.267578 0.145508 0.0585938 0.0449219 0.0267448
5 0.600586 0.918945 0.0449219 0.0410156 0.027561
1 0.358398 0.366211 0.0957031 0.0488281 0.0277936
1 0.318359 0.925781 0.03125 0.0273438 0.028205
1 0.382812 0.324219 0.0273438 0.0273438 0.0282494
1 0.180664 0.141602 0.0449219 0.0332031 0.0297194
1 0.296875 0.75 0.0742188 0.144531 0.0304464
1 0.395508 0.568359 0.0488281 0.0351562 0.031268
1 0.375977 0.331055 0.0449219 0.0410156 0.0316626
1 0.280273 0.547852 0.0605469 0.0449219 0.033434
1 0.230469 0.270508 0.0351562 0.0292969 0.0353013
1 0.240234 0.302734 0.0625 0.0429688 0.0353684
1 0.296875 0.712891 0.0390625 0.046875 0.037155
1 0.935547 0.165039 0.078125 0.0800781 0.0373479
1 0.637695 0.760742 0.0566406 0.0488281 0.0403859
1 0.254883 0.276367 0.0410156 0.0371094 0.0430298
3 0.0517578 0.269531 0.103516 0.539062 0.0430909
1 0.235352 0.196289 0.107422 0.0878906 0.0455872
1 0.212891 0.150391 0.046875 0.0390625 0.0484993
1 0.358398 0.344727 0.0878906 0.0527344 0.0497586
1 0.283203 0.569336 0.0585938 0.0566406 0.0509386
1 0.240234 0.262695 0.0625 0.0488281 0.0536956
1 0.253906 0.290039 0.0507812 0.0605469 0.0539119
1 0.301758 0.745117 0.0449219 0.103516 0.0595752
1 0.332031 0.916992 0.0546875 0.0449219 0.0607029
1 0.345703 0.490234 0.0507812 0.0429688 0.0613944
1 0.147461 0.967773 0.111328 0.0644531 0.0636946
1 0.333984 0.869141 0.0625 0.105469 0.0649095
1 0.34082 0.911133 0.0332031 0.0332031 0.0701721
3 0.353516 0.154297 0.0703125 0.0898438 0.0721872
1 0.353516 0.371094 0.101562 0.207031 0.0749407
0 0.383789 0.0488281 0.384766 0.09375 0.0792985
1 0.353516 0.294922 0.0625 0.0390625 0.0823555
1 0.241211 0.314453 0.0878906 0.128906 0.0843766
1 0.366211 0.413086 0.0566406 0.0449219 0.0971416
1 0.335938 0.871094 0.0390625 0.0390625 0.13778
1 0.308594 0.771484 0.0585938 0.0742188 0.176399
1 0.229492 0.333008 0.0761719 0.0722656 0.207857
1 0.362305 0.399414 0.0761719 0.0644531 0.226598
1 0.345703 0.324219 0.09375 0.105469 0.23998
1 0.241211 0.155273 0.0996094 0.0605469 0.240442
1 0.285156 0.59668 0.0664062 0.0878906 0.26151
1 0.234375 0.212891 0.0664062 0.046875 0.262509
1 0.34082 0.566406 0.0371094 0.0429688 0.285176
1 0.359375 0.481445 0.0820312 0.0722656 0.285512
1 0.267578 0.49707 0.0859375 0.0605469 0.297855
1 0.108398 0.680664 0.216797 0.240234 0.323465
1 0.251953 0.416992 0.0898438 0.0761719 0.417613
1 0.397461 0.537109 0.0683594 0.101562 0.432377
