1 0.22168 0.712891 0.111328 0.0742188 0.0239449
1 0.208008 0.740234 0.0292969 0.03125 0.0258594
1 0.248047 0.868164 0.0234375 0.0253906 0.0272524
1 0.189453 0.726562 0.0546875 0.046875 0.0278687
1 0.207031 0.727539 0.0273438 0.0371094 0.0287835
3 0.571289 0.132812 0.423828 0.265625 0.029572
1 0.0625 0.657227 0.0625 0.0488281 0.0299134
1 0.235352 0.856445 0.00976562 0.0175781 0.0299968
1 0.307617 0.972656 0.0332031 0.0390625 0.0316816
1 0.198242 0.765625 0.0371094 0.0273438 0.0347798
1 0.241211 0.708008 0.0332031 0.0371094 0.0347872
1 0.232422 0.825195 0.0234375 0.0214844 0.0361432
1 0.264648 0.894531 0.0253906 0.03125 0.0367651
1 0.380859 0.97168 0.0195312 0.0332031 0.0417446
1 0.155273 0.37793 0.0683594 0.0410156 0.0422526
1 0.363281 0.933594 0.015625 0.015625 0.0429471
0 0.924805 0.710938 0.150391 0.578125 0.0439935
1 0.3125 0.777344 0.0195312 0.0195312 0.0461281
1 0.213867 0.798828 0.0332031 0.03125 0.0489972
1 0.296875 0.954102 0.015625 0.0175781 0.0499686
1 0.326172 0.890625 0.015625 0.015625 0.0531339
3 0.688477 0.105469 0.173828 0.207031 0.0583522
1 0.177734 0.734375 0.03125 0.03125 0.0657903
1 0.253906 0.710938 0.0585938 0.0546875 0.0659695
1 0.28418 0.788086 0.0605469 0.0722656 0.0679798
1 0.289062 0.941406 0.0195312 0.015625 0.0695589
1 0.285156 0.802734 0.0273438 0.0390625 0.0775967
1 0.296875 0.818359 0.0273438 0.0234375 0.0810793
1 0.325195 0.993164 0.0292969 0.0136719 0.0821201
1 0.232422 0.827148 0.0117188 0.0175781 0.0891372
1 0.264648 0.893555 0.0136719 0.0214844 0.0892064
1 0.255859 0.883789 0.015625 0.0136719 0.0913098
1 0.226562 0.80957 0.0234375 0.0175781 0.0920777
1 0.225586 0.820312 0.0253906 0.0273438 0.0922023
1 0.228516 0.832031 0.0234375 0.015625 0.101179
1 0.241211 0.856445 0.0175781 0.0175781 0.10282
1 0.34668 0.915039 0.0175781 0.0175781 0.105476
1 0.386719 0.984375 0.0273438 0.03125 0.121309
1 0.491211 0.692383 0.0644531 0.0683594 0.122969
1 0.300781 0.959961 0.0195312 0.0175781 0.128914
1 0.208984 0.794922 0.0234375 0.0195312 0.12994
1 0.129883 0.748047 0.0410156 0.03125 0.130864
1 0.245117 0.862305 0.0175781 0.0175781 0.137868
1 0.30957 0.982422 0.0253906 0.0273438 0.159663
1 0.197266 0.768555 0.0234375 0.0175781 0.163465
1 0.323242 0.886719 0.0253906 0.0234375 0.1656
1 0.419922 0.979492 0.0234375 0.0253906 0.183362
1 0.384766 0.904297 0.0234375 0.0234375 0.195694
1 0.286133 0.932617 0.0214844 0.0214844 0.22679
1 0.319336 0.855469 0.0214844 0.0234375 0.246205
1 0.268555 0.902344 0.0214844 0.0195312 0.263774
1 0.351562 0.855469 0.0273438 0.0234375 0.358695
0 0.649414 0.69043 0.701172 0.619141 0.590135
