5 0.078125 0.993164 0.0429688 0.0136719 0.0203065
1 0.172852 0.0195312 0.0996094 0.0390625 0.0237074
1 0.0654297 0.18457 0.0488281 0.0566406 0.0254796
1 0.166992 0.0371094 0.119141 0.0742188 0.0264184
3 0.74707 0.988281 0.189453 0.0234375 0.0270094
1 0.407227 0.114258 0.0410156 0.0371094 0.0275472
1 0.675781 0.605469 0.0546875 0.0546875 0.0276659
1 0.231445 0.196289 0.0527344 0.0410156 0.0279993
1 0.945312 0.871094 0.0625 0.0546875 0.0349334
1 0.0195312 0.177734 0.0390625 0.0664062 0.036837
3 0.739258 0.248047 0.212891 0.0585938 0.038905
0 0.12207 0.101562 0.244141 0.203125 0.0402757
1 0.447266 0.123047 0.0234375 0.0234375 0.0500149
1 0.287109 0.0380859 0.0664062 0.0761719 0.0678109
3 0.115234 0.454102 0.230469 0.427734 0.0901285
1 0.350586 0.0517578 0.205078 0.103516 0.124185
1 0.568359 0.311523 0.0585938 0.0878906 0.132826
1 0.169922 0.0820312 0.136719 0.164062 0.132858
5 0.370117 0.677734 0.0644531 0.0429688 0.223287
1 0.0419922 0.180664 0.0839844 0.0800781 0.256453
5 0.735352 0.322266 0.0722656 0.0664062 0.30947
5 0.155273 0.96875 0.0683594 0.0625 0.419229
3 0.306641 0.441406 0.59375 0.445312 0.718989
3 0.741211 0.391602 0.232422 0.337891 0.793061
