1 0.863281 0.183594 0.101562 0.113281 0.0213218
1 0.123047 0.74707 0.0273438 0.0253906 0.0224782
1 0.198242 0.698242 0.0253906 0.0253906 0.0225812
1 0.0585938 0.979492 0.0703125 0.0371094 0.023465
1 0.333008 0.804688 0.0292969 0.0273438 0.0317743
1 0.0722656 0.988281 0.046875 0.0195312 0.0329152
1 0.046875 0.944336 0.0859375 0.111328 0.0335016
1 0.185547 0.935547 0.0546875 0.0703125 0.0343031
1 0.0390625 0.967773 0.046875 0.0332031 0.0350763
2 0.549805 0.94043 0.0410156 0.0371094 0.0360773
1 0.0927734 0.759766 0.0371094 0.03125 0.0379621
1 0.130859 0.97168 0.0585938 0.0488281 0.0400211
1 0.147461 0.719727 0.0449219 0.0332031 0.0414002
0 0.417969 0.896484 0.398438 0.207031 0.0414226
1 0.238281 0.69043 0.0507812 0.0488281 0.0415205
1 0.0253906 0.911133 0.046875 0.0371094 0.0417773
1 0.21582 0.6875 0.0488281 0.03125 0.0446548
1 0.0625 0.758789 0.101562 0.0410156 0.0512451
1 0.0244141 0.942383 0.0371094 0.0332031 0.0515508
1 0.208008 0.729492 0.0488281 0.0410156 0.0520533
1 0.0527344 0.757812 0.03125 0.03125 0.0565444
1 0.297852 0.675781 0.0371094 0.0390625 0.060106
1 0.104492 0.4375 0.0332031 0.0351562 0.0616009
1 0.0878906 0.763672 0.0234375 0.0195312 0.0651899
1 0.191406 0.932617 0.0351562 0.0332031 0.0767979
1 0.907227 0.149414 0.185547 0.212891 0.0967292
3 0.4375 0.777344 0.113281 0.046875 0.101965
1 0.0703125 0.755859 0.046875 0.0429688 0.110893
1 0.230469 0.682617 0.03125 0.0292969 0.120416
1 0.0683594 0.450195 0.0390625 0.0371094 0.126046
1 0.351562 0.666992 0.046875 0.0644531 0.128098
1 0.0224609 0.867188 0.0449219 0.0390625 0.136951
1 0.151367 0.742188 0.0449219 0.03125 0.150822
1 0.0214844 0.762695 0.0273438 0.0253906 0.151595
1 0.0292969 0.936523 0.0546875 0.0761719 0.202498
1 0.0830078 0.445312 0.0722656 0.0507812 0.21947
3 0.735352 0.661133 0.521484 0.662109 0.232312
1 0.282227 0.689453 0.0566406 0.0546875 0.256305
1 0.125 0.967773 0.0351562 0.0332031 0.279001
