1 0.597656 0.137695 0.0507812 0.0410156 0.0212903
1 0.394531 0.980469 0.0546875 0.0390625 0.0228949
1 0.899414 0.333984 0.0644531 0.09375 0.0243208
1 0.735352 0.0429688 0.0527344 0.0820312 0.0260973
5 0.695312 0.886719 0.0585938 0.0585938 0.028068
1 0.833984 0.300781 0.0390625 0.0390625 0.0283156
1 0.577148 0.105469 0.0292969 0.0273438 0.0299221
1 0.976562 0.991211 0.046875 0.0175781 0.0305262
1 0.548828 0.0175781 0.0273438 0.0234375 0.0313375
1 0.803711 0.287109 0.0214844 0.0234375 0.032078
3 0.831055 0.55957 0.337891 0.517578 0.0321964
3 0.682617 0.859375 0.224609 0.277344 0.0346517
1 0.44043 0.97168 0.146484 0.0566406 0.0355827
1 0.638672 0.103516 0.0429688 0.0507812 0.0363914
1 0.658203 0.0966797 0.0703125 0.0605469 0.0380273
3 0.402344 0.125 0.292969 0.207031 0.0466391
1 0.850586 0.302734 0.0488281 0.046875 0.0486981
1 0.611328 0.104492 0.101562 0.0996094 0.0490053
1 0.865234 0.31543 0.0664062 0.0878906 0.0581979
1 0.599609 0.115234 0.0390625 0.0429688 0.0587228
1 0.886719 0.229492 0.03125 0.0292969 0.0592619
1 0.578125 0.0800781 0.03125 0.0273438 0.0696406
1 0.120117 0.0683594 0.0683594 0.0664062 0.0848289
1 0.604492 0.113281 0.0566406 0.0703125 0.101059
1 0.879883 0.240234 0.0527344 0.0507812 0.107991
3 0.0839844 0.186523 0.167969 0.361328 0.109986
1 0.542969 0.00878906 0.0273438 0.0175781 0.111519
1 0.84668 0.0488281 0.0644531 0.0703125 0.121214
1 0.498047 0.956055 0.265625 0.0878906 0.128952
1 0.795898 0.21875 0.0371094 0.03125 0.140472
1 0.791016 0.0332031 0.0507812 0.0507812 0.166175
1 0.876953 0.298828 0.101562 0.160156 0.171393
1 0.556641 0.0429688 0.03125 0.0273438 0.17844
3 0.65332 0.765625 0.150391 0.0859375 0.231726
1 0.824219 0.0439453 0.117188 0.0878906 0.231937
3 0.598633 0.446289 0.759766 0.580078 0.236917
3 0.279297 0.657227 0.550781 0.685547 0.244739
1 0.730469 0.0214844 0.0390625 0.0351562 0.244894
1 0.927734 0.463867 0.0585938 0.0644531 0.260995
1 0.629883 0.0146484 0.0449219 0.0292969 0.315836
1 0.676758 0.0839844 0.0800781 0.0898438 0.3371
