1 0.421875 0.981445 0.15625 0.0371094 0.0202881
1 0.810547 0.078125 0.355469 0.15625 0.0234256
1 0.953125 0.0908203 0.0898438 0.123047 0.0235195
1 0.953125 0.170898 0.09375 0.333984 0.0244693
1 0.835938 0.329102 0.3125 0.259766 0.0327562
1 0.179688 0.977539 0.0859375 0.0449219 0.0371444
5 0.577148 0.655273 0.0410156 0.0488281 0.0508094
1 0.15918 0.980469 0.0410156 0.0351562 0.0594327
1 0.433594 0.970703 0.210938 0.0585938 0.0746271
3 0.128906 0.111328 0.257812 0.21875 0.0931709
3 0.412109 0.0625 0.167969 0.0820312 0.104617
1 0.360352 0.974609 0.0566406 0.046875 0.151695
1 0.978516 0.294922 0.0429688 0.0898438 0.314261
