3 0.0927734 0.710938 0.185547 0.578125 0.0200653
3 0.213867 0.885742 0.0566406 0.119141 0.0205673
2 0.404297 0.785156 0.0625 0.0664062 0.0213107
1 0.24707 0.170898 0.0410156 0.0488281 0.0234395
1 0.536133 0.628906 0.0214844 0.0195312 0.0276485
1 0.537109 0.621094 0.0195312 0.0195312 0.0329139
1 0.193359 0.0117188 0.0429688 0.0234375 0.0339884
3 0.358398 0.97168 0.0644531 0.0566406 0.0406668
0 0.442383 0.621094 0.126953 0.136719 0.0521016
4 0.443359 0.632812 0.128906 0.109375 0.0556428
1 0.535156 0.646484 0.0195312 0.015625 0.0669777
5 0.338867 0.916016 0.0292969 0.0273438 0.0865956
1 0.241211 0.191406 0.0800781 0.105469 0.222508
1 0.21582 0.0839844 0.0566406 0.0429688 0.480228
