1 0.0683594 0.873047 0.0273438 0.0273438 0.0207545
1 0.196289 0.766602 0.0644531 0.0371094 0.0278096
1 0.112305 0.755859 0.0332031 0.03125 0.0293344
1 0.135742 0.756836 0.0488281 0.0332031 0.0298001
0 0.557617 0.129883 0.845703 0.259766 0.0303443
3 0.797852 0.505859 0.298828 0.367188 0.0376849
3 0.954102 0.0898438 0.0917969 0.179688 0.0681715
3 0.046875 0.212891 0.09375 0.0820312 0.111061
3 0.876953 0.0986328 0.238281 0.193359 0.116579
1 0.239258 0.777344 0.111328 0.0546875 0.240784
1 0.0800781 0.816406 0.0625 0.0742188 0.328998
