1 0.978516 0.0839844 0.0351562 0.0234375 0.0200663
1 0.211914 0.154297 0.0488281 0.0546875 0.0219713
1 0.426758 0.977539 0.0488281 0.0410156 0.0228564
1 0.959961 0.0126953 0.0566406 0.0253906 0.024802
1 0.463867 0.0644531 0.107422 0.125 0.0257166
1 0.123047 0.418945 0.09375 0.0996094 0.0269238
3 0.924805 0.613281 0.146484 0.257812 0.0269825
1 0.673828 0.525391 0.0820312 0.0820312 0.0282306
1 0.232422 0.15332 0.0585938 0.205078 0.028251
1 0.44043 0.716797 0.0449219 0.0703125 0.029738
1 0.654297 0.710938 0.0742188 0.109375 0.0311116
1 0.239258 0.015625 0.123047 0.03125 0.0316007
1 0.631836 0.0888672 0.0527344 0.0605469 0.0319948
1 0.386719 0.805664 0.0898438 0.275391 0.0342726
1 0.391602 0.541992 0.0722656 0.0605469 0.0351919
1 0.399414 0.830078 0.0488281 0.046875 0.0385303
1 0.518555 0.0859375 0.0449219 0.0507812 0.0388246
1 0.697266 0.518555 0.0429688 0.0332031 0.0429834
1 0.0195312 0.0654297 0.0390625 0.0644531 0.0443774
1 0.975586 0.103516 0.0488281 0.136719 0.0464023
1 0.230469 0.206055 0.0507812 0.0527344 0.047126
1 0.402344 0.599609 0.0585938 0.0546875 0.0472731
1 0.0195312 0.00976562 0.0390625 0.0195312 0.0501568
1 0.399414 0.544922 0.0449219 0.0429688 0.0520635
1 0.194336 0.0205078 0.0566406 0.0410156 0.0622736
1 0.444336 0.0146484 0.0996094 0.0292969 0.0623325
1 0.405273 0.717773 0.111328 0.0957031 0.0657298
1 0.229492 0.0976562 0.0683594 0.0976562 0.0660877
1 0.347656 0.931641 0.0585938 0.0703125 0.073208
1 0.376953 0.538086 0.0898438 0.126953 0.0768096
1 0.893555 0.716797 0.0566406 0.0546875 0.0886556
1 0.0253906 0.0888672 0.0507812 0.130859 0.0913057
1 0.972656 0.0527344 0.0507812 0.0585938 0.0937449
1 0.984375 0.121094 0.03125 0.0585938 0.105812
1 0.482422 0.461914 0.0703125 0.107422 0.124801
1 0.0283203 0.112305 0.0566406 0.0605469 0.125349
1 0.615234 0.720703 0.148438 0.121094 0.155206
1 0.683594 0.512695 0.0664062 0.0449219 0.185362
1 0.390625 0.728516 0.0664062 0.0664062 0.226143
1 0.398438 0.571289 0.0703125 0.107422 0.232012
1 0.219727 0.0654297 0.0488281 0.0410156 0.232353
1 0.486328 0.424805 0.0507812 0.0410156 0.237263
1 0.40625 0.385742 0.0625 0.0488281 0.276848
1 0.367188 0.508789 0.0703125 0.0683594 0.285135
1 0.392578 0.808594 0.0703125 0.0976562 0.287874
1 0.262695 0.00683594 0.0644531 0.0136719 0.334275
1 0.583984 0.743164 0.078125 0.0683594 0.33657
1 0.384766 0.31543 0.0625 0.0410156 0.340393
1 0.484375 0.794922 0.0898438 0.0820312 0.351546
1 0.237305 0.115234 0.0527344 0.0507812 0.354723
1 0.476562 0.489258 0.0625 0.0605469 0.360402
1 0.301758 0.347656 0.0839844 0.0742188 0.363501
1 0.0517578 0.227539 0.103516 0.0957031 0.410395
1 0.332031 0.433594 0.0664062 0.0546875 0.411533
1 0.657227 0.692383 0.0644531 0.0566406 0.43507
1 0.412109 0.445312 0.0429688 0.0390625 0.4362
1 0.597656 0.586914 0.0625 0.0527344 0.454414
1 0.111328 0.388672 0.128906 0.171875 0.461234
1 0.461914 0.0839844 0.0761719 0.0742188 0.461357
1 0.505859 0.626953 0.0625 0.0625 0.501742
1 0.324219 0.117188 0.0898438 0.105469 0.569213
