1 0.796875 0.871094 0.0546875 0.046875 0.0203097
1 0.746094 0.639648 0.0703125 0.0566406 0.0206008
1 0.250977 0.167969 0.0449219 0.0507812 0.0219634
1 0.0214844 0.113281 0.0429688 0.183594 0.0226576
1 0.913086 0.84668 0.0566406 0.0878906 0.0235791
1 0.450195 0.915039 0.0566406 0.0722656 0.024393
1 0.395508 0.927734 0.0449219 0.0390625 0.024412
1 0.539062 0.654297 0.09375 0.0859375 0.026133
1 0.0214844 0.391602 0.0429688 0.134766 0.0342834
1 0.858398 0.879883 0.0566406 0.0527344 0.0392776
1 0.520508 0.897461 0.0800781 0.0800781 0.0393697
1 0.248047 0.137695 0.0585938 0.111328 0.0428699
1 0.669922 0.605469 0.0820312 0.0859375 0.0458018
1 0.300781 0.285156 0.0195312 0.0195312 0.0470642
1 0.844727 0.848633 0.0800781 0.0566406 0.0511647
3 0.454102 0.563477 0.0605469 0.0878906 0.0551954
1 0.541992 0.895508 0.0371094 0.0371094 0.0600293
1 0.588867 0.893555 0.0410156 0.0371094 0.0986781
1 0.87207 0.857422 0.126953 0.09375 0.135867
1 0.479492 0.899414 0.0996094 0.103516 0.172402
1 0.641602 0.889648 0.0605469 0.0527344 0.239014
