3 0.134766 0.904297 0.113281 0.0585938 0.0201373
1 0.0839844 0.0371094 0.167969 0.0703125 0.0208405
1 0.353516 0.140625 0.0390625 0.046875 0.0227843
1 0.978516 0.578125 0.0429688 0.078125 0.0261635
1 0.989258 0.581055 0.0214844 0.0644531 0.0276205
1 0.192383 0.180664 0.0683594 0.0605469 0.0327763
3 0.191406 0.927734 0.234375 0.144531 0.0334413
1 0.563477 0.62207 0.0488281 0.0332031 0.0349567
1 0.0273438 0.658203 0.046875 0.0507812 0.0499841
3 0.506836 0.0527344 0.130859 0.105469 0.0615456
1 0.273438 0.65918 0.136719 0.0957031 0.0617637
3 0.964844 0.269531 0.0703125 0.03125 0.067752
1 0.301758 0.661133 0.0683594 0.0761719 0.0765446
3 0.154297 0.821289 0.101562 0.0566406 0.0771594
3 0.571289 0.0761719 0.255859 0.152344 0.56529
