0 0.525391 0.410156 0.226562 0.144531 0.0252747
3 0.926758 0.568359 0.146484 0.863281 0.02782
3 0.749023 0.858398 0.0488281 0.0800781 0.0281341
3 0.833984 0.486328 0.078125 0.15625 0.033381
4 0.0712891 0.487305 0.0566406 0.111328 0.0346278
3 0.849609 0.652344 0.296875 0.695312 0.0471863
3 0.180664 0.271484 0.111328 0.0703125 0.0583722
2 0.149414 0.0185547 0.0683594 0.0371094 0.106048
3 0.833984 0.982422 0.167969 0.0351562 0.139939
3 0.753906 0.489258 0.078125 0.146484 0.291523
3 0.589844 0.169922 0.0585938 0.335938 0.314667
3 0.74707 0.5625 0.0996094 0.292969 0.364281
3 0.769531 0.65918 0.0546875 0.0878906 0.467371
