5 0.0146484 0.798828 0.0292969 0.0585938 0.0204601
1 0.703125 0.699219 0.0585938 0.0625 0.0207742
3 0.430664 0.635742 0.0800781 0.107422 0.0227307
1 0.979492 0.375977 0.0410156 0.0527344 0.0230607
3 0.62793 0.555664 0.619141 0.814453 0.0342962
1 0.974609 0.182617 0.0507812 0.0800781 0.0350408
1 0.970703 0.389648 0.0585938 0.0527344 0.0391569
1 0.932617 0.210938 0.0683594 0.0703125 0.0394467
1 0.949219 0.27832 0.101562 0.291016 0.0430353
0 0.194336 0.65625 0.365234 0.6875 0.0522448
1 0.97168 0.296875 0.0566406 0.199219 0.0533022
1 0.979492 0.410156 0.0410156 0.0546875 0.061979
3 0.760742 0.09375 0.470703 0.1875 0.0620957
1 0.984375 0.302734 0.03125 0.109375 0.0629944
1 0.985352 0.268555 0.0292969 0.0410156 0.0664927
1 0.967773 0.376953 0.0644531 0.25 0.100944
0 0.412109 0.599609 0.804688 0.800781 0.122703
1 0.516602 0.0449219 0.0566406 0.0546875 0.145093
1 0.976562 0.415039 0.046875 0.111328 0.151492
1 0.967773 0.318359 0.0644531 0.078125 0.22472
3 0.285156 0.875977 0.351562 0.248047 0.283609
1 0.946289 0.194336 0.103516 0.107422 0.330695
