1 0.614258 0.579102 0.0527344 0.0332031 0.0203279
1 0.116211 0.860352 0.205078 0.267578 0.0203441
1 0.852539 0.399414 0.0175781 0.0175781 0.0207239
1 0.291016 0.390625 0.03125 0.0273438 0.0212291
5 0.606445 0.119141 0.0253906 0.03125 0.0213046
1 0.46875 0.532227 0.0585938 0.0332031 0.0213624
1 0.845703 0.555664 0.046875 0.0449219 0.021377
1 0.367188 0.584961 0.148438 0.0644531 0.0217436
1 0.795898 0.575195 0.0136719 0.0175781 0.022239
5 0.613281 0.125977 0.0351562 0.0253906 0.0236851
1 0.538086 0.556641 0.0644531 0.0390625 0.0247409
1 0.386719 0.328125 0.0195312 0.0195312 0.0252162
1 0.265625 0.455078 0.0273438 0.0234375 0.0252247
1 0.326172 0.595703 0.0703125 0.046875 0.0260435
1 0.379883 0.325195 0.0214844 0.0214844 0.0263711
1 0.536133 0.570312 0.0449219 0.0390625 0.0264726
1 0.337891 0.558594 0.0273438 0.0234375 0.0264989
1 0.21582 0.947266 0.0449219 0.0703125 0.0272834
1 0.564453 0.571289 0.0507812 0.0371094 0.0274631
1 0.307617 0.482422 0.0214844 0.0195312 0.0276051
1 0.0546875 0.208008 0.0625 0.0761719 0.0285395
1 0.336914 0.454102 0.0253906 0.0253906 0.0285856
1 0.601562 0.568359 0.0234375 0.0234375 0.0292461
1 0.303711 0.836914 0.0253906 0.0214844 0.0293254
1 0.853516 0.575195 0.0234375 0.0175781 0.0295909
1 0.408203 0.569336 0.0585938 0.0488281 0.0299454
1 0.795898 0.567383 0.0332031 0.0214844 0.0300796
1 0.391602 0.564453 0.173828 0.0742188 0.0303281
1 0.359375 0.329102 0.0117188 0.0175781 0.031039
3 0.655273 0.0527344 0.0957031 0.0976562 0.0340962
1 0.105469 0.977539 0.03125 0.0371094 0.0348643
1 0.447266 0.579102 0.0390625 0.0371094 0.0350454
1 0.319336 0.474609 0.0253906 0.015625 0.0355559
1 0.472656 0.551758 0.0703125 0.0722656 0.0357086
1 0.305664 0.37207 0.0214844 0.0214844 0.0360425
1 0.368164 0.333008 0.0214844 0.0175781 0.0364557
1 0.864258 0.558594 0.0292969 0.0273438 0.0365654
1 0.349609 0.332031 0.0195312 0.0195312 0.0369838
1 0.0791016 0.930664 0.0878906 0.0566406 0.0373045
1 0.751953 0.696289 0.015625 0.0136719 0.037612
1 0.649414 0.582031 0.0566406 0.046875 0.0381198
1 0.630859 0.673828 0.03125 0.03125 0.0391957
1 0.764648 0.573242 0.0214844 0.0214844 0.0395244
1 0.643555 0.580078 0.0332031 0.03125 0.0403915
1 0.0976562 0.228516 0.132812 0.101562 0.0404235
1 0.279297 0.365234 0.0273438 0.0234375 0.0416665
1 0.740234 0.574219 0.0351562 0.03125 0.0417812
1 0.0166016 0.478516 0.0332031 0.0546875 0.04322
1 0.699219 0.368164 0.0234375 0.0214844 0.0436358
1 0.490234 0.555664 0.0507812 0.0527344 0.044471
1 0.333984 0.587891 0.0234375 0.03125 0.0451824
1 0.0810547 0.913086 0.130859 0.146484 0.0456591
1 0.395508 0.580078 0.0371094 0.0390625 0.0469062
1 0.119141 0.799805 0.0390625 0.0371094 0.0483381
1 0.927734 0.481445 0.0273438 0.0253906 0.0503636
1 0.325195 0.334961 0.0253906 0.0214844 0.0541083
1 0.356445 0.588867 0.0527344 0.0449219 0.0543202
1 0.732422 0.578125 0.015625 0.0195312 0.0552914
1 0.116211 0.213867 0.0644531 0.0722656 0.0567363
1 0.383789 0.588867 0.0253906 0.0253906 0.0580867
1 0.336914 0.332031 0.0253906 0.0195312 0.0581573
1 0.508789 0.5625 0.0527344 0.0429688 0.0606427
1 0.272461 0.459961 0.0292969 0.0175781 0.0620993
1 0.703125 0.581055 0.0117188 0.0214844 0.0632613
5 0.775391 0.246094 0.03125 0.03125 0.0644737
1 0.333008 0.432617 0.0527344 0.0566406 0.067132
1 0.0800781 0.973633 0.0390625 0.0410156 0.0694166
1 0.257812 0.568359 0.03125 0.03125 0.0722273
1 0.828125 0.566406 0.03125 0.0234375 0.0756679
5 0.625977 0.12207 0.0410156 0.0332031 0.0785779
1 0.850586 0.55957 0.0292969 0.0292969 0.082463
1 0.319336 0.428711 0.0292969 0.0410156 0.082775
1 0.839844 0.568359 0.03125 0.0273438 0.0841518
1 0.306641 0.601562 0.03125 0.0351562 0.0844047
1 0.774414 0.563477 0.0410156 0.0292969 0.0876806
2 0.639648 0.339844 0.0449219 0.046875 0.0897251
1 0.589844 0.553711 0.0390625 0.0214844 0.0903235
1 0.314453 0.356445 0.0390625 0.0488281 0.100991
1 0.106445 0.359375 0.107422 0.121094 0.104935
1 0.549805 0.558594 0.0214844 0.03125 0.105625
1 0.430664 0.576172 0.0488281 0.0390625 0.108742
5 0.474609 0.108398 0.0625 0.0566406 0.109727
1 0.754883 0.566406 0.0371094 0.03125 0.112827
1 0.344727 0.44043 0.0292969 0.0292969 0.11325
1 0.307617 0.59082 0.0253906 0.0292969 0.115899
1 0.353516 0.583984 0.03125 0.03125 0.119462
1 0.988281 0.546875 0.0234375 0.0546875 0.125734
1 0.573242 0.571289 0.0292969 0.0253906 0.129182
1 0.726562 0.699219 0.015625 0.015625 0.136021
1 0.0820312 0.875 0.113281 0.0664062 0.137982
1 0.692383 0.580078 0.0214844 0.0195312 0.139967
1 0.783203 0.560547 0.0234375 0.0234375 0.156395
1 0.0771484 0.962891 0.0878906 0.0664062 0.159553
1 0.713867 0.578125 0.0371094 0.0234375 0.168031
1 0.196289 0.951172 0.0839844 0.0859375 0.168862
1 0.522461 0.560547 0.0332031 0.03125 0.169015
1 0.886719 0.535156 0.0273438 0.03125 0.193439
1 0.630859 0.579102 0.03125 0.0332031 0.213967
1 0.101562 0.291992 0.179688 0.267578 0.214265
5 0.650391 0.0654297 0.078125 0.0761719 0.228776
1 0.0625 0.801758 0.0585938 0.0527344 0.268604
3 0.0712891 0.0488281 0.142578 0.09375 0.294096
1 0.664062 0.578125 0.0273438 0.0273438 0.324948
1 0.585938 0.542969 0.0351562 0.03125 0.390493
