3 0.131836 0.470703 0.0722656 0.0625 0.0220668
1 0.952148 0.538086 0.0214844 0.0253906 0.0223031
3 0.688477 0.234375 0.150391 0.0976562 0.0225841
1 0.962891 0.461914 0.0429688 0.0449219 0.0261271
1 0.888672 0.549805 0.0195312 0.0214844 0.0273152
5 0.756836 0.404297 0.0292969 0.03125 0.0356787
1 0.767578 0.503906 0.0585938 0.0429688 0.0363632
3 0.845703 0.194336 0.078125 0.0722656 0.0371157
5 0.942383 0.0126953 0.0839844 0.0253906 0.0382133
1 0.921875 0.541992 0.015625 0.0175781 0.0391673
1 0.90625 0.466797 0.0625 0.0546875 0.0449379
3 0.0898438 0.864258 0.175781 0.263672 0.0515898
1 0.856445 0.557617 0.0449219 0.0371094 0.054775
3 0.0507812 0.599609 0.0820312 0.140625 0.150149
1 0.928711 0.463867 0.0957031 0.0683594 0.162787
3 0.223633 0.288086 0.185547 0.123047 0.228777
1 0.87207 0.513672 0.0214844 0.0273438 0.290189
1 0.989258 0.526367 0.0175781 0.0175781 0.292442
1 0.776367 0.501953 0.0332031 0.0351562 0.345119
1 0.879883 0.549805 0.0214844 0.0214844 0.36572
1 0.699219 0.535156 0.0273438 0.0273438 0.434551
1 0.962891 0.527344 0.0234375 0.0195312 0.466806
1 0.849609 0.55957 0.0273438 0.0253906 0.478577
1 0.933594 0.539062 0.0195312 0.015625 0.490784
1 0.908203 0.540039 0.0195312 0.0175781 0.497036
1 0.850586 0.505859 0.0605469 0.0546875 0.507719
1 0.734375 0.512695 0.0273438 0.0253906 0.555959
