3 0.259766 0.985352 0.109375 0.0292969 0.0204539
1 0.575195 0.726562 0.0332031 0.0273438 0.0236767
1 0.113281 0.84082 0.09375 0.0566406 0.0241574
1 0.381836 0.796875 0.0253906 0.0195312 0.0248055
3 0.134766 0.03125 0.269531 0.0625 0.0270104
1 0.166992 0.896484 0.0605469 0.0390625 0.0294955
1 0.557617 0.74707 0.0214844 0.0175781 0.0306511
1 0.0898438 0.8125 0.0351562 0.0429688 0.0404536
3 0.741211 0.776367 0.0761719 0.0527344 0.0413678
1 0.564453 0.722656 0.0273438 0.0195312 0.0425816
1 0.243164 0.814453 0.0410156 0.0429688 0.0439955
1 0.371094 0.797852 0.0273438 0.0214844 0.0450583
3 0.521484 0.487305 0.171875 0.396484 0.0468008
1 0.117188 0.839844 0.0234375 0.03125 0.051431
1 0.541016 0.720703 0.0234375 0.0195312 0.0517859
1 0.586914 0.723633 0.0253906 0.0253906 0.0537893
1 0.607422 0.723633 0.046875 0.0332031 0.0624093
1 0.555664 0.716797 0.0253906 0.0234375 0.0654957
3 0.931641 0.0585938 0.0390625 0.113281 0.0783688
3 0.978516 0.0605469 0.0390625 0.121094 0.080224
3 0.324219 0.362305 0.5625 0.697266 0.11196
1 0.175781 0.793945 0.0390625 0.0253906 0.15797
3 0.148438 0.404297 0.296875 0.410156 0.177127
1 0.0253906 0.780273 0.0273438 0.0253906 0.222165
1 0.0878906 0.833008 0.0351562 0.0410156 0.231944
3 0.521484 0.291992 0.171875 0.583984 0.248344
3 0.955078 0.0605469 0.0859375 0.121094 0.319852
1 0.15625 0.848633 0.0625 0.0449219 0.372081
1 0.326172 0.851562 0.0585938 0.046875 0.384023
3 0.959961 0.283203 0.0761719 0.300781 0.413586
1 0.509766 0.882812 0.0664062 0.0585938 0.461774
