1 0.976562 0.984375 0.046875 0.03125 0.0201606
1 0.772461 0.323242 0.0175781 0.0175781 0.0236148
1 0.786133 0.845703 0.0878906 0.0664062 0.0266509
3 0.00878906 0.0341797 0.0175781 0.0605469 0.0270894
1 0.972656 0.959961 0.0546875 0.0800781 0.0361126
1 0.966797 0.887695 0.0664062 0.0761719 0.0365125
3 0.015625 0.0488281 0.03125 0.09375 0.0440731
1 0.957031 0.918945 0.0859375 0.150391 0.0466523
1 0.629883 0.929688 0.0527344 0.09375 0.075398
1 0.634766 0.990234 0.0351562 0.015625 0.103369
1 0.62793 0.928711 0.0332031 0.0292969 0.10922
3 0.898438 0.151367 0.046875 0.0332031 0.114946
3 0.879883 0.212891 0.0292969 0.0625 0.173706
1 0.623047 0.910156 0.0390625 0.046875 0.234356
1 0.62793 0.967773 0.0449219 0.0410156 0.359791
3 0.893555 0.206055 0.0566406 0.0761719 0.592747
