3 0.112305 0.179688 0.224609 0.15625 0.0204747
3 0.822266 0.651367 0.0859375 0.0917969 0.0205692
0 0.0625 0.838867 0.125 0.314453 0.0209195
1 0.264648 0.932617 0.0214844 0.0175781 0.0221393
1 0.324219 0.921875 0.0273438 0.0234375 0.0245431
1 0.0283203 0.0283203 0.0566406 0.0566406 0.0264222
1 0.0224609 0.550781 0.0449219 0.105469 0.0306492
3 0.136719 0.0429688 0.273438 0.0859375 0.0308393
1 0.327148 0.921875 0.0136719 0.015625 0.0329165
0 0.600586 0.463867 0.798828 0.728516 0.0368026
5 0.757812 0.599609 0.03125 0.0273438 0.0437103
1 0.299805 0.928711 0.0175781 0.0136719 0.0472882
3 0.0458984 0.386719 0.0917969 0.265625 0.0599312
1 0.0742188 0.601562 0.0273438 0.03125 0.0617808
1 0.272461 0.932617 0.0214844 0.0175781 0.0814458
1 0.287109 0.930664 0.0273438 0.0175781 0.0853693
3 0.0439453 0.0302734 0.0878906 0.0605469 0.0936514
1 0.12207 0.15625 0.240234 0.1875 0.0960219
1 0.0166016 0.549805 0.0332031 0.0644531 0.130341
1 0.560547 0.951172 0.121094 0.0976562 0.142964
1 0.969727 0.674805 0.0566406 0.0957031 0.162327
3 0.269531 0.985352 0.105469 0.0292969 0.193815
1 0.0361328 0.647461 0.0449219 0.0566406 0.263381
1 0.22168 0.918945 0.0527344 0.0449219 0.329079
