1 0.379883 0.0859375 0.0292969 0.0234375 0.0207549
1 0.117188 0.234375 0.03125 0.03125 0.0208348
1 0.935547 0.503906 0.0585938 0.0351562 0.0211484
1 0.65918 0.136719 0.0839844 0.0898438 0.0236449
1 0.399414 0.301758 0.0371094 0.0332031 0.0237782
1 0.482422 0.62793 0.0546875 0.0332031 0.0241571
1 0.0673828 0.398438 0.0214844 0.015625 0.0242183
1 0.495117 0.015625 0.0214844 0.0273438 0.024589
1 0.457031 0.0283203 0.0351562 0.0292969 0.0251952
1 0.962891 0.791992 0.046875 0.0371094 0.0251994
1 0.429688 0.301758 0.03125 0.0332031 0.025331
3 0.879883 0.989258 0.240234 0.0214844 0.0255257
1 0.401367 0.521484 0.0527344 0.0390625 0.0263835
1 0.432617 0.232422 0.0488281 0.046875 0.0278712
1 0.94043 0.713867 0.0761719 0.107422 0.0283736
1 0.483398 0.524414 0.0566406 0.0292969 0.0284792
1 0.426758 0.174805 0.0292969 0.0371094 0.029229
1 0.254883 0.652344 0.0449219 0.0273438 0.0293095
1 0.0136719 0.412109 0.0273438 0.0390625 0.0294976
1 0.446289 0.662109 0.0214844 0.015625 0.0308728
1 0.133789 0.65332 0.0488281 0.0292969 0.0320174
1 0.496094 0.0166016 0.109375 0.0332031 0.0330787
1 0.0419922 0.604492 0.0253906 0.0175781 0.0342036
1 0.427734 0.349609 0.0351562 0.0429688 0.0347622
1 0.704102 0.614258 0.0253906 0.0253906 0.0358827
1 0.380859 0.760742 0.03125 0.0253906 0.0369037
1 0.420898 0.40625 0.0371094 0.0273438 0.0370367
1 0.456055 0.630859 0.0214844 0.0273438 0.0371349
1 0.404297 0.329102 0.101562 0.103516 0.0388937
1 0.949219 0.930664 0.0585938 0.0527344 0.0398497
1 0.461914 0.236328 0.0410156 0.0429688 0.0403505
1 0.171875 0.396484 0.0273438 0.0195312 0.0403992
1 0.376953 0.272461 0.0390625 0.0292969 0.0410619
1 0.291016 0.178711 0.0429688 0.0332031 0.0411153
1 0.967773 0.810547 0.0605469 0.0507812 0.0417367
1 0.341797 0.676758 0.0273438 0.0175781 0.0425128
1 0.418945 0.229492 0.0332031 0.0371094 0.0425887
1 0.385742 0.332031 0.0683594 0.0625 0.0444033
1 0.435547 0.0126953 0.0429688 0.0253906 0.0463194
1 0.987305 0.813477 0.0253906 0.0371094 0.0471537
1 0.511719 0.0126953 0.0546875 0.0253906 0.0478054
1 0.296875 0.635742 0.0234375 0.0253906 0.0502214
1 0.0537109 0.398438 0.0253906 0.0195312 0.0503639
1 0.391602 0.640625 0.0136719 0.0195312 0.0553271
1 0.201172 0.654297 0.0742188 0.0351562 0.0563084
1 0.40332 0.523438 0.0371094 0.0234375 0.0586511
1 0.407227 0.410156 0.0449219 0.03125 0.0587846
1 0.625 0.0976562 0.15625 0.167969 0.061934
1 0.422852 0.637695 0.0488281 0.0253906 0.0645956
1 0.460938 0.00976562 0.046875 0.0195312 0.0652639
1 0.925781 0.746094 0.0546875 0.0507812 0.0660804
1 0.638672 0.625 0.101562 0.0429688 0.0673677
1 0.970703 0.581055 0.0234375 0.0214844 0.0685308
1 0.592773 0.139648 0.0292969 0.0292969 0.0690426
1 0.470703 0.212891 0.046875 0.0429688 0.0748833
1 0.956055 0.946289 0.0371094 0.0292969 0.078495
1 0.942383 0.910156 0.0605469 0.046875 0.101791
1 0.929688 0.874023 0.0351562 0.0332031 0.115433
1 0.226562 0.658203 0.0351562 0.0234375 0.116248
1 0.367188 0.4375 0.03125 0.0273438 0.118391
1 0.400391 0.345703 0.0742188 0.0625 0.135287
1 0.0703125 0.614258 0.0390625 0.0292969 0.143069
1 0.594727 0.0644531 0.0878906 0.09375 0.155353
1 0.93457 0.895508 0.0722656 0.0878906 0.161285
1 0.457031 0.224609 0.078125 0.0664062 0.162868
1 0.972656 0.869141 0.0273438 0.0234375 0.165659
1 0.176758 0.65918 0.0253906 0.0214844 0.187756
1 0.945312 0.75293 0.0820312 0.0722656 0.19888
1 0.209961 0.654297 0.0410156 0.0234375 0.202368
1 0.582031 0.345703 0.152344 0.164062 0.20957
1 0.390625 0.636719 0.0234375 0.0195312 0.215018
1 0.146484 0.660156 0.0195312 0.0195312 0.224284
1 0.607422 0.615234 0.0390625 0.0390625 0.259003
1 0.939453 0.683594 0.0507812 0.0429688 0.284209
1 0.461914 0.168945 0.0488281 0.0371094 0.308324
1 0.123047 0.645508 0.0351562 0.0253906 0.321994
1 0.303711 0.628906 0.0332031 0.0234375 0.351424
1 0.475586 0.107422 0.0449219 0.0429688 0.356037
1 0.660156 0.626953 0.046875 0.0351562 0.371987
1 0.352539 0.638672 0.0410156 0.03125 0.372052
1 0.950195 0.602539 0.0644531 0.0605469 0.395833
1 0.467773 0.625 0.0292969 0.03125 0.396577
1 0.516602 0.618164 0.0410156 0.0332031 0.423799
1 0.429688 0.634766 0.03125 0.0195312 0.433252
1 0.263672 0.645508 0.0351562 0.0214844 0.457506
1 0.892578 0.856445 0.046875 0.0371094 0.475519
