1 0.523438 0.689453 0.0234375 0.0234375 0.0208511
1 0.657227 0.566406 0.0371094 0.0273438 0.021431
1 0.932617 0.561523 0.0410156 0.0292969 0.0216188
1 0.509766 0.792969 0.0273438 0.0234375 0.0216347
5 0.658203 0.388672 0.0507812 0.0351562 0.0219464
1 0.631836 0.631836 0.0214844 0.0214844 0.0221101
1 0.594727 0.975586 0.0410156 0.0410156 0.0222188
1 0.495117 0.943359 0.0214844 0.0273438 0.0223023
1 0.629883 0.663086 0.0214844 0.0253906 0.0224395
1 0.856445 0.450195 0.0566406 0.0527344 0.0228967
1 0.444336 0.848633 0.0253906 0.0292969 0.0229288
1 0.504883 0.862305 0.0410156 0.0371094 0.0236593
1 0.665039 0.601562 0.0214844 0.0195312 0.0252749
1 0.646484 0.503906 0.0273438 0.0273438 0.0256776
1 0.927734 0.558594 0.0234375 0.0234375 0.0257188
1 0.731445 0.685547 0.0292969 0.0390625 0.0264058
5 0.888672 0.266602 0.0429688 0.0410156 0.0265967
1 0.479492 0.938477 0.0292969 0.0253906 0.0303372
1 0.973633 0.526367 0.0214844 0.0214844 0.0310928
1 0.649414 0.600586 0.0214844 0.0175781 0.0311755
1 0.947266 0.554688 0.0234375 0.0195312 0.0333026
1 0.647461 0.540039 0.0332031 0.0253906 0.0340276
1 0.663086 0.554688 0.0253906 0.0273438 0.0360195
3 0.277344 0.258789 0.0585938 0.0410156 0.03624
1 0.649414 0.581055 0.0253906 0.0214844 0.0397788
1 0.698242 0.615234 0.0214844 0.0273438 0.0455788
5 0.582031 0.0664062 0.0507812 0.046875 0.046727
1 0.699219 0.625977 0.0195312 0.0292969 0.0477782
1 0.682617 0.68457 0.0292969 0.0332031 0.0494835
3 0.65625 0.408203 0.0664062 0.0898438 0.0498605
1 0.852539 0.311523 0.0253906 0.0253906 0.0554112
1 0.799805 0.15625 0.0371094 0.03125 0.0996019
5 0.655273 0.408203 0.0644531 0.0859375 0.109214
5 0.835938 0.0742188 0.046875 0.046875 0.200948
