1 0.146484 0.401367 0.0546875 0.0605469 0.0202579
1 0.27832 0.300781 0.544922 0.375 0.0211154
1 0.126953 0.27832 0.0273438 0.0253906 0.0222045
1 0.120117 0.269531 0.0292969 0.03125 0.0257844
0 0.154297 0.788086 0.308594 0.423828 0.0259784
1 0.209961 0.259766 0.0214844 0.0234375 0.0279744
5 0.182617 0.132812 0.119141 0.0976562 0.0285721
1 0.990234 0.719727 0.0195312 0.0761719 0.0311052
1 0.15918 0.331055 0.0566406 0.0527344 0.0311253
1 0.0498047 0.447266 0.0996094 0.109375 0.034432
1 0.152344 0.307617 0.0351562 0.0253906 0.0369117
1 0.886719 0.984375 0.0429688 0.0273438 0.0412641
1 0.884766 0.924805 0.0625 0.0839844 0.0488654
1 0.119141 0.257812 0.03125 0.03125 0.0605655
1 0.379883 0.301758 0.306641 0.255859 0.0701859
1 0.793945 0.71582 0.142578 0.134766 0.0823354
1 0.849609 0.652344 0.296875 0.261719 0.0860393
1 0.0751953 0.470703 0.0605469 0.0507812 0.0903764
1 0.106445 0.360352 0.0410156 0.0644531 0.0944691
1 0.174805 0.416016 0.123047 0.109375 0.104618
2 0.883789 0.926758 0.0605469 0.0917969 0.105972
1 0.148438 0.285156 0.03125 0.0273438 0.111567
1 0.0205078 0.450195 0.0410156 0.0800781 0.122945
1 0.885742 0.951172 0.0527344 0.0390625 0.148659
1 0.15625 0.322266 0.0390625 0.0273438 0.182376
1 0.200195 0.286133 0.0253906 0.0214844 0.246055
2 0.883789 0.90625 0.0488281 0.046875 0.281734
1 0.174805 0.243164 0.0449219 0.0371094 0.286147
3 0.152344 0.818359 0.304688 0.359375 0.328979
1 0.03125 0.241211 0.0625 0.0839844 0.347993
