1 0.313477 0.166016 0.0253906 0.0195312 0.020217
1 0.483398 0.0439453 0.0253906 0.0253906 0.0202348
1 0.543945 0.0234375 0.0253906 0.0234375 0.0202423
1 0.231445 0.114258 0.0605469 0.115234 0.0210814
1 0.563477 0.0214844 0.0332031 0.0273438 0.0228967
1 0.329102 0.0957031 0.0371094 0.046875 0.0230274
1 0.224609 0.161133 0.09375 0.0566406 0.0234854
1 0.231445 0.0859375 0.0410156 0.0429688 0.0244066
1 0.241211 0.133789 0.0449219 0.0488281 0.0249154
3 0.554688 0.882812 0.132812 0.144531 0.0250772
1 0.303711 0.117188 0.0371094 0.046875 0.0268392
1 0.0419922 0.145508 0.0761719 0.0527344 0.0284654
3 0.763672 0.6875 0.0625 0.0898438 0.0285261
1 0.553711 0.0253906 0.0371094 0.0273438 0.0312711
1 0.268555 0.109375 0.0722656 0.078125 0.0332003
1 0.289062 0.119141 0.0351562 0.0429688 0.0355718
1 0.0878906 0.105469 0.03125 0.0351562 0.0361956
1 0.0537109 0.12207 0.0449219 0.0722656 0.0385067
1 0.461914 0.0693359 0.111328 0.0878906 0.0394977
1 0.25 0.118164 0.046875 0.0605469 0.0418171
1 0.342773 0.149414 0.0410156 0.0332031 0.0419401
1 0.514648 0.0410156 0.0253906 0.0234375 0.0438655
1 0.100586 0.133789 0.0410156 0.0527344 0.0451291
1 0.541992 0.0537109 0.0839844 0.0917969 0.0482095
1 0.459961 0.0615234 0.0566406 0.0605469 0.0516265
1 0.475586 0.0761719 0.0292969 0.03125 0.0537952
1 0.334961 0.158203 0.0566406 0.03125 0.0595162
1 0.326172 0.0683594 0.03125 0.0273438 0.0617601
1 0.0634766 0.147461 0.0449219 0.0449219 0.0698411
1 0.0859375 0.117188 0.0273438 0.03125 0.0780533
1 0.460938 0.0449219 0.0507812 0.0273438 0.0921664
1 0.102539 0.126953 0.119141 0.0898438 0.0970656
1 0.5625 0.0605469 0.0351562 0.0390625 0.108406
1 0.0771484 0.134766 0.0605469 0.0664062 0.111509
1 0.299805 0.103516 0.0839844 0.09375 0.115877
1 0.0126953 0.149414 0.0253906 0.0371094 0.146278
1 0.333008 0.110352 0.0371094 0.0410156 0.171567
1 0.447266 0.0800781 0.078125 0.046875 0.178796
1 0.0175781 0.139648 0.0351562 0.0605469 0.200964
1 0.140625 0.131836 0.0507812 0.0527344 0.202499
3 0.905273 0.0810547 0.189453 0.162109 0.21086
1 0.518555 0.0830078 0.0449219 0.0449219 0.247052
1 0.0517578 0.103516 0.0292969 0.0273438 0.312551
