1 0.331055 0.688477 0.0566406 0.0449219 0.0201769
1 0.692383 0.486328 0.0214844 0.03125 0.0216643
1 0.0283203 0.248047 0.0566406 0.0703125 0.0220307
1 0.673828 0.0380859 0.0429688 0.0449219 0.0223065
1 0.542969 0.759766 0.046875 0.046875 0.0224315
1 0.124023 0.423828 0.0761719 0.0820312 0.024649
1 0.731445 0.683594 0.0488281 0.046875 0.0249788
1 0.567383 0.612305 0.0566406 0.0683594 0.0255718
1 0.643555 0.791016 0.0527344 0.0507812 0.0261038
3 0.231445 0.164062 0.291016 0.324219 0.0273314
1 0.0996094 0.358398 0.0234375 0.0371094 0.028733
1 0.824219 0.741211 0.0546875 0.0488281 0.029976
1 0.207031 0.568359 0.0234375 0.0273438 0.0302899
1 0.0332031 0.806641 0.0273438 0.0273438 0.0302939
1 0.879883 0.740234 0.0527344 0.0664062 0.0309347
1 0.701172 0.551758 0.0507812 0.0449219 0.0321788
1 0.680664 0.767578 0.0332031 0.0390625 0.0324444
1 0.634766 0.771484 0.0625 0.078125 0.0338869
1 0.676758 0.802734 0.0292969 0.0273438 0.035977
1 0.0820312 0.345703 0.046875 0.0429688 0.0366406
1 0.905273 0.758789 0.0722656 0.134766 0.0371797
1 0.202148 0.558594 0.0292969 0.03125 0.0373191
1 0.647461 0.493164 0.0761719 0.0722656 0.0379124
0 0.552734 0.84375 0.867188 0.304688 0.0380475
1 0.549805 0.635742 0.119141 0.158203 0.0396202
1 0.905273 0.794922 0.0683594 0.0625 0.0399762
1 0.114258 0.393555 0.0644531 0.0566406 0.0434542
1 0.0361328 0.0751953 0.0722656 0.0839844 0.0437076
1 0.193359 0.552734 0.0664062 0.0859375 0.0442006
1 0.210938 0.609375 0.0703125 0.0585938 0.0453487
1 0.805664 0.735352 0.0253906 0.0253906 0.0500949
1 0.577148 0.649414 0.0722656 0.115234 0.0533561
1 0.834961 0.753906 0.0644531 0.0898438 0.0639097
1 0.698242 0.564453 0.0371094 0.0195312 0.0664337
1 0.658203 0.77832 0.0742188 0.0761719 0.067438
1 0.516602 0.702148 0.0449219 0.0488281 0.071146
1 0.225586 0.605469 0.0253906 0.0273438 0.0765314
3 0.461914 0.957031 0.0957031 0.0859375 0.0791382
1 0.186523 0.540039 0.0449219 0.0488281 0.0996521
1 0.0703125 0.295898 0.0273438 0.0253906 0.100223
1 0.144531 0.438477 0.0390625 0.0410156 0.104536
1 0.109375 0.368164 0.0234375 0.0253906 0.114328
1 0.641602 0.790039 0.111328 0.138672 0.122556
1 0.0888672 0.334961 0.0332031 0.0332031 0.132065
1 0.119141 0.400391 0.0351562 0.03125 0.155365
1 0.543945 0.592773 0.0761719 0.0722656 0.155371
1 0.578125 0.674805 0.0585938 0.0605469 0.164958
1 0.620117 0.841797 0.0566406 0.0507812 0.168444
1 0.866211 0.742188 0.107422 0.109375 0.220316
1 0.175781 0.732422 0.046875 0.0429688 0.231715
1 0.625977 0.46875 0.0488281 0.0429688 0.271204
1 0.0429688 0.923828 0.0859375 0.128906 0.279886
1 0.708984 0.540039 0.0390625 0.0410156 0.304331
1 0.28418 0.719727 0.162109 0.126953 0.363206
1 0.754883 0.550781 0.0449219 0.0429688 0.393455
1 0.783203 0.701172 0.0507812 0.0507812 0.394535
1 0.592773 0.501953 0.0566406 0.0507812 0.496875
1 0.662109 0.5 0.0429688 0.046875 0.618593
