1 0.602539 0.395508 0.0410156 0.0449219 0.0207299
1 0.540039 0.193359 0.0917969 0.0546875 0.021681
1 0.530273 0.111328 0.0917969 0.179688 0.0220455
1 0.427734 0.0439453 0.0585938 0.0761719 0.0237222
1 0.30957 0.170898 0.0527344 0.0566406 0.023752
1 0.612305 0.349609 0.0449219 0.0390625 0.0250068
1 0.344727 0.166016 0.0292969 0.03125 0.0255041
1 0.227539 0.152344 0.0957031 0.078125 0.0261278
5 0.615234 0.350586 0.0390625 0.0332031 0.0302972
1 0.40625 0.126953 0.0585938 0.09375 0.0307822
1 0.249023 0.0117188 0.0605469 0.0234375 0.0309633
1 0.0175781 0.90625 0.0351562 0.117188 0.0388158
3 0.821289 0.566406 0.205078 0.402344 0.0389664
1 0.154297 0.544922 0.132812 0.214844 0.0431844
1 0.236328 0.172852 0.0351562 0.0371094 0.0452988
1 0.334961 0.0830078 0.0644531 0.0332031 0.0474616
1 0.0332031 0.689453 0.0664062 0.117188 0.0487248
1 0.0205078 0.602539 0.0410156 0.279297 0.0493108
1 0.227539 0.124023 0.0722656 0.0722656 0.0571542
1 0.207031 0.170898 0.0429688 0.0332031 0.0602986
1 0.236328 0.0205078 0.0546875 0.0410156 0.0605683
1 0.441406 0.102539 0.0273438 0.0371094 0.0632867
3 0.424805 0.717773 0.330078 0.0644531 0.0651821
1 0.432617 0.105469 0.0488281 0.0507812 0.065369
2 0.933594 0.980469 0.0625 0.0390625 0.0741713
1 0.394531 0.15918 0.0625 0.0449219 0.0752345
1 0.355469 0.0810547 0.0273438 0.0253906 0.0834066
1 0.271484 0.142578 0.03125 0.0273438 0.0863874
1 0.0419922 0.59668 0.0839844 0.302734 0.0943366
3 0.423828 0.611328 0.339844 0.273438 0.111331
1 0.362305 0.162109 0.0488281 0.0390625 0.119907
1 0.5 0.0849609 0.125 0.115234 0.123415
1 0.49707 0.112305 0.185547 0.208984 0.13471
1 0.253906 0.174805 0.0390625 0.0332031 0.140283
1 0.223633 0.111328 0.0488281 0.0429688 0.178469
1 0.322266 0.0966797 0.0351562 0.0332031 0.20194
1 0.583984 0.405273 0.0664062 0.0605469 0.202922
1 0.109375 0.580078 0.21875 0.265625 0.211209
1 0.408203 0.105469 0.046875 0.0507812 0.243093
1 0.306641 0.171875 0.0351562 0.03125 0.294313
