1 0.50293 0.976562 0.0644531 0.046875 0.0211107
1 0.986328 0.621094 0.0273438 0.0625 0.029133
1 0.0361328 0.305664 0.0722656 0.0878906 0.0302815
5 0.240234 0.176758 0.0273438 0.0253906 0.0331225
3 0.0322266 0.0527344 0.0644531 0.105469 0.0336864
3 0.306641 0.304688 0.167969 0.234375 0.033755
3 0.299805 0.479492 0.201172 0.150391 0.0362056
1 0.0185547 0.212891 0.0371094 0.0859375 0.052085
1 0.0419922 0.40918 0.0292969 0.0292969 0.0577592
1 0.0253906 0.429688 0.0507812 0.0742188 0.0753188
3 0.851562 0.211914 0.289062 0.423828 0.085867
5 0.53125 0.0449219 0.03125 0.0273438 0.122682
3 0.929688 0.492188 0.140625 0.253906 0.16273
3 0.582031 0.209961 0.191406 0.224609 0.377559
