1 0.760742 0.338867 0.0605469 0.0332031 0.0208802
1 0.835938 0.619141 0.0351562 0.03125 0.0213838
1 0.911133 0.0898438 0.0488281 0.046875 0.0240735
1 0.772461 0.555664 0.0253906 0.0214844 0.0249732
1 0.919922 0.12793 0.0390625 0.0332031 0.0257038
1 0.890625 0.540039 0.046875 0.0683594 0.0262678
1 0.987305 0.256836 0.0253906 0.0566406 0.0277725
1 0.59668 0.257812 0.0566406 0.0507812 0.0283646
1 0.787109 0.536133 0.0429688 0.0371094 0.0300988
1 0.829102 0.582031 0.0332031 0.0273438 0.0302936
1 0.988281 0.56543 0.0234375 0.0566406 0.0304502
0 0.450195 0.116211 0.501953 0.232422 0.0308171
1 0.972656 0.578125 0.0507812 0.0859375 0.0318851
1 0.351562 0.166016 0.0273438 0.0234375 0.0326373
5 0.314453 0.0966797 0.03125 0.0371094 0.0345636
1 0.832031 0.605469 0.0390625 0.0351562 0.0346766
1 0.936523 0.174805 0.0410156 0.0449219 0.0370811
1 0.958984 0.224609 0.078125 0.132812 0.0411497
1 0.651367 0.220703 0.0449219 0.0507812 0.0416913
1 0.953125 0.542969 0.0429688 0.03125 0.0438718
1 0.774414 0.383789 0.0566406 0.0410156 0.0443956
1 0.772461 0.349609 0.0566406 0.0429688 0.0453266
1 0.913086 0.603516 0.103516 0.09375 0.0459223
1 0.890625 0.613281 0.0546875 0.0742188 0.053807
0 0.176758 0.198242 0.341797 0.396484 0.0566198
1 0.605469 0.246094 0.0390625 0.0429688 0.0664424
1 0.823242 0.576172 0.0253906 0.0234375 0.0698235
1 0.630859 0.231445 0.0820312 0.0761719 0.0783741
1 0.90625 0.591797 0.175781 0.140625 0.0785543
1 0.358398 0.0849609 0.138672 0.126953 0.089214
1 0.77832 0.53125 0.0292969 0.0273438 0.101527
1 0.973633 0.242188 0.0527344 0.0742188 0.105791
1 0.895508 0.518555 0.0332031 0.0253906 0.117459
1 0.862305 0.617188 0.0878906 0.0820312 0.127471
1 0.953125 0.584961 0.078125 0.107422 0.171808
1 0.985352 0.235352 0.0292969 0.0683594 0.194751
1 0.849609 0.560547 0.0273438 0.0273438 0.21592
1 0.773438 0.341797 0.03125 0.0273438 0.225169
1 0.887695 0.548828 0.0332031 0.0351562 0.26151
1 0.736328 0.297852 0.0664062 0.0644531 0.339111
3 0.172852 0.195312 0.341797 0.390625 0.459151
