1 0.0712891 0.134766 0.0253906 0.0234375 0.0211437
1 0.902344 0.261719 0.0859375 0.046875 0.0212539
1 0.652344 0.25293 0.0585938 0.0644531 0.0216091
1 0.748047 0.347656 0.0585938 0.046875 0.0236698
1 0.80957 0.125 0.0371094 0.046875 0.0237072
1 0.124023 0.151367 0.0761719 0.0488281 0.0241479
1 0.22168 0.929688 0.0449219 0.0429688 0.0257125
1 0.227539 0.983398 0.0449219 0.0332031 0.0285211
1 0.128906 0.400391 0.0664062 0.0625 0.0305634
1 0.410156 0.279297 0.0429688 0.0429688 0.0316036
1 0.612305 0.366211 0.0839844 0.0644531 0.0326334
1 0.206055 0.710938 0.0722656 0.136719 0.0327979
1 0.472656 0.246094 0.0703125 0.0703125 0.0383592
1 0.65625 0.228516 0.0664062 0.0859375 0.0403638
1 0.626953 0.191406 0.0703125 0.0820312 0.0411838
1 0.214844 0.664062 0.0429688 0.0429688 0.0419973
1 0.631836 0.362305 0.0371094 0.0332031 0.0449078
1 0.882812 0.262695 0.0195312 0.0175781 0.0473328
1 0.216797 0.919922 0.0351562 0.0273438 0.0477378
1 0.198242 0.713867 0.0527344 0.0488281 0.0479309
1 0.650391 0.288086 0.046875 0.0371094 0.0496274
1 0.575195 0.367188 0.0410156 0.046875 0.0510554
1 0.0791016 0.172852 0.0527344 0.0449219 0.0546198
1 0.209961 0.679688 0.0566406 0.078125 0.0658068
1 0.991211 0.359375 0.0175781 0.0429688 0.0695489
1 0.672852 0.361328 0.0410156 0.0390625 0.0714124
1 0.816406 0.262695 0.0195312 0.0214844 0.0838329
1 0.220703 0.683594 0.0273438 0.0429688 0.0976972
1 0.795898 0.260742 0.0214844 0.0253906 0.111643
1 0.337891 0.154297 0.0703125 0.0429688 0.134614
1 0.859375 0.261719 0.0273438 0.0195312 0.141534
1 0.958984 0.111328 0.078125 0.0820312 0.142336
1 0.379883 0.530273 0.0527344 0.0488281 0.14916
1 0.222656 0.955078 0.0585938 0.0820312 0.154632
1 0.297852 0.157227 0.0605469 0.0449219 0.164739
1 0.646484 0.211914 0.105469 0.126953 0.164784
1 0.583984 0.360352 0.0625 0.0761719 0.168136
1 0.214844 0.871094 0.046875 0.0546875 0.172623
1 0.822266 0.344727 0.0703125 0.0449219 0.183542
1 0.678711 0.128906 0.0371094 0.0351562 0.184439
1 0.211914 0.857422 0.0371094 0.0273438 0.208881
1 0.193359 0.712891 0.0351562 0.03125 0.211774
1 0.0683594 0.0917969 0.0273438 0.0273438 0.213865
1 0.841797 0.347656 0.0351562 0.0273438 0.240547
1 0.207031 0.761719 0.0625 0.0507812 0.242606
1 0.319336 0.152344 0.107422 0.0664062 0.245175
1 0.461914 0.140625 0.0410156 0.03125 0.253014
1 0.725586 0.347656 0.0527344 0.0390625 0.253958
1 0.214844 0.819336 0.0390625 0.0371094 0.256103
1 0.760742 0.344727 0.0332031 0.0332031 0.262363
1 0.939453 0.0947266 0.0546875 0.0449219 0.2862
1 0.412109 0.146484 0.0429688 0.03125 0.312761
1 0.97168 0.132812 0.0527344 0.046875 0.314438
1 0.167969 0.575195 0.09375 0.0761719 0.355943
1 0.916016 0.267578 0.0429688 0.03125 0.35982
1 0.949219 0.332031 0.046875 0.046875 0.362176
1 0.0253906 0.104492 0.03125 0.0292969 0.367823
1 0.130859 0.266602 0.0585938 0.0566406 0.371538
1 0.507812 0.353516 0.078125 0.09375 0.379736
1 0.446289 0.235352 0.107422 0.0917969 0.382317
1 0.744141 0.264648 0.078125 0.0566406 0.445209
1 0.114258 0.167969 0.115234 0.0820312 0.447831
1 0.807617 0.344727 0.0371094 0.0332031 0.455779
1 0.141602 0.384766 0.0917969 0.121094 0.489136
1 0.887695 0.345703 0.0371094 0.0351562 0.54906
1 0.861328 0.106445 0.046875 0.0371094 0.561697
1 0.320312 0.266602 0.109375 0.115234 0.570021
1 0.932617 0.194336 0.0722656 0.0644531 0.613992
1 0.742188 0.121094 0.0820312 0.0859375 0.685675
1 0.413086 0.368164 0.0839844 0.103516 0.687867
1 0.561523 0.251953 0.0761719 0.0742188 0.706033
