1 0.429688 0.445312 0.0625 0.0351562 0.021752
1 0.237305 0.904297 0.0605469 0.109375 0.0226152
1 0.236328 0.873047 0.0351562 0.03125 0.0234172
4 0.651367 0.182617 0.0761719 0.0996094 0.0243678
1 0.924805 0.802734 0.0410156 0.0390625 0.027796
1 0.267578 0.984375 0.0625 0.03125 0.0288704
0 0.583984 0.787109 0.765625 0.421875 0.033965
1 0.291992 0.461914 0.0371094 0.0449219 0.039699
1 0.236328 0.900391 0.0351562 0.0351562 0.0449552
1 0.460938 0.442383 0.0234375 0.0253906 0.0452851
1 0.234375 0.884766 0.0429688 0.0664062 0.045659
1 0.445312 0.445312 0.0273438 0.0234375 0.0469799
1 0.272461 0.991211 0.0410156 0.0136719 0.0512375
1 0.0341797 0.631836 0.0566406 0.0488281 0.0532526
1 0.311523 0.458984 0.0839844 0.0664062 0.0537724
1 0.947266 0.735352 0.0507812 0.0410156 0.0555715
3 0.928711 0.260742 0.0527344 0.0683594 0.0620528
1 0.400391 0.447266 0.0664062 0.0351562 0.0639754
4 0.602539 0.243164 0.365234 0.326172 0.0662475
1 0.624023 0.43457 0.142578 0.0253906 0.074537
1 0.334961 0.393555 0.0371094 0.0371094 0.0801776
1 0.583984 0.4375 0.0859375 0.0273438 0.0919912
1 0.552734 0.44043 0.0273438 0.0214844 0.0979362
3 0.750977 0.542969 0.271484 0.101562 0.0991233
1 0.426758 0.447266 0.0371094 0.0234375 0.103865
1 0.384766 0.447266 0.0351562 0.0273438 0.124491
1 0.330078 0.461914 0.046875 0.0527344 0.137164
1 0.87793 0.707031 0.0566406 0.0429688 0.152113
4 0.368164 0.307617 0.107422 0.0957031 0.155803
1 0.499023 0.456055 0.0605469 0.0527344 0.235011
