3 0.188477 0.186523 0.361328 0.369141 0.0204071
3 0.0429688 0.764648 0.0234375 0.0175781 0.0212149
3 0.941406 0.791992 0.117188 0.0449219 0.0234911
3 0.716797 0.981445 0.125 0.0332031 0.0236028
1 0.728516 0.756836 0.0351562 0.0253906 0.0237838
3 0.955078 0.706055 0.03125 0.0214844 0.0254843
3 0.0820312 0.987305 0.0820312 0.0214844 0.0289151
1 0.742188 0.753906 0.0546875 0.0351562 0.0441287
3 0.0888672 0.668945 0.0214844 0.0214844 0.0451907
3 0.0566406 0.983398 0.03125 0.0253906 0.0480437
3 0.0927734 0.710938 0.0214844 0.0585938 0.0514863
3 0.568359 0.349609 0.277344 0.0898438 0.0522247
3 0.917969 0.990234 0.164062 0.0195312 0.0790606
3 0.0927734 0.689453 0.0214844 0.0429688 0.0857377
3 0.0830078 0.395508 0.0644531 0.0996094 0.158347
3 0.713867 0.238281 0.568359 0.476562 0.377703
3 0.0634766 0.0605469 0.126953 0.121094 0.561226
