5 0.660156 0.374023 0.0273438 0.0253906 0.0268722
3 0.0830078 0.0478516 0.166016 0.0957031 0.0294159
0 0.500977 0.304688 0.974609 0.609375 0.0308321
3 0.719727 0.544922 0.560547 0.222656 0.035097
5 0.698242 0.374023 0.126953 0.123047 0.035542
5 0.84082 0.411133 0.0410156 0.0449219 0.0461233
5 0.672852 0.443359 0.0332031 0.0351562 0.0614015
1 0.186523 0.982422 0.107422 0.0351562 0.0776689
3 0.862305 0.224609 0.271484 0.449219 0.107598
3 0.698242 0.371094 0.142578 0.128906 0.187461
5 0.736328 0.481445 0.03125 0.0292969 0.200145
