1 0.180664 0.586914 0.0214844 0.0214844 0.0205545
5 0.324219 0.641602 0.0429688 0.0253906 0.020606
1 0.19043 0.539062 0.0253906 0.0195312 0.0245101
0 0.850586 0.958984 0.244141 0.0820312 0.0251823
3 0.556641 0.119141 0.242188 0.234375 0.0255192
3 0.118164 0.166016 0.169922 0.21875 0.0275378
1 0.181641 0.569336 0.0234375 0.0214844 0.0326982
1 0.166016 0.541016 0.0195312 0.0195312 0.0385902
4 0.311523 0.432617 0.189453 0.603516 0.065421
3 0.0712891 0.0292969 0.138672 0.0585938 0.178117
3 0.757812 0.0605469 0.144531 0.121094 0.208394
