1 0.199219 0.0283203 0.0273438 0.0253906 0.0203089
3 0.918945 0.47168 0.162109 0.412109 0.0267981
3 0.421875 0.046875 0.0625 0.0585938 0.0289725
1 0.209961 0.0302734 0.0449219 0.0292969 0.0302425
3 0.96875 0.439453 0.0625 0.320312 0.0337855
3 0.97168 0.34375 0.0566406 0.121094 0.034457
3 0.958984 0.825195 0.0820312 0.0800781 0.0524604
3 0.773438 0.227539 0.160156 0.150391 0.0806829
0 0.783203 0.90918 0.359375 0.181641 0.0839337
3 0.958008 0.887695 0.0839844 0.216797 0.118572
3 0.787109 0.154297 0.191406 0.308594 0.310383
5 0.498047 0.436523 0.101562 0.0800781 0.326999
3 0.855469 0.525391 0.28125 0.269531 0.734211
