1 0.449219 0.271484 0.0234375 0.0195312 0.0205098
1 0.145508 0.240234 0.0292969 0.0429688 0.0214175
1 0.897461 0.136719 0.0253906 0.0234375 0.0218131
1 0.0244141 0.205078 0.0488281 0.046875 0.0225081
1 0.37793 0.264648 0.0332031 0.0253906 0.0236642
1 0.717773 0.288086 0.0722656 0.0683594 0.026303
5 0.630859 0.808594 0.0820312 0.0664062 0.0275885
1 0.797852 0.269531 0.0644531 0.0664062 0.0287352
1 0.157227 0.0517578 0.0410156 0.0214844 0.0287838
1 0.116211 0.0830078 0.0800781 0.0449219 0.030416
1 0.980469 0.842773 0.0390625 0.0761719 0.033414
1 0.109375 0.171875 0.0351562 0.03125 0.0343129
1 0.155273 0.0859375 0.0917969 0.0507812 0.0348391
1 0.286133 0.228516 0.0214844 0.0273438 0.0353653
1 0.745117 0.279297 0.0292969 0.0390625 0.0358804
1 0.724609 0.27832 0.03125 0.0371094 0.0362701
1 0.758789 0.280273 0.0449219 0.0449219 0.0378035
5 0.65625 0.985352 0.0546875 0.0292969 0.0396956
1 0.969727 0.224609 0.0292969 0.0351562 0.0428176
1 0.0214844 0.193359 0.0429688 0.125 0.0438828
1 0.879883 0.260742 0.0488281 0.0722656 0.0465912
1 0.639648 0.271484 0.0605469 0.0507812 0.0481398
4 0.15332 0.755859 0.306641 0.476562 0.0515262
1 0.823242 0.265625 0.162109 0.105469 0.0530102
1 0.775391 0.286133 0.0585938 0.0644531 0.0600386
1 0.0410156 0.206055 0.0742188 0.0761719 0.0624328
1 0.972656 0.822266 0.0546875 0.136719 0.0727199
1 0.0693359 0.21582 0.130859 0.107422 0.0749038
1 0.615234 0.271484 0.09375 0.0664062 0.0751081
1 0.416992 0.267578 0.0292969 0.0234375 0.0752869
1 0.256836 0.0654297 0.0292969 0.0214844 0.0815514
1 0.249023 0.0830078 0.0449219 0.0605469 0.0884883
5 0.626953 0.916992 0.09375 0.0839844 0.0924376
1 0.820312 0.0244141 0.0664062 0.0488281 0.0953522
1 0.941406 0.260742 0.046875 0.0566406 0.105172
1 0.702148 0.28418 0.0410156 0.0449219 0.120696
5 0.744141 0.911133 0.0898438 0.0839844 0.133749
1 0.152344 0.09375 0.046875 0.0351562 0.135019
1 0.851562 0.256836 0.0976562 0.0761719 0.163514
1 0.1875 0.0585938 0.0351562 0.0273438 0.182495
5 0.368164 0.0244141 0.0527344 0.0332031 0.190737
1 0.0996094 0.0761719 0.046875 0.0273438 0.198461
1 0.950195 0.248047 0.0644531 0.09375 0.204946
1 0.118164 0.235352 0.0761719 0.0839844 0.213687
1 0.597656 0.272461 0.0546875 0.0527344 0.243107
1 0.651367 0.272461 0.0332031 0.0332031 0.273586
1 0.178711 0.0966797 0.0488281 0.0332031 0.292203
1 0.198242 0.267578 0.0449219 0.0351562 0.349564
1 0.246094 0.103516 0.046875 0.0390625 0.382074
1 0.202148 0.22168 0.0410156 0.0371094 0.467513
1 0.240234 0.176758 0.0664062 0.0527344 0.524593
1 0.160156 0.138672 0.046875 0.0351562 0.604811
