1 0.725586 0.786133 0.0566406 0.0449219 0.0219806
1 0.418945 0.983398 0.0527344 0.0332031 0.0225639
1 0.417969 0.886719 0.0429688 0.0351562 0.022595
1 0.69043 0.555664 0.0566406 0.0996094 0.0232211
1 0.426758 0.767578 0.0449219 0.0390625 0.0238825
1 0.706055 0.652344 0.0410156 0.0507812 0.0240851
1 0.015625 0.383789 0.03125 0.0488281 0.02769
1 0.723633 0.728516 0.0253906 0.03125 0.0288402
1 0.726562 0.743164 0.0273438 0.0332031 0.029224
1 0.691406 0.532227 0.0273438 0.0371094 0.030084
1 0.745117 0.9375 0.0449219 0.0507812 0.0306817
1 0.397461 0.486328 0.103516 0.15625 0.032035
1 0.421875 0.858398 0.0625 0.0683594 0.0324936
1 0.0117188 0.379883 0.0234375 0.0253906 0.0325363
1 0.711914 0.698242 0.0449219 0.0800781 0.0333124
1 0.714844 0.698242 0.03125 0.0332031 0.03357
1 0.709961 0.667969 0.0449219 0.0507812 0.0337138
1 0.750977 0.930664 0.0371094 0.0292969 0.0349014
1 0.400391 0.601562 0.0546875 0.0390625 0.0368702
1 0.699219 0.569336 0.0234375 0.0253906 0.0390186
1 0.898438 0.115234 0.0234375 0.0195312 0.0397936
1 0.75293 0.953125 0.0488281 0.0429688 0.0411783
1 0.719727 0.710938 0.0292969 0.0351562 0.0416492
1 0.728516 0.754883 0.0273438 0.0214844 0.0466718
1 0.0166016 0.431641 0.0332031 0.03125 0.0544518
1 0.708984 0.638672 0.03125 0.0273438 0.0552857
1 0.423828 0.910156 0.0742188 0.167969 0.056103
1 0.71582 0.717773 0.0644531 0.177734 0.0596536
1 0.722656 0.760742 0.0546875 0.0917969 0.0602086
1 0.405273 0.780273 0.0722656 0.0605469 0.0637753
1 0.708984 0.668945 0.03125 0.0292969 0.0639778
1 0.445312 0.808594 0.03125 0.0273438 0.0654073
1 0.739258 0.922852 0.0683594 0.0800781 0.0670262
1 0.0185547 0.402344 0.0332031 0.0273438 0.0688979
0 0.633789 0.398438 0.732422 0.683594 0.0689355
1 0.714844 0.945312 0.03125 0.0273438 0.0740482
3 0.267578 0.783203 0.078125 0.09375 0.0885473
1 0.0126953 0.364258 0.0253906 0.0410156 0.0931856
1 0.745117 0.955078 0.0332031 0.0273438 0.0935103
1 0.43457 0.976562 0.0761719 0.046875 0.0984707
1 0.418945 0.84668 0.0449219 0.0410156 0.114056
3 0.871094 0.688477 0.25 0.525391 0.133929
1 0.432617 0.761719 0.0292969 0.0234375 0.135873
1 0.728516 0.785156 0.0351562 0.03125 0.139734
1 0.423828 0.911133 0.0507812 0.0449219 0.150329
1 0.0195312 0.396484 0.0390625 0.125 0.162842
1 0.401367 0.783203 0.0449219 0.0390625 0.17167
1 0.40332 0.524414 0.0800781 0.0683594 0.250479
0 0.87207 0.702148 0.248047 0.564453 0.258033
1 0.405273 0.617188 0.0644531 0.0742188 0.317275
1 0.739258 0.902344 0.0527344 0.046875 0.331776
1 0.735352 0.848633 0.0488281 0.0449219 0.49551
1 0.0341797 0.740234 0.0683594 0.105469 0.552681
