1 0.182617 0.963867 0.0761719 0.0644531 0.0200612
1 0.0322266 0.748047 0.0644531 0.09375 0.020219
2 0.708984 0.120117 0.0585938 0.0566406 0.0208303
1 0.650391 0.878906 0.0859375 0.152344 0.0215088
1 0.851562 0.871094 0.0546875 0.0585938 0.0228347
1 0.387695 0.664062 0.0605469 0.0664062 0.024084
1 0.266602 0.875977 0.146484 0.103516 0.025165
1 0.585938 0.755859 0.144531 0.148438 0.0264172
1 0.875 0.945312 0.0742188 0.0820312 0.0267836
1 0.277344 0.979492 0.125 0.0410156 0.0282439
1 0.952148 0.854492 0.0761719 0.0605469 0.0314148
0 0.0742188 0.892578 0.148438 0.214844 0.0316537
1 0.25 0.78125 0.121094 0.109375 0.0327412
1 0.961914 0.741211 0.0761719 0.0917969 0.0344136
1 0.367188 0.748047 0.0898438 0.132812 0.0383061
1 0.274414 0.948242 0.150391 0.0996094 0.0406574
1 0.625 0.902344 0.0625 0.0507812 0.0494475
1 0.633789 0.796875 0.0996094 0.117188 0.0498242
1 0.178711 0.610352 0.263672 0.150391 0.057423
1 0.644531 0.827148 0.113281 0.216797 0.0577461
1 0.112305 0.584961 0.0957031 0.115234 0.0580433
1 0.911133 0.711914 0.173828 0.142578 0.0605825
1 0.25 0.855469 0.214844 0.277344 0.063693
1 0.447266 0.776367 0.105469 0.0917969 0.0684351
1 0.418945 0.975586 0.0839844 0.0488281 0.0707719
1 0.203125 0.775391 0.140625 0.121094 0.0742813
1 0.418945 0.951172 0.0957031 0.0976562 0.085948
1 0.163086 0.782227 0.322266 0.169922 0.126139
1 0.913086 0.888672 0.169922 0.210938 0.138936
1 0.0322266 0.607422 0.0644531 0.09375 0.158795
1 0.641602 0.898438 0.0996094 0.0703125 0.161559
1 0.0830078 0.598633 0.166016 0.150391 0.167143
1 0.230469 0.624023 0.144531 0.115234 0.175592
1 0.945312 0.837891 0.105469 0.101562 0.2126
1 0.0654297 0.753906 0.123047 0.109375 0.230609
1 0.535156 0.755859 0.304688 0.167969 0.253724
1 0.445312 0.923828 0.144531 0.152344 0.322182
