1 0.842773 0.244141 0.283203 0.230469 0.0202263
1 0.191406 0.726562 0.0546875 0.0390625 0.0205683
1 0.892578 0.176758 0.0625 0.0761719 0.0209861
1 0.626953 0.015625 0.0390625 0.03125 0.0223534
1 0.697266 0.960938 0.265625 0.078125 0.0226382
1 0.773438 0.34082 0.0976562 0.158203 0.0237198
1 0.231445 0.0292969 0.0410156 0.046875 0.024142
1 0.765625 0.28418 0.109375 0.0683594 0.0245292
1 0.651367 0.979492 0.166016 0.0410156 0.0250941
3 0.724609 0.702148 0.136719 0.283203 0.0265398
3 0.683594 0.564453 0.230469 0.542969 0.0273156
1 0.817383 0.206055 0.0605469 0.0488281 0.031989
1 0.748047 0.0117188 0.0859375 0.0234375 0.0344252
1 0.0517578 0.460938 0.0449219 0.0351562 0.0353006
1 0.837891 0.203125 0.277344 0.105469 0.0361649
1 0.757812 0.946289 0.105469 0.0996094 0.0378485
1 0.783203 0.283203 0.0585938 0.0390625 0.0379356
1 0.871094 0.186523 0.0820312 0.0683594 0.0416925
1 0.750977 0.219727 0.0605469 0.0527344 0.042754
1 0.850586 0.194336 0.0566406 0.0566406 0.0436527
1 0.015625 0.574219 0.03125 0.175781 0.0440966
1 0.837891 0.197266 0.03125 0.0429688 0.0494977
1 0.738281 0.046875 0.128906 0.09375 0.057027
1 0.989258 0.131836 0.0214844 0.0371094 0.0670924
3 0.492188 0.921875 0.28125 0.15625 0.0720061
1 0.952148 0.147461 0.0566406 0.0488281 0.0798596
1 0.893555 0.894531 0.205078 0.195312 0.08116
1 0.735352 0.238281 0.0605469 0.0703125 0.0935398
1 0.777344 0.304688 0.0742188 0.0664062 0.0946135
1 0.793945 0.217773 0.0527344 0.0566406 0.101713
1 0.989258 0.285156 0.0214844 0.0546875 0.109745
1 0.766602 0.227539 0.119141 0.0800781 0.120692
1 0.884766 0.178711 0.0429688 0.0488281 0.16898
1 0.229492 0.0283203 0.0292969 0.0253906 0.171866
1 0.725586 0.0185547 0.0761719 0.0371094 0.176002
1 0.783203 0.90332 0.433594 0.193359 0.184385
1 0.957031 0.293945 0.0859375 0.0800781 0.192501
1 0.777344 0.379883 0.0664062 0.0683594 0.397598
1 0.869141 0.316406 0.0703125 0.0898438 0.475413
