0 0.878906 0.157227 0.21875 0.310547 0.0257016
1 0.178711 0.954102 0.134766 0.0449219 0.0259337
1 0.454102 0.451172 0.0527344 0.078125 0.0266969
1 0.47168 0.53418 0.0332031 0.0214844 0.0284249
1 0.457031 0.454102 0.0390625 0.0449219 0.0326727
3 0.544922 0.555664 0.0664062 0.443359 0.033747
1 0.46875 0.566406 0.0703125 0.0625 0.0427885
1 0.475586 0.584961 0.0410156 0.0253906 0.0433927
3 0.520508 0.226562 0.0683594 0.179688 0.106204
1 0.46582 0.56543 0.0449219 0.0410156 0.137112
0 0.887695 0.918945 0.224609 0.162109 0.191956
1 0.477539 0.613281 0.0371094 0.0351562 0.359518
3 0.795898 0.420898 0.0371094 0.0839844 0.365144
1 0.483398 0.657227 0.0410156 0.0332031 0.501645
2 0.0625 0.0615234 0.046875 0.0566406 0.564615
