1 0.431641 0.638672 0.0546875 0.0429688 0.0203304
1 0.75 0.583008 0.0585938 0.0371094 0.025715
1 0.765625 0.546875 0.0351562 0.0390625 0.0260048
1 0.414062 0.930664 0.359375 0.138672 0.0261687
1 0.264648 0.758789 0.0449219 0.0449219 0.0271667
3 0.652344 0.474609 0.0859375 0.105469 0.0361926
1 0.65332 0.475586 0.0878906 0.107422 0.0373085
1 0.354492 0.738281 0.0527344 0.0742188 0.0395575
1 0.793945 0.504883 0.0253906 0.0371094 0.0410268
1 0.323242 0.744141 0.134766 0.09375 0.0455707
1 0.751953 0.5625 0.0703125 0.078125 0.0467078
1 0.771484 0.539062 0.113281 0.117188 0.0491065
1 0.450195 0.688477 0.103516 0.126953 0.0526131
1 0.370117 0.727539 0.0917969 0.103516 0.0593722
1 0.0214844 0.852539 0.0429688 0.123047 0.065163
1 0.0898438 0.826172 0.0742188 0.078125 0.0659354
1 0.0566406 0.835938 0.105469 0.0976562 0.0762711
1 0.719727 0.37207 0.115234 0.0996094 0.0912122
1 0.279297 0.754883 0.0664062 0.0839844 0.100089
1 0.378906 0.71582 0.265625 0.166016 0.121623
1 0.116211 0.816406 0.0683594 0.0664062 0.124227
1 0.805664 0.550781 0.0410156 0.0625 0.138081
0 0.451172 0.321289 0.863281 0.630859 0.155845
1 0.743164 0.447266 0.0839844 0.0742188 0.165876
3 0.87793 0.290039 0.169922 0.197266 0.259541
1 0.203125 0.795898 0.0742188 0.0683594 0.260404
3 0.885742 0.446289 0.111328 0.126953 0.29253
1 0.806641 0.533203 0.0546875 0.113281 0.421032
