3 0.460938 0.416992 0.128906 0.0839844 0.0225114
3 0.257812 0.402344 0.0664062 0.308594 0.0230611
2 0.660156 0.422852 0.0664062 0.0605469 0.0231513
3 0.27832 0.952148 0.107422 0.0957031 0.0254692
3 0.740234 0.0302734 0.113281 0.0605469 0.0279508
5 0.805664 0.107422 0.0371094 0.0351562 0.029455
5 0.955078 0.588867 0.0351562 0.0332031 0.0319163
1 0.964844 0.458008 0.0703125 0.119141 0.0390491
3 0.925781 0.844727 0.148438 0.298828 0.0460197
5 0.799805 0.0820312 0.0292969 0.0273438 0.0468065
5 0.802734 0.09375 0.0507812 0.0546875 0.0491763
1 0.660156 0.422852 0.0625 0.0605469 0.0670404
1 0.75293 0.417969 0.0605469 0.0546875 0.0765363
3 0.724609 0.817383 0.257812 0.244141 0.103483
