1 0.986328 0.919922 0.0273438 0.078125 0.020592
1 0.969727 0.0625 0.0605469 0.125 0.0229756
1 0.641602 0.243164 0.380859 0.189453 0.0372788
1 0.177734 0.790039 0.136719 0.138672 0.0396684
3 0.262695 0.236328 0.345703 0.316406 0.0420985
1 0.283203 0.525391 0.492188 0.210938 0.0506156
1 0.204102 0.536133 0.263672 0.154297 0.0506556
1 0.695312 0.216797 0.546875 0.429688 0.0549607
1 0.548828 0.242188 0.179688 0.179688 0.0575326
1 0.805664 0.0595703 0.279297 0.115234 0.0614919
1 0.0771484 0.94043 0.154297 0.119141 0.0704785
1 0.643555 0.131836 0.0449219 0.0410156 0.106656
1 0.8125 0.154297 0.320312 0.304688 0.112642
