1 0.952148 0.0644531 0.0449219 0.0429688 0.0201501
1 0.435547 0.00976562 0.0234375 0.015625 0.020582
1 0.449219 0.0986328 0.015625 0.0136719 0.0207717
1 0.241211 0.603516 0.0410156 0.0429688 0.0222189
1 0.164062 0.455078 0.0195312 0.0195312 0.0224098
1 0.459961 0.116211 0.0253906 0.0214844 0.0226576
1 0.449219 0.0976562 0.0390625 0.0429688 0.024596
1 0.111328 0.386719 0.0117188 0.0195312 0.0249125
1 0.456055 0.105469 0.0214844 0.0195312 0.0272884
1 0.822266 0.967773 0.03125 0.0253906 0.0273565
1 0.204102 0.545898 0.0175781 0.0214844 0.0293307
1 0.441406 0.0878906 0.0195312 0.0234375 0.0296076
1 0.294922 0.808594 0.0273438 0.0273438 0.029885
1 0.108398 0.371094 0.0214844 0.0273438 0.0319037
1 0.166016 0.487305 0.0195312 0.0136719 0.0332627
1 0.412109 0.0341797 0.0195312 0.0136719 0.0352157
1 0.12207 0.394531 0.0292969 0.03125 0.0359161
1 0.169922 0.481445 0.0117188 0.0175781 0.0364201
1 0.336914 0.0322266 0.0214844 0.0175781 0.0367714
1 0.148438 0.447266 0.0390625 0.0429688 0.0381754
3 0.924805 0.461914 0.150391 0.908203 0.0404547
1 0.233398 0.594727 0.0253906 0.0292969 0.0406224
1 0.181641 0.513672 0.015625 0.0195312 0.0447843
1 0.411133 0.0273438 0.0175781 0.0195312 0.0452264
1 0.143555 0.449219 0.0136719 0.0195312 0.0490647
1 0.0830078 0.314453 0.0253906 0.0234375 0.0492989
1 0.334961 0.0244141 0.0292969 0.0292969 0.0523402
1 0.396484 0.0078125 0.0273438 0.015625 0.0568763
1 0.203125 0.548828 0.0117188 0.015625 0.057505
1 0.431641 0.0537109 0.015625 0.0136719 0.0607581
1 0.154297 0.456055 0.0234375 0.0332031 0.0621516
1 0.0908203 0.335938 0.0175781 0.0195312 0.0644333
1 0.108398 0.360352 0.00976562 0.0136719 0.0668651
1 0.331055 0.0117188 0.0332031 0.0234375 0.0750967
1 0.137695 0.432617 0.0175781 0.0136719 0.083865
1 0.15918 0.473633 0.0175781 0.0175781 0.0907907
1 0.196289 0.536133 0.0175781 0.0136719 0.0932776
1 0.146484 0.442383 0.0195312 0.0175781 0.0940643
1 0.489258 0.0986328 0.0253906 0.0214844 0.094921
3 0.741211 0.299805 0.517578 0.599609 0.102755
1 0.143555 0.436523 0.0214844 0.0214844 0.124489
1 0.112305 0.380859 0.0175781 0.015625 0.133743
1 0.109375 0.355469 0.0195312 0.0195312 0.21681
1 0.158203 0.462891 0.0195312 0.0195312 0.217326
1 0.12793 0.398438 0.0214844 0.0195312 0.222661
1 0.225586 0.585938 0.0175781 0.015625 0.231591
1 0.244141 0.607422 0.0273438 0.0234375 0.234522
1 0.19043 0.523438 0.0214844 0.0234375 0.247834
1 0.507812 0.0361328 0.078125 0.0722656 0.3139
1 0.207031 0.558594 0.0195312 0.0195312 0.378412
1 0.448242 0.0283203 0.0253906 0.0253906 0.451068
