4 0.743164 0.892578 0.439453 0.207031 0.0207845
1 0.572266 0.896484 0.0546875 0.0390625 0.0210236
1 0.576172 0.224609 0.0585938 0.046875 0.0214772
1 0.567383 0.886719 0.0332031 0.0273438 0.0235146
1 0.447266 0.351562 0.03125 0.015625 0.0260779
1 0.553711 0.838867 0.0527344 0.0644531 0.026246
1 0.44043 0.311523 0.0449219 0.0410156 0.0322336
1 0.758789 0.194336 0.0332031 0.0292969 0.0326226
1 0.651367 0.206055 0.0449219 0.0292969 0.0371071
1 0.451172 0.385742 0.03125 0.0214844 0.0408486
3 0.670898 0.761719 0.326172 0.0742188 0.0482829
1 0.75293 0.205078 0.0488281 0.0546875 0.0496786
1 0.445312 0.341797 0.0664062 0.175781 0.0593672
1 0.550781 0.816406 0.0507812 0.0429688 0.0601385
1 0.666992 0.197266 0.0175781 0.0195312 0.0617529
3 0.110352 0.22168 0.220703 0.443359 0.065561
1 0.458984 0.397461 0.03125 0.0292969 0.0747682
1 0.743164 0.21582 0.0292969 0.0292969 0.0825908
1 0.556641 0.853516 0.0390625 0.03125 0.104469
1 0.449219 0.366211 0.0273438 0.0253906 0.111112
1 0.4375 0.28125 0.0625 0.0625 0.134866
1 0.59375 0.946289 0.046875 0.0449219 0.136705
1 0.399414 0.128906 0.0566406 0.0664062 0.161729
1 0.702148 0.200195 0.0371094 0.0292969 0.185614
1 0.637695 0.203125 0.0371094 0.03125 0.207639
1 0.410156 0.207031 0.0664062 0.0625 0.244084
1 0.443359 0.329102 0.0390625 0.0410156 0.255984
5 0.601562 0.505859 0.0585938 0.0429688 0.350436
3 0.655273 0.561523 0.439453 0.314453 0.613312
