5 0.62793 0.520508 0.0292969 0.0214844 0.022075
5 0.619141 0.485352 0.03125 0.0332031 0.0221682
1 0.923828 0.015625 0.0546875 0.03125 0.0225488
5 0.297852 0.870117 0.0214844 0.0214844 0.0256076
1 0.912109 0.208984 0.046875 0.0390625 0.026796
1 0.913086 0.197266 0.0644531 0.0625 0.0339616
3 0.0996094 0.985352 0.199219 0.0292969 0.0360337
5 0.541016 0.834961 0.0507812 0.0449219 0.0427029
3 0.652344 0.495117 0.105469 0.130859 0.0533003
3 0.890625 0.65332 0.0585938 0.220703 0.0753608
1 0.69043 0.200195 0.0527344 0.0527344 0.0865094
3 0.730469 0.660156 0.148438 0.207031 0.12355
1 0.919922 0.120117 0.09375 0.0957031 0.162308
5 0.334961 0.887695 0.0410156 0.0371094 0.393222
