1 0.817383 0.842773 0.0449219 0.0527344 0.0213877
0 0.261719 0.648438 0.503906 0.3125 0.022003
3 0.958984 0.438477 0.0664062 0.0644531 0.0228498
1 0.769531 0.890625 0.0351562 0.0273438 0.0261329
1 0.789062 0.969727 0.0976562 0.0605469 0.0301881
5 0.347656 0.96875 0.0429688 0.046875 0.0324611
5 0.37207 0.974609 0.0449219 0.046875 0.0365328
3 0.938477 0.426758 0.111328 0.0878906 0.0472987
1 0.773438 0.844727 0.046875 0.0488281 0.0474646
0 0.515625 0.59668 0.945312 0.357422 0.0513966
1 0.494141 0.604492 0.0273438 0.0292969 0.0516239
5 0.353516 0.966797 0.0742188 0.0625 0.0748423
1 0.790039 0.839844 0.0839844 0.0703125 0.083914
1 0.6875 0.921875 0.0820312 0.0859375 0.114332
1 0.760742 0.974609 0.0761719 0.0507812 0.119737
