1 0.96582 0.0429688 0.0683594 0.078125 0.0209572
1 0.716797 0.0527344 0.351562 0.101562 0.0222846
0 0.168945 0.166016 0.330078 0.328125 0.0227767
5 0.0224609 0.322266 0.0449219 0.0625 0.0232002
1 0.988281 0.938477 0.0234375 0.0605469 0.024016
1 0.988281 0.878906 0.0234375 0.0351562 0.0264622
1 0.987305 0.926758 0.0253906 0.142578 0.034218
3 0.607422 0.785156 0.679688 0.425781 0.0368504
1 0.982422 0.126953 0.0351562 0.0585938 0.0423371
3 0.751953 0.94043 0.402344 0.119141 0.0537698
5 0.266602 0.81543 0.0644531 0.0566406 0.323065
5 0.291016 0.870117 0.0429688 0.0449219 0.492251
