1 0.97168 0.458984 0.0527344 0.046875 0.0202087
1 0.924805 0.453125 0.0449219 0.0507812 0.0202166
1 0.0214844 0.577148 0.0429688 0.150391 0.0207236
1 0.34082 0.574219 0.0488281 0.0507812 0.0209078
1 0.958008 0.833984 0.0449219 0.078125 0.0216412
1 0.963867 0.354492 0.0214844 0.0175781 0.0218073
1 0.197266 0.77832 0.101562 0.212891 0.0219533
1 0.870117 0.829102 0.0214844 0.0214844 0.021973
0 0.738281 0.790039 0.207031 0.232422 0.0246091
1 0.193359 0.430664 0.25 0.181641 0.0248565
1 0.549805 0.889648 0.0644531 0.115234 0.0248601
0 0.282227 0.954102 0.396484 0.0917969 0.0249263
1 0.976562 0.489258 0.046875 0.0957031 0.024946
1 0.911133 0.592773 0.0292969 0.0292969 0.0271823
1 0.860352 0.993164 0.0839844 0.0136719 0.0278511
1 0.880859 0.84375 0.0273438 0.0234375 0.0282723
1 0.448242 0.391602 0.115234 0.126953 0.0290905
1 0.979492 0.834961 0.0410156 0.130859 0.0297005
3 0.015625 0.860352 0.03125 0.0449219 0.0310196
1 0.959961 0.557617 0.0683594 0.0644531 0.0312069
1 0.868164 0.707031 0.0214844 0.0195312 0.0312739
1 0.920898 0.829102 0.0410156 0.0371094 0.031352
1 0.746094 0.876953 0.0195312 0.015625 0.0317361
1 0.297852 0.699219 0.544922 0.445312 0.033388
1 0.0830078 0.744141 0.146484 0.132812 0.0334015
1 0.498047 0.573242 0.0703125 0.0527344 0.0339022
1 0.130859 0.419922 0.121094 0.148438 0.035871
1 0.916992 0.388672 0.0253906 0.0273438 0.047657
1 0.541016 0.980469 0.0585938 0.0390625 0.0486157
0 0.787109 0.513672 0.207031 0.316406 0.0536275
1 0.90332 0.671875 0.0332031 0.0273438 0.0603775
1 0.542969 0.796875 0.0546875 0.0585938 0.0714638
1 0.295898 0.850586 0.0800781 0.103516 0.076777
1 0.821289 0.724609 0.0292969 0.0234375 0.0772245
1 0.135742 0.390625 0.0722656 0.09375 0.0809491
1 0.408203 0.791992 0.300781 0.224609 0.0927174
1 0.0449219 0.557617 0.0703125 0.0957031 0.0946427
1 0.929688 0.826172 0.0585938 0.0585938 0.10102
1 0.325195 0.374023 0.115234 0.0839844 0.141001
1 0.987305 0.84668 0.0253906 0.0957031 0.142763
1 0.246094 0.371094 0.0351562 0.0546875 0.147619
1 0.446289 0.435547 0.150391 0.21875 0.157366
1 0.922852 0.423828 0.0449219 0.117188 0.168803
1 0.966797 0.518555 0.0664062 0.166016 0.172434
1 0.125 0.766602 0.246094 0.208984 0.220671
1 0.164062 0.589844 0.125 0.144531 0.249427
1 0.0380859 0.171875 0.0566406 0.0546875 0.256018
1 0.196289 0.376953 0.0410156 0.046875 0.314061
1 0.24707 0.479492 0.111328 0.0957031 0.347755
1 0.609375 0.423828 0.125 0.191406 0.37424
