1 0.893555 0.444336 0.0410156 0.0371094 0.022631
1 0.423828 0.183594 0.0351562 0.0273438 0.0227658
1 0.885742 0.336914 0.0449219 0.0332031 0.023671
1 0.704102 0.342773 0.0253906 0.0253906 0.0238363
5 0.331055 0.272461 0.0566406 0.0566406 0.0248497
1 0.546875 0.342773 0.105469 0.0683594 0.0252269
1 0.759766 0.0351562 0.03125 0.03125 0.0276853
1 0.805664 0.158203 0.0371094 0.0351562 0.0281354
1 0.576172 0.103516 0.0234375 0.0195312 0.0290753
1 0.573242 0.452148 0.0527344 0.0527344 0.03142
1 0.691406 0.321289 0.046875 0.0644531 0.0329061
1 0.332031 0.270508 0.046875 0.0488281 0.0332646
1 0.883789 0.195312 0.0527344 0.046875 0.0365756
1 0.78125 0.0400391 0.0625 0.0566406 0.0428352
1 0.970703 0.863281 0.0546875 0.046875 0.0579173
1 0.443359 0.96582 0.292969 0.0683594 0.0667474
1 0.591797 0.332031 0.0546875 0.046875 0.0732618
1 0.857422 0.174805 0.0585938 0.0761719 0.0734855
1 0.665039 0.299805 0.0996094 0.0800781 0.0778982
1 0.710938 0.0556641 0.0585938 0.0644531 0.0905658
1 0.696289 0.30957 0.0292969 0.0332031 0.0947773
1 0.844727 0.174805 0.111328 0.0917969 0.118627
1 0.746094 0.0458984 0.132812 0.0800781 0.141988
1 0.679688 0.308594 0.0625 0.0507812 0.193437
1 0.555664 0.28418 0.0371094 0.0292969 0.207014
1 0.774414 0.115234 0.0566406 0.0507812 0.247914
1 0.623047 0.283203 0.0390625 0.03125 0.249058
1 0.606445 0.177734 0.0410156 0.0390625 0.279179
1 0.561523 0.133789 0.0449219 0.0449219 0.337054
1 0.75 0.238281 0.0429688 0.0351562 0.341174
1 0.511719 0.34082 0.0976562 0.119141 0.370303
1 0.625977 0.43457 0.142578 0.126953 0.398122
1 0.78125 0.295898 0.0429688 0.0332031 0.424109
1 0.629883 0.09375 0.0449219 0.0546875 0.489876
1 0.5 0.119141 0.0507812 0.046875 0.521297
1 0.922852 0.543945 0.0878906 0.0917969 0.553518
