1 0.681641 0.101562 0.0351562 0.0429688 0.0208701
1 0.03125 0.786133 0.0273438 0.0253906 0.0210108
1 0.601562 0.00976562 0.0585938 0.0195312 0.0212119
1 0.166992 0.27832 0.0410156 0.0527344 0.0218256
1 0.910156 0.791016 0.0429688 0.0546875 0.0224376
1 0.612305 0.0839844 0.0644531 0.0703125 0.0224415
1 0.0175781 0.833008 0.0351562 0.0332031 0.0225635
1 0.686523 0.208008 0.0449219 0.0449219 0.023653
1 0.928711 0.816406 0.0332031 0.0351562 0.0237098
5 0.476562 0.283203 0.0351562 0.0351562 0.0241077
1 0.69043 0.80957 0.0800781 0.123047 0.0251617
1 0.904297 0.838867 0.0546875 0.0566406 0.0263104
1 0.0888672 0.868164 0.0332031 0.0292969 0.0264308
1 0.668945 0.706055 0.0644531 0.0644531 0.0274229
1 0.0517578 0.868164 0.0332031 0.0292969 0.0287991
1 0.513672 0.989258 0.0585938 0.0214844 0.0304641
1 0.0107422 0.805664 0.0214844 0.0214844 0.0352876
1 0.635742 0.0869141 0.123047 0.0996094 0.0381879
1 0.792969 0.786133 0.0585938 0.0527344 0.0402232
1 0.601562 0.0751953 0.0429688 0.0488281 0.0412646
1 0.512695 0.0253906 0.0527344 0.0351562 0.0462761
1 0.662109 0.0615234 0.0625 0.0683594 0.0466131
0 0.214844 0.0947266 0.429688 0.185547 0.0484056
1 0.652344 0.230469 0.0429688 0.0429688 0.0551929
1 0.194336 0.381836 0.0410156 0.0527344 0.0583434
1 0.21875 0.376953 0.0976562 0.0703125 0.0590668
1 0.921875 0.826172 0.0546875 0.0664062 0.0594831
1 0.369141 0.241211 0.03125 0.0332031 0.0608297
1 0.561523 0.0859375 0.0253906 0.0273438 0.0821856
1 0.90625 0.810547 0.0820312 0.121094 0.0896545
1 0.407227 0.0654297 0.0605469 0.0449219 0.0920786
1 0.0185547 0.460938 0.0371094 0.0625 0.100166
0 0.149414 0.9375 0.298828 0.125 0.100676
1 0.645508 0.111328 0.0878906 0.0898438 0.129807
1 0.614258 0.957031 0.134766 0.0820312 0.133751
1 0.212891 0.277344 0.0625 0.0546875 0.161377
1 0.963867 0.904297 0.0527344 0.0390625 0.176392
1 0.869141 0.754883 0.078125 0.0800781 0.231003
0 0.819336 0.857422 0.349609 0.273438 0.234321
1 0.574219 0.972656 0.0546875 0.046875 0.244171
1 0.199219 0.275391 0.101562 0.0820312 0.247777
1 0.647461 0.951172 0.0644531 0.0664062 0.263061
1 0.671875 0.217773 0.078125 0.0644531 0.284809
1 0.633789 0.12207 0.0527344 0.0527344 0.289837
1 0.248047 0.365234 0.0703125 0.0625 0.338357
1 0.56543 0.248047 0.0683594 0.0585938 0.409911
1 0.349609 0.333008 0.0859375 0.0761719 0.500058
1 0.445312 0.188477 0.0703125 0.0566406 0.545792
1 0.949219 0.958984 0.078125 0.0703125 0.573192
1 0.311523 0.239258 0.0683594 0.0644531 0.58151
1 0.538086 0.154297 0.0644531 0.0546875 0.692853
