1 0.457031 0.68457 0.0546875 0.0527344 0.0215713
1 0.532227 0.487305 0.0488281 0.0449219 0.0221691
3 0.624023 0.0673828 0.0683594 0.0605469 0.0223652
1 0.467773 0.416992 0.0371094 0.0292969 0.0254504
1 0.132812 0.288086 0.0742188 0.0722656 0.0265005
1 0.336914 0.992188 0.0410156 0.015625 0.0275081
1 0.0644531 0.606445 0.128906 0.103516 0.0296448
1 0.109375 0.602539 0.0351562 0.0332031 0.0300857
1 0.581055 0.138672 0.0566406 0.0546875 0.0306786
1 0.101562 0.571289 0.0351562 0.0292969 0.0315875
1 0.107422 0.0625 0.0390625 0.0390625 0.0320727
1 0.344727 0.958984 0.0488281 0.0429688 0.0349742
1 0.0390625 0.0283203 0.0273438 0.0253906 0.044406
1 0.0585938 0.469727 0.0625 0.0566406 0.0522303
3 0.614258 0.816406 0.0527344 0.0625 0.0578692
1 0.0537109 0.0800781 0.0527344 0.0546875 0.0587123
1 0.542969 0.325195 0.046875 0.0488281 0.0597196
1 0.583984 0.3125 0.0273438 0.0273438 0.0649109
1 0.597656 0.133789 0.0195312 0.0253906 0.0674038
1 0.0615234 0.957031 0.123047 0.0859375 0.0748431
1 0.452148 0.988281 0.0566406 0.0195312 0.0946178
5 0.541016 0.325195 0.046875 0.0410156 0.133741
1 0.570312 0.164062 0.03125 0.0273438 0.143205
1 0.458984 0.136719 0.046875 0.0390625 0.143557
1 0.046875 0.789062 0.0664062 0.0742188 0.144375
0 0.433594 0.874023 0.1875 0.240234 0.146838
1 0.259766 0.217773 0.03125 0.0292969 0.190237
1 0.645508 0.143555 0.0917969 0.0839844 0.219267
1 0.571289 0.128906 0.0253906 0.0234375 0.227172
1 0.461914 0.0546875 0.0644531 0.046875 0.265921
1 0.572266 0.202148 0.0351562 0.0332031 0.269267
1 0.174805 0.450195 0.0644531 0.0683594 0.274857
1 0.522461 0.249023 0.0332031 0.0292969 0.320836
1 0.214844 0.078125 0.0664062 0.0585938 0.339616
1 0.571289 0.261719 0.0527344 0.0390625 0.35131
1 0.0527344 0.449219 0.0742188 0.109375 0.388516
1 0.232422 0.325195 0.0585938 0.0527344 0.409121
1 0.0644531 0.327148 0.0585938 0.0527344 0.419686
1 0.141602 0.208008 0.0761719 0.0566406 0.477113
1 0.46582 0.25 0.0605469 0.0546875 0.571972
3 0.899414 0.294922 0.197266 0.554688 0.701542
