3 0.0146484 0.555664 0.0292969 0.158203 0.0208533
5 0.390625 0.111328 0.03125 0.0351562 0.0219581
1 0.320312 0.93457 0.0234375 0.0214844 0.0225301
1 0.353516 0.695312 0.0390625 0.03125 0.022818
5 0.0615234 0.293945 0.0371094 0.0292969 0.0240134
1 0.295898 0.84668 0.0292969 0.0175781 0.0241757
3 0.495117 0.0371094 0.220703 0.0742188 0.0243567
3 0.242188 0.0253906 0.15625 0.0507812 0.0248057
1 0.257812 0.680664 0.046875 0.0488281 0.0272301
1 0.352539 0.94043 0.0839844 0.0566406 0.0277249
1 0.270508 0.761719 0.0175781 0.0195312 0.0295107
3 0.439453 0.225586 0.503906 0.0878906 0.0341217
1 0.419922 0.621094 0.0390625 0.046875 0.0351208
1 0.420898 0.646484 0.0332031 0.03125 0.0376782
1 0.301758 0.780273 0.0449219 0.0371094 0.0392463
1 0.429688 0.678711 0.0625 0.0410156 0.0427405
1 0.300781 0.866211 0.03125 0.0214844 0.0427952
5 0.28418 0.129883 0.0253906 0.0253906 0.0512033
1 0.43457 0.617188 0.0488281 0.046875 0.0517829
1 0.303711 0.810547 0.0566406 0.0625 0.0522759
3 0.380859 0.985352 0.167969 0.0253906 0.0530263
3 0.537109 0.0400391 0.101562 0.0683594 0.0554022
1 0.43457 0.652344 0.0488281 0.0390625 0.0566158
1 0.356445 0.951172 0.0527344 0.0390625 0.0590634
1 0.419922 0.661133 0.0859375 0.0683594 0.0640805
1 0.299805 0.802734 0.0214844 0.0234375 0.0644195
1 0.301758 0.827148 0.0292969 0.0253906 0.0700502
1 0.291992 0.800781 0.0292969 0.0234375 0.0712835
3 0.845703 0.0576172 0.304688 0.115234 0.0719704
1 0.300781 0.790039 0.0625 0.0566406 0.083229
1 0.327148 0.945312 0.0292969 0.0234375 0.0843915
1 0.337891 0.952148 0.046875 0.0332031 0.0883397
3 0.0136719 0.612305 0.0273438 0.0332031 0.0885482
3 0.324219 0.108398 0.269531 0.216797 0.0886561
1 0.291992 0.773438 0.0253906 0.0273438 0.100508
1 0.386719 0.658203 0.0351562 0.0351562 0.104956
1 0.373047 0.948242 0.0429688 0.0410156 0.104959
5 0.375 0.550781 0.0585938 0.0585938 0.106043
1 0.308594 0.898438 0.0273438 0.0351562 0.10616
1 0.294922 0.834961 0.0351562 0.0292969 0.108055
1 0.537109 0.609375 0.128906 0.0898438 0.122598
1 0.307617 0.887695 0.0253906 0.0253906 0.126228
1 0.253906 0.680664 0.03125 0.0332031 0.136942
1 0.431641 0.638672 0.0625 0.0898438 0.139326
5 0.321289 0.131836 0.0332031 0.0332031 0.143577
1 0.314453 0.912109 0.0234375 0.0195312 0.164141
1 0.321289 0.801758 0.0253906 0.0214844 0.173947
1 0.305664 0.861328 0.0253906 0.0195312 0.189475
1 0.500977 0.62207 0.0566406 0.0605469 0.301184
1 0.571289 0.601562 0.0644531 0.078125 0.392135
