1 0.711914 0.286133 0.0253906 0.0214844 0.0202442
3 0.761719 0.826172 0.257812 0.265625 0.0209386
1 0.240234 0.927734 0.03125 0.0234375 0.0211047
1 0.761719 0.304688 0.03125 0.03125 0.0215935
1 0.712891 0.274414 0.0234375 0.0292969 0.0222676
1 0.0117188 0.932617 0.0234375 0.0214844 0.0226119
1 0.723633 0.242188 0.0292969 0.0273438 0.0227358
1 0.0214844 0.929688 0.03125 0.0195312 0.0233657
3 0.821289 0.0107422 0.150391 0.0214844 0.0238094
1 0.230469 0.924805 0.0351562 0.0253906 0.024612
1 0.0146484 0.677734 0.0292969 0.0390625 0.0258974
1 0.728516 0.276367 0.0234375 0.0253906 0.0264787
1 0.0664062 0.918945 0.105469 0.0371094 0.0266889
3 0.280273 0.586914 0.0917969 0.0488281 0.0282824
1 0.216797 0.919922 0.046875 0.0351562 0.030501
1 0.75 0.210938 0.0507812 0.046875 0.0328312
1 0.0361328 0.925781 0.0253906 0.0195312 0.0337643
1 0.679688 0.548828 0.0195312 0.015625 0.0357619
1 0.0791016 0.923828 0.0410156 0.0234375 0.0369864
3 0.123047 0.229492 0.246094 0.458984 0.037554
1 0.757812 0.168945 0.0585938 0.0410156 0.0378066
1 0.724609 0.0410156 0.0195312 0.0195312 0.0390073
1 0.015625 0.797852 0.03125 0.0332031 0.0407523
1 0.0195312 0.702148 0.0390625 0.0878906 0.0414457
1 0.0546875 0.916016 0.0273438 0.0234375 0.0430626
1 0.757812 0.209961 0.0742188 0.0761719 0.0464129
1 0.738281 0.27832 0.0234375 0.0214844 0.0476151
1 0.152344 0.90918 0.0507812 0.0371094 0.0496409
1 0.291016 0.787109 0.0351562 0.0351562 0.0539848
1 0.401367 0.636719 0.142578 0.144531 0.0632329
3 0.69043 0.00878906 0.126953 0.0175781 0.108208
1 0.432617 0.797852 0.185547 0.185547 0.109753
1 0.755859 0.230469 0.09375 0.148438 0.110315
1 0.09375 0.921875 0.046875 0.0273438 0.115665
3 0.986328 0.046875 0.0273438 0.0625 0.124301
3 0.77832 0.357422 0.0527344 0.0546875 0.127607
1 0.175781 0.910156 0.09375 0.0429688 0.134441
3 0.844727 0.0625 0.0957031 0.113281 0.255981
