3 0.574219 0.453125 0.0859375 0.0976562 0.0207619
1 0.538086 0.303711 0.0410156 0.0332031 0.0225322
3 0.540039 0.0449219 0.279297 0.0898438 0.0227398
1 0.617188 0.216797 0.0234375 0.0273438 0.0230411
1 0.0175781 0.311523 0.0351562 0.107422 0.0262961
1 0.511719 0.0185547 0.210938 0.0371094 0.0277734
1 0.624023 0.219727 0.0683594 0.0410156 0.0324797
1 0.584961 0.692383 0.115234 0.126953 0.0356139
2 0.583984 0.371094 0.105469 0.101562 0.038996
1 0.65332 0.873047 0.0996094 0.125 0.0420022
1 0.430664 0.265625 0.0761719 0.0820312 0.0432649
1 0.645508 0.212891 0.0488281 0.0390625 0.0439433
5 0.583008 0.371094 0.103516 0.105469 0.044877
1 0.889648 0.993164 0.0839844 0.0136719 0.0473652
1 0.591797 0.231445 0.0273438 0.0253906 0.0678295
1 0.552734 0.253906 0.0429688 0.0351562 0.13105
1 0.461914 0.0166016 0.0839844 0.0332031 0.136701
1 0.416992 0.268555 0.0527344 0.0488281 0.139828
1 0.732422 0.969727 0.09375 0.0605469 0.25064
