1 0.922852 0.917969 0.0371094 0.0390625 0.0205322
5 0.756836 0.737305 0.0214844 0.0175781 0.0223353
1 0.97168 0.922852 0.0566406 0.0917969 0.0228282
3 0.486328 0.984375 0.175781 0.03125 0.0258288
5 0.416992 0.326172 0.0214844 0.0195312 0.026124
1 0.147461 0.0537109 0.0214844 0.0136719 0.0278417
1 0.988281 0.990234 0.0234375 0.0195312 0.0279614
1 0.944336 0.94043 0.107422 0.119141 0.0348266
1 0.848633 0.939453 0.298828 0.121094 0.0388237
1 0.921875 0.988281 0.105469 0.0234375 0.0429629
1 0.949219 0.990234 0.0664062 0.0195312 0.0553624
5 0.84668 0.757812 0.0253906 0.0234375 0.0851979
1 0.151367 0.03125 0.0292969 0.0273438 0.120997
1 0.200195 0.0224609 0.0332031 0.0332031 0.133358
1 0.174805 0.0546875 0.0175781 0.015625 0.199718
