1 0.483398 0.966797 0.0761719 0.0585938 0.0205857
3 0.0166016 0.897461 0.0332031 0.201172 0.0210669
1 0.357422 0.976562 0.28125 0.046875 0.0213057
3 0.103516 0.886719 0.132812 0.144531 0.0227114
1 0.494141 0.962891 0.0351562 0.0429688 0.025395
3 0.860352 0.741211 0.263672 0.314453 0.0261164
1 0.388672 0.988281 0.0351562 0.0195312 0.0274158
1 0.514648 0.979492 0.0292969 0.0332031 0.028562
1 0.445312 0.983398 0.0390625 0.0292969 0.0288731
1 0.573242 0.958008 0.0644531 0.0800781 0.03069
1 0.988281 0.880859 0.0234375 0.0429688 0.0325436
1 0.423828 0.980469 0.078125 0.0390625 0.0350467
1 0.405273 0.985352 0.0644531 0.0292969 0.0352834
3 0.857422 0.831055 0.28125 0.154297 0.0407442
1 0.448242 0.972656 0.0566406 0.0507812 0.0467388
3 0.109375 0.265625 0.203125 0.246094 0.0546973
3 0.767578 0.21582 0.464844 0.431641 0.0567743
1 0.500977 0.951172 0.380859 0.0976562 0.0768462
0 0.757812 0.25293 0.476562 0.501953 0.0922471
3 0.0693359 0.743164 0.130859 0.177734 0.105311
1 0.608398 0.956055 0.134766 0.0878906 0.128801
3 0.960938 0.0439453 0.078125 0.0839844 0.22783
3 0.0869141 0.810547 0.169922 0.3125 0.725441
