0 0.395312 0.178125 0.395312 0.182812 0.39375 0.184375 0.390625 0.184375 0.389062 0.185937 0.375 0.185937 0.373437 0.1875 0.354688 0.1875 0.353125 0.189063 0.342187 0.189063 0.340625 0.190625 0.332812 0.190625 0.33125 0.192188 0.323438 0.192188 0.321875 0.19375 0.317187 0.19375 0.315625 0.195312 0.310937 0.195312 0.309375 0.196875 0.303125 0.196875 0.301562 0.198437 0.295312 0.198437 0.29375 0.2 0.289062 0.2 0.2875 0.201562 0.279687 0.201562 0.278125 0.203125 0.26875 0.203125 0.267188 0.204688 0.2625 0.204688 0.260938 0.20625 0.253125 0.20625 0.251563 0.207813 0.245312 0.207813 0.240625 0.2125 0.240625 0.214062 0.2375 0.217187 0.2375 0.220313 0.235938 0.221875 0.235938 0.226562 0.234375 0.228125 0.234375 0.23125 0.232812 0.232812 0.228125 0.232812 0.228125 0.234375 0.232812 0.234375 0.234375 0.235938 0.234375 0.239063 0.235938 0.240625 0.235938 0.24375 0.2375 0.245312 0.2375 0.248437 0.239063 0.25 0.239063 0.251563 0.235938 0.254687 0.234375 0.254687 0.232812 0.25625 0.228125 0.25625 0.228125 0.325 0.232812 0.325 0.234375 0.326562 0.234375 0.328125 0.235938 0.329688 0.235938 0.335938 0.2375 0.3375 0.2375 0.342187 0.239063 0.34375 0.239063 0.348437 0.240625 0.35 0.240625 0.351562 0.242188 0.353125 0.242188 0.354688 0.246875 0.359375 0.246875 0.364062 0.25625 0.364062 0.25625 0.359375 0.257812 0.357812 0.259375 0.357812 0.260938 0.35625 0.26875 0.35625 0.270312 0.354688 0.282813 0.354688 0.284375 0.353125 0.295312 0.353125 0.296875 0.351562 0.304688 0.351562 0.30625 0.35 0.314063 0.35 0.315625 0.348437 0.326562 0.348437 0.328125 0.346875 0.335938 0.346875 0.3375 0.345313 0.342187 0.345313 0.34375 0.34375 0.351562 0.34375 0.353125 0.342187 0.365625 0.342187 0.367188 0.340625 0.376563 0.340625 0.378125 0.339063 0.3875 0.339063 0.389062 0.3375 0.398438 0.3375 0.4 0.335938 0.4125 0.335938 0.414062 0.334375 0.423438 0.334375 0.425 0.332812 0.43125 0.332812 0.432813 0.33125 0.442187 0.33125 0.44375 0.329688 0.45625 0.329688 0.457812 0.328125 0.46875 0.328125 0.470313 0.326562 0.476562 0.326562 0.478125 0.325 0.484375 0.325 0.485938 0.323438 0.489062 0.323438 0.490625 0.321875 0.492188 0.321875 0.496875 0.317187 0.501562 0.317187 0.501562 0.303125 0.496875 0.303125 0.495313 0.301562 0.495313 0.3 0.49375 0.298438 0.49375 0.29375 0.492188 0.292188 0.492188 0.270312 0.490625 0.26875 0.490625 0.25625 0.489062 0.254687 0.489062 0.248437 0.4875 0.246875 0.4875 0.245312 0.485938 0.24375 0.485938 0.240625 0.484375 0.239063 0.484375 0.232812 0.482812 0.23125 0.482812 0.228125 0.48125 0.228125 0.470313 0.217187 0.470313 0.215625 0.467187 0.2125 0.467187 0.209375 0.465625 0.207813 0.465625 0.204688 0.464063 0.203125 0.464063 0.198437 0.4625 0.196875 0.4625 0.19375 0.460938 0.192188 0.460938 0.1875 0.459375 0.185937 0.459375 0.178125 0.95827
0 0.642187 0.6 0.640625 0.601562 0.639063 0.601562 0.635938 0.604688 0.634375 0.604688 0.628125 0.610937 0.626562 0.610937 0.623438 0.614062 0.621875 0.614062 0.621875 0.620313 0.657812 0.620313 0.657812 0.6 0.642187 0.6 0.632812 0.542188 0.634375 0.540625 0.639063 0.540625 0.640625 0.539062 0.64375 0.539062 0.645312 0.5375 0.646875 0.5375 0.65 0.534375 0.651563 0.534375 0.653125 0.532812 0.657812 0.532812 0.657812 0.5 0.653125 0.5 0.648438 0.495313 0.648438 0.49375 0.645312 0.490625 0.645312 0.489062 0.642187 0.485938 0.642187 0.484375 0.640625 0.482812 0.640625 0.48125 0.639063 0.479688 0.639063 0.478125 0.6375 0.476562 0.6375 0.475 0.635938 0.473437 0.635938 0.471875 0.634375 0.470313 0.634375 0.46875 0.632812 0.467187 0.632812 0.464063 0.63125 0.4625 0.63125 0.459375 0.629687 0.457812 0.629687 0.454688 0.628125 0.453125 0.628125 0.45 0.626562 0.448438 0.626562 0.44375 0.625 0.442187 0.625 0.440625 0.623438 0.439063 0.623438 0.435937 0.621875 0.434375 0.621875 0.432813 0.620313 0.43125 0.620313 0.429688 0.61875 0.428125 0.61875 0.426562 0.617188 0.425 0.617188 0.423438 0.614062 0.420312 0.614062 0.41875 0.610937 0.415625 0.610937 0.414062 0.607813 0.410937 0.607813 0.409375 0.60625 0.407813 0.60625 0.40625 0.604688 0.404687 0.604688 0.401563 0.603125 0.4 0.603125 0.396875 0.601562 0.395312 0.601562 0.392188 0.6 0.390625 0.6 0.389062 0.598437 0.3875 0.598437 0.384375 0.596875 0.382812 0.596875 0.379687 0.595312 0.378125 0.595312 0.376563 0.592188 0.373437 0.592188 0.371875 0.590625 0.370313 0.590625 0.36875 0.584375 0.3625 0.584375 0.360938 0.575 0.351562 0.575 0.35 0.573438 0.348437 0.573438 0.345313 0.571875 0.34375 0.571875 0.340625 0.56875 0.3375 0.56875 0.335938 0.567187 0.334375 0.567187 0.328125 0.528125 0.328125 0.528125 0.332812 0.525 0.335938 0.523438 0.335938 0.521875 0.3375 0.51875 0.3375 0.517187 0.339063 0.507812 0.339063 0.50625 0.340625 0.501562 0.340625 0.5 0.342187 0.496875 0.342187 0.495313 0.34375 0.489062 0.34375 0.4875 0.345313 0.471875 0.345313 0.470313 0.346875 0.459375 0.346875 0.457812 0.348437 0.454688 0.348437 0.453125 0.35 0.448438 0.35 0.446875 0.351562 0.440625 0.351562 0.439063 0.353125 0.435937 0.353125 0.434375 0.354688 0.43125 0.354688 0.429688 0.35625 0.423438 0.35625 0.421875 0.357812 0.407813 0.357812 0.40625 0.359375 0.395312 0.359375 0.39375 0.360938 0.3875 0.360938 0.385938 0.3625 0.379687 0.3625 0.378125 0.364062 0.365625 0.364062 0.364062 0.365625 0.35625 0.365625 0.354688 0.367188 0.348437 0.367188 0.346875 0.36875 0.340625 0.36875 0.339063 0.370313 0.33125 0.370313 0.329688 0.371875 0.321875 0.371875 0.320312 0.373437 0.310937 0.373437 0.309375 0.375 0.29375 0.375 0.292188 0.376563 0.276563 0.376563 0.275 0.378125 0.270312 0.378125 0.26875 0.379687 0.264062 0.379687 0.2625 0.38125 0.25625 0.38125 0.254687 0.382812 0.246875 0.382812 0.245312 0.384375 0.24375 0.384375 0.242188 0.385938 0.240625 0.385938 0.239063 0.3875 0.2375 0.3875 0.234375 0.390625 0.228125 0.390625 0.228125 0.448438 0.232812 0.448438 0.235938 0.451562 0.235938 0.45625 0.2375 0.457812 0.2375 0.471875 0.239063 0.473437 0.239063 0.492188 0.240625 0.49375 0.240625 0.51875 0.239063 0.520312 0.239063 0.525 0.2375 0.526563 0.2375 0.529688 0.235938 0.53125 0.235938 0.5375 0.234375 0.539062 0.234375 0.540625 0.232812 0.542188 0.228125 0.542188 0.228125 0.575 0.232812 0.575 0.234375 0.576563 0.234375 0.578125 0.235938 0.579687 0.235938 0.584375 0.2375 0.585938 0.2375 0.589063 0.239063 0.590625 0.239063 0.592188 0.240625 0.59375 0.240625 0.595312 0.242188 0.596875 0.242188 0.598437 0.245312 0.601562 0.245312 0.603125 0.246875 0.603125 0.25 0.60625 0.251563 0.60625 0.254687 0.609375 0.25625 0.609375 0.259375 0.6125 0.2625 0.6125 0.265625 0.615625 0.265625 0.620313 0.303125 0.620313 0.303125 0.615625 0.304688 0.614062 0.30625 0.614062 0.307813 0.6125 0.310937 0.6125 0.3125 0.610937 0.315625 0.610937 0.317187 0.609375 0.31875 0.609375 0.320312 0.607813 0.321875 0.607813 0.323438 0.60625 0.325 0.60625 0.326562 0.604688 0.328125 0.604688 0.329688 0.603125 0.33125 0.603125 0.332812 0.601562 0.334375 0.601562 0.335938 0.6 0.3375 0.6 0.339063 0.598437 0.340625 0.598437 0.342187 0.596875 0.34375 0.596875 0.345313 0.595312 0.348437 0.595312 0.35 0.59375 0.351562 0.59375 0.353125 0.592188 0.35625 0.592188 0.357812 0.590625 0.360938 0.590625 0.3625 0.589063 0.367188 0.589063 0.36875 0.5875 0.373437 0.5875 0.375 0.585938 0.38125 0.585938 0.382812 0.584375 0.389062 0.584375 0.390625 0.582812 0.398438 0.582812 0.4 0.58125 0.410937 0.58125 0.4125 0.579687 0.423438 0.579687 0.425 0.578125 0.448438 0.578125 0.45 0.576563 0.4625 0.576563 0.464063 0.575 0.482812 0.575 0.484375 0.573438 0.490625 0.573438 0.492188 0.571875 0.498437 0.571875 0.5 0.570312 0.503125 0.570312 0.504687 0.56875 0.509375 0.56875 0.510938 0.567187 0.514063 0.567187 0.515625 0.565625 0.51875 0.565625 0.520312 0.564062 0.521875 0.564062 0.523438 0.5625 0.526563 0.5625 0.528125 0.560938 0.529688 0.560938 0.53125 0.559375 0.534375 0.559375 0.535937 0.557813 0.540625 0.557813 0.542188 0.55625 0.546875 0.55625 0.548437 0.554688 0.55625 0.554688 0.557813 0.553125 0.56875 0.553125 0.570312 0.551562 0.578125 0.551562 0.579687 0.55 0.585938 0.55 0.5875 0.548437 0.595312 0.548437 0.596875 0.546875 0.609375 0.546875 0.610937 0.545313 0.615625 0.545313 0.617188 0.54375 0.625 0.54375 0.626562 0.542188 0.632812 0.542188 0.948249
0 0.265625 0.003125 0.265625 0.0390625 0.270312 0.0390625 0.271875 0.040625 0.271875 0.0421875 0.273438 0.04375 0.273438 0.0484375 0.275 0.05 0.275 0.05625 0.276563 0.0578125 0.276563 0.0625 0.278125 0.0640625 0.278125 0.06875 0.279687 0.0703125 0.279687 0.075 0.28125 0.0765625 0.28125 0.0875 0.282813 0.0890625 0.282813 0.096875 0.284375 0.0984375 0.284375 0.101562 0.285937 0.103125 0.285937 0.107813 0.2875 0.109375 0.2875 0.120312 0.289062 0.121875 0.289062 0.129688 0.290625 0.13125 0.290625 0.135937 0.292188 0.1375 0.292188 0.142188 0.29375 0.14375 0.29375 0.146875 0.295312 0.148438 0.295312 0.15 0.298438 0.153125 0.298438 0.157813 0.325 0.157813 0.325 0.153125 0.326562 0.151562 0.33125 0.151562 0.332812 0.15 0.340625 0.15 0.342187 0.148438 0.348437 0.148438 0.35 0.146875 0.35625 0.146875 0.357812 0.145313 0.360938 0.145313 0.3625 0.14375 0.365625 0.14375 0.367188 0.142188 0.370313 0.142188 0.371875 0.140625 0.375 0.140625 0.376563 0.139062 0.38125 0.139062 0.382812 0.1375 0.39375 0.1375 0.395312 0.135937 0.409375 0.135937 0.410937 0.134375 0.417188 0.134375 0.41875 0.132812 0.425 0.132812 0.426562 0.13125 0.432813 0.13125 0.434375 0.129688 0.45 0.129688 0.451562 0.128125 0.465625 0.128125 0.467187 0.126563 0.473437 0.126563 0.475 0.125 0.478125 0.125 0.479688 0.123438 0.482812 0.123438 0.484375 0.121875 0.485938 0.121875 0.4875 0.120312 0.490625 0.120312 0.492188 0.11875 0.495313 0.11875 0.496875 0.117188 0.498437 0.117188 0.5 0.115625 0.503125 0.115625 0.504687 0.114063 0.507812 0.114063 0.509375 0.1125 0.510938 0.1125 0.514063 0.109375 0.520312 0.109375 0.520312 0.084375 0.515625 0.084375 0.514063 0.0828125 0.514063 0.08125 0.5125 0.0796875 0.5125 0.06875 0.510938 0.0671875 0.510938 0.0484375 0.509375 0.046875 0.509375 0.040625 0.507812 0.0390625 0.507812 0.0328125 0.50625 0.03125 0.50625 0.0265625 0.504687 0.025 0.504687 0.01875 0.503125 0.0171875 0.503125 0.0125 0.501562 0.0109375 0.501562 0.003125 0.944419
0 0.003125 0.834375 0.003125 0.982813 0.123438 0.982813 0.123438 0.978125 0.125 0.976562 0.140625 0.976562 0.142188 0.975 0.15 0.975 0.151562 0.973437 0.153125 0.973437 0.157813 0.96875 0.164062 0.96875 0.164062 0.932813 0.159375 0.932813 0.15625 0.929688 0.15625 0.928125 0.154687 0.926562 0.154687 0.923437 0.153125 0.921875 0.153125 0.917188 0.151562 0.915625 0.151562 0.90625 0.15 0.904688 0.15 0.885938 0.151562 0.884375 0.151562 0.875 0.153125 0.873438 0.153125 0.853125 0.151562 0.851562 0.151562 0.845312 0.15 0.84375 0.15 0.842188 0.148438 0.840625 0.148438 0.834375 0.942284
0 0.425 0.584375 0.425 0.589063 0.421875 0.592188 0.420312 0.592188 0.41875 0.59375 0.417188 0.59375 0.4125 0.598437 0.410937 0.598437 0.40625 0.603125 0.403125 0.603125 0.401563 0.604688 0.392188 0.604688 0.390625 0.60625 0.384375 0.60625 0.382812 0.607813 0.379687 0.607813 0.378125 0.609375 0.375 0.609375 0.373437 0.610937 0.367188 0.610937 0.365625 0.6125 0.357812 0.6125 0.35625 0.614062 0.345313 0.614062 0.34375 0.615625 0.335938 0.615625 0.334375 0.617188 0.328125 0.617188 0.326562 0.61875 0.31875 0.61875 0.317187 0.620313 0.309375 0.620313 0.307813 0.621875 0.304688 0.621875 0.303125 0.623438 0.290625 0.623438 0.289062 0.625 0.276563 0.625 0.275 0.623438 0.246875 0.623438 0.246875 0.792188 0.251563 0.792188 0.254687 0.795313 0.254687 0.796875 0.25625 0.798437 0.259375 0.798437 0.260938 0.8 0.285937 0.8 0.2875 0.801562 0.295312 0.801562 0.296875 0.803125 0.296875 0.807813 0.335938 0.807813 0.335938 0.803125 0.3375 0.801562 0.345313 0.801562 0.346875 0.8 0.351562 0.8 0.353125 0.801562 0.359375 0.801562 0.360938 0.803125 0.360938 0.807813 0.407813 0.807813 0.407813 0.803125 0.40625 0.801562 0.40625 0.8 0.404687 0.798437 0.404687 0.796875 0.40625 0.795313 0.407813 0.795313 0.409375 0.79375 0.4125 0.79375 0.414062 0.792188 0.41875 0.792188 0.420312 0.790625 0.425 0.790625 0.426562 0.789062 0.454688 0.789062 0.45625 0.790625 0.464063 0.790625 0.465625 0.789062 0.471875 0.789062 0.473437 0.7875 0.482812 0.7875 0.482812 0.726562 0.478125 0.726562 0.476562 0.725 0.476562 0.696875 0.478125 0.695312 0.482812 0.695312 0.482812 0.607813 0.478125 0.607813 0.476562 0.60625 0.476562 0.596875 0.475 0.595312 0.475 0.592188 0.473437 0.590625 0.473437 0.584375 0.940683
0 0.86875 0.351562 0.870313 0.353125 0.88125 0.353125 0.882812 0.351562 0.885938 0.351562 0.885938 0.346875 0.86875 0.346875 0.86875 0.351562 0.8125 0.378125 0.810938 0.376563 0.810938 0.375 0.809375 0.373437 0.809375 0.371875 0.807813 0.370313 0.807813 0.36875 0.80625 0.367188 0.80625 0.365625 0.804688 0.364062 0.804688 0.3625 0.803125 0.360938 0.803125 0.359375 0.801562 0.357812 0.801562 0.35625 0.8 0.354688 0.8 0.346875 0.757812 0.346875 0.757812 0.351562 0.754687 0.354688 0.753125 0.354688 0.751562 0.35625 0.75 0.35625 0.748438 0.357812 0.745313 0.357812 0.74375 0.359375 0.742188 0.359375 0.740625 0.360938 0.739062 0.360938 0.735937 0.364062 0.734375 0.364062 0.732813 0.365625 0.73125 0.365625 0.729688 0.367188 0.728125 0.367188 0.726562 0.36875 0.720312 0.36875 0.71875 0.370313 0.710938 0.370313 0.709375 0.371875 0.704687 0.371875 0.703125 0.373437 0.7 0.373437 0.698438 0.375 0.69375 0.375 0.692187 0.376563 0.689062 0.376563 0.6875 0.378125 0.685938 0.378125 0.684375 0.379687 0.68125 0.379687 0.679688 0.38125 0.678125 0.38125 0.676562 0.382812 0.673437 0.382812 0.671875 0.384375 0.670313 0.384375 0.66875 0.385938 0.665625 0.385938 0.664062 0.3875 0.660937 0.3875 0.659375 0.389062 0.65625 0.389062 0.654688 0.390625 0.653125 0.390625 0.651563 0.392188 0.65 0.392188 0.648438 0.39375 0.64375 0.39375 0.642187 0.395312 0.639063 0.395312 0.6375 0.396875 0.635938 0.396875 0.634375 0.398438 0.628125 0.398438 0.628125 0.4375 0.632812 0.4375 0.635938 0.440625 0.635938 0.442187 0.6375 0.44375 0.6375 0.445312 0.639063 0.446875 0.639063 0.448438 0.640625 0.45 0.640625 0.451562 0.64375 0.454688 0.64375 0.45625 0.645312 0.457812 0.645312 0.459375 0.648438 0.4625 0.648438 0.464063 0.651563 0.467187 0.651563 0.46875 0.654688 0.471875 0.654688 0.473437 0.65625 0.475 0.65625 0.478125 0.657812 0.479688 0.657812 0.482812 0.659375 0.484375 0.659375 0.4875 0.660937 0.489062 0.660937 0.492188 0.6625 0.49375 0.6625 0.5 0.664062 0.501562 0.664062 0.50625 0.665625 0.507812 0.665625 0.510938 0.667188 0.5125 0.667188 0.515625 0.66875 0.517187 0.66875 0.520312 0.670313 0.521875 0.670313 0.523438 0.671875 0.525 0.671875 0.528125 0.675 0.53125 0.675 0.534375 0.676562 0.535937 0.676562 0.539062 0.678125 0.540625 0.678125 0.542188 0.679688 0.54375 0.679688 0.548437 0.68125 0.55 0.68125 0.559375 0.679688 0.560938 0.679688 0.571875 0.68125 0.573438 0.68125 0.58125 0.682813 0.582812 0.682813 0.5875 0.684375 0.589063 0.684375 0.592188 0.685938 0.59375 0.685938 0.596875 0.6875 0.598437 0.6875 0.601562 0.689062 0.603125 0.689062 0.604688 0.692187 0.607813 0.692187 0.614062 0.726562 0.614062 0.726562 0.609375 0.729688 0.60625 0.732813 0.60625 0.734375 0.604688 0.735937 0.604688 0.7375 0.603125 0.740625 0.603125 0.742188 0.601562 0.745313 0.601562 0.746875 0.6 0.75 0.6 0.751562 0.598437 0.754687 0.598437 0.75625 0.596875 0.759375 0.596875 0.760938 0.595312 0.764063 0.595312 0.765625 0.59375 0.76875 0.59375 0.770312 0.592188 0.771875 0.592188 0.773438 0.590625 0.778125 0.590625 0.779688 0.589063 0.782812 0.589063 0.784375 0.5875 0.789062 0.5875 0.790625 0.585938 0.79375 0.585938 0.795313 0.584375 0.801562 0.584375 0.803125 0.582812 0.80625 0.582812 0.807813 0.58125 0.810938 0.58125 0.8125 0.579687 0.815625 0.579687 0.817187 0.578125 0.820312 0.578125 0.821875 0.576563 0.825 0.576563 0.826563 0.575 0.829687 0.575 0.83125 0.573438 0.834375 0.573438 0.835938 0.571875 0.840625 0.571875 0.842188 0.570312 0.846875 0.570312 0.848437 0.56875 0.853125 0.56875 0.854688 0.567187 0.857813 0.567187 0.859375 0.565625 0.864062 0.565625 0.865625 0.564062 0.870313 0.564062 0.871875 0.5625 0.873438 0.5625 0.876562 0.559375 0.879687 0.559375 0.88125 0.557813 0.882812 0.557813 0.882812 0.55625 0.890625 0.548437 0.895312 0.548437 0.895312 0.532812 0.8875 0.532812 0.885938 0.534375 0.885938 0.539062 0.879687 0.545313 0.873438 0.545313 0.871875 0.54375 0.870313 0.54375 0.867188 0.540625 0.867188 0.532812 0.870313 0.529688 0.871875 0.529688 0.873438 0.528125 0.88125 0.528125 0.882812 0.529688 0.884375 0.529688 0.884375 0.526563 0.879687 0.521875 0.879687 0.520312 0.878125 0.51875 0.878125 0.514063 0.876562 0.5125 0.876562 0.510938 0.873438 0.507812 0.873438 0.50625 0.871875 0.504687 0.871875 0.503125 0.865625 0.496875 0.865625 0.49375 0.864062 0.492188 0.864062 0.489062 0.859375 0.484375 0.859375 0.482812 0.857813 0.48125 0.857813 0.479688 0.854688 0.476562 0.854688 0.475 0.853125 0.473437 0.853125 0.459375 0.851562 0.457812 0.851562 0.451562 0.85 0.451562 0.846875 0.448438 0.846875 0.4375 0.845312 0.435937 0.845312 0.434375 0.84375 0.432813 0.84375 0.43125 0.842188 0.429688 0.842188 0.426562 0.839063 0.423438 0.839063 0.421875 0.834375 0.417188 0.834375 0.415625 0.829687 0.410937 0.829687 0.409375 0.828125 0.407813 0.828125 0.40625 0.826563 0.404687 0.826563 0.403125 0.825 0.401563 0.825 0.4 0.821875 0.396875 0.821875 0.395312 0.820312 0.39375 0.820312 0.392188 0.817187 0.389062 0.817187 0.3875 0.815625 0.385938 0.815625 0.384375 0.814062 0.382812 0.814062 0.38125 0.8125 0.379687 0.8125 0.378125 0.939205
0 0.985937 0.296875 0.985937 0.301562 0.982813 0.304688 0.98125 0.304688 0.979688 0.30625 0.976562 0.30625 0.975 0.307813 0.971875 0.307813 0.970312 0.309375 0.967188 0.309375 0.965625 0.310937 0.964063 0.310937 0.9625 0.3125 0.960938 0.3125 0.959375 0.314063 0.95625 0.314063 0.953125 0.317187 0.95 0.317187 0.948438 0.31875 0.945312 0.31875 0.94375 0.320312 0.940625 0.320312 0.939062 0.321875 0.9375 0.321875 0.935938 0.323438 0.934375 0.323438 0.932813 0.325 0.93125 0.325 0.929688 0.326562 0.926562 0.326562 0.923437 0.329688 0.920313 0.329688 0.91875 0.33125 0.917188 0.33125 0.915625 0.332812 0.9125 0.332812 0.910937 0.334375 0.907812 0.334375 0.90625 0.335938 0.904688 0.335938 0.903125 0.3375 0.901563 0.3375 0.9 0.339063 0.896875 0.339063 0.895312 0.340625 0.89375 0.340625 0.892187 0.342187 0.890625 0.342187 0.889063 0.34375 0.885938 0.34375 0.884375 0.345313 0.882812 0.345313 0.88125 0.346875 0.879687 0.346875 0.878125 0.348437 0.875 0.348437 0.873438 0.35 0.870313 0.35 0.86875 0.351562 0.867188 0.351562 0.865625 0.353125 0.864062 0.353125 0.8625 0.354688 0.860937 0.354688 0.859375 0.35625 0.85625 0.35625 0.854688 0.357812 0.846875 0.357812 0.846875 0.403125 0.851562 0.403125 0.854688 0.40625 0.854688 0.407813 0.85625 0.409375 0.85625 0.410937 0.857813 0.4125 0.857813 0.417188 0.859375 0.41875 0.859375 0.420312 0.860937 0.421875 0.860937 0.426562 0.8625 0.428125 0.8625 0.440625 0.864062 0.442187 0.864062 0.448438 0.865625 0.45 0.865625 0.451562 0.867188 0.453125 0.867188 0.454688 0.86875 0.45625 0.86875 0.457812 0.870313 0.459375 0.870313 0.460938 0.871875 0.4625 0.871875 0.464063 0.875 0.467187 0.875 0.46875 0.876562 0.470313 0.876562 0.471875 0.878125 0.473437 0.878125 0.475 0.88125 0.478125 0.88125 0.479688 0.89375 0.492188 0.89375 0.49375 0.895312 0.495313 0.895312 0.496875 0.896875 0.498437 0.896875 0.5 0.898438 0.501562 0.898438 0.503125 0.9 0.504687 0.9 0.50625 0.901563 0.507812 0.901563 0.509375 0.903125 0.510938 0.903125 0.5125 0.904688 0.514063 0.904688 0.515625 0.90625 0.517187 0.90625 0.51875 0.907812 0.520312 0.907812 0.523438 0.910937 0.526563 0.910937 0.528125 0.914062 0.53125 0.917188 0.53125 0.91875 0.532812 0.925 0.532812 0.926562 0.53125 0.928125 0.53125 0.93125 0.528125 0.93125 0.526563 0.932813 0.525 0.935938 0.525 0.9375 0.526563 0.939062 0.526563 0.940625 0.528125 0.948438 0.528125 0.95 0.526563 0.951563 0.526563 0.953125 0.525 0.95625 0.525 0.957812 0.523438 0.9625 0.523438 0.964063 0.521875 0.96875 0.521875 0.970312 0.520312 0.971875 0.520312 0.973437 0.51875 0.975 0.51875 0.976562 0.517187 0.98125 0.517187 0.982813 0.515625 0.985937 0.515625 0.9875 0.514063 0.989062 0.514063 0.990625 0.5125 0.998438 0.5125 0.998438 0.296875 0.935838
0 0.003125 0.684375 0.003125 0.820312 0.0890625 0.820312 0.0890625 0.815625 0.090625 0.814062 0.109375 0.814062 0.110937 0.815625 0.110937 0.820312 0.13125 0.820312 0.13125 0.815625 0.132812 0.814062 0.134375 0.814062 0.135937 0.8125 0.1375 0.8125 0.139062 0.810938 0.140625 0.810938 0.15 0.801562 0.15 0.778125 0.148438 0.776563 0.148438 0.775 0.145313 0.771875 0.145313 0.76875 0.14375 0.767187 0.14375 0.753125 0.146875 0.75 0.148438 0.75 0.15 0.751562 0.157813 0.751562 0.157813 0.695312 0.153125 0.695312 0.151562 0.69375 0.15 0.69375 0.148438 0.692187 0.145313 0.692187 0.142188 0.689062 0.142188 0.684375 0.930865
0 0.509375 0.003125 0.509375 0.0328125 0.514063 0.0328125 0.515625 0.034375 0.515625 0.0359375 0.517187 0.0375 0.517187 0.0453125 0.51875 0.046875 0.51875 0.0546875 0.520312 0.05625 0.520312 0.0609375 0.521875 0.0625 0.521875 0.065625 0.523438 0.0671875 0.523438 0.0734375 0.525 0.075 0.525 0.0828125 0.526563 0.084375 0.526563 0.0875 0.528125 0.0890625 0.528125 0.0921875 0.529688 0.09375 0.529688 0.0984375 0.53125 0.1 0.53125 0.107813 0.560938 0.107813 0.560938 0.103125 0.5625 0.101562 0.565625 0.101562 0.567187 0.1 0.576563 0.1 0.578125 0.0984375 0.5875 0.0984375 0.589063 0.096875 0.595312 0.096875 0.596875 0.0953125 0.60625 0.0953125 0.607813 0.09375 0.614062 0.09375 0.615625 0.0921875 0.626562 0.0921875 0.628125 0.090625 0.646875 0.090625 0.648438 0.0890625 0.657812 0.0890625 0.659375 0.0875 0.66875 0.0875 0.670313 0.0859375 0.673437 0.0859375 0.675 0.0875 0.678125 0.0875 0.679688 0.0859375 0.695312 0.0859375 0.696875 0.084375 0.703125 0.084375 0.704687 0.0828125 0.707812 0.0828125 0.709375 0.08125 0.7125 0.08125 0.714063 0.0796875 0.715625 0.0796875 0.717188 0.078125 0.720312 0.078125 0.721875 0.0765625 0.729688 0.0765625 0.73125 0.075 0.74375 0.075 0.745313 0.0734375 0.751562 0.0734375 0.753125 0.071875 0.759375 0.071875 0.760938 0.0703125 0.765625 0.0703125 0.767187 0.06875 0.773438 0.06875 0.775 0.0671875 0.778125 0.0671875 0.779688 0.065625 0.784375 0.065625 0.785937 0.0640625 0.79375 0.0640625 0.795313 0.0625 0.8 0.0625 0.801562 0.0609375 0.803125 0.0609375 0.804688 0.059375 0.80625 0.059375 0.807813 0.0578125 0.814062 0.0578125 0.814062 0.0453125 0.809375 0.0453125 0.807813 0.04375 0.807813 0.0421875 0.80625 0.040625 0.80625 0.0359375 0.804688 0.034375 0.804688 0.0296875 0.803125 0.028125 0.803125 0.025 0.801562 0.0234375 0.801562 0.0140625 0.8 0.0125 0.8 0.003125 0.921363
0 0.845312 0.571875 0.845312 0.576563 0.84375 0.578125 0.842188 0.578125 0.840625 0.579687 0.835938 0.579687 0.834375 0.58125 0.828125 0.58125 0.826563 0.582812 0.821875 0.582812 0.820312 0.584375 0.817187 0.584375 0.815625 0.585938 0.8125 0.585938 0.810938 0.5875 0.80625 0.5875 0.804688 0.589063 0.801562 0.589063 0.8 0.590625 0.796875 0.590625 0.795313 0.592188 0.792188 0.592188 0.790625 0.59375 0.7875 0.59375 0.785937 0.595312 0.784375 0.595312 0.78125 0.598437 0.779688 0.598437 0.776563 0.601562 0.775 0.601562 0.773438 0.603125 0.771875 0.603125 0.770312 0.604688 0.765625 0.604688 0.764063 0.60625 0.757812 0.60625 0.75625 0.607813 0.75 0.607813 0.748438 0.609375 0.74375 0.609375 0.742188 0.610937 0.739062 0.610937 0.7375 0.6125 0.73125 0.6125 0.729688 0.614062 0.725 0.614062 0.723437 0.615625 0.71875 0.615625 0.717188 0.617188 0.7125 0.617188 0.710938 0.61875 0.703125 0.61875 0.701563 0.620313 0.690625 0.620313 0.690625 0.667188 0.695312 0.667188 0.698438 0.670313 0.698438 0.673437 0.7 0.675 0.7 0.682813 0.701563 0.684375 0.701563 0.701563 0.703125 0.703125 0.703125 0.717188 0.704687 0.71875 0.704687 0.726562 0.70625 0.728125 0.70625 0.740625 0.707812 0.742188 0.707812 0.753125 0.709375 0.754687 0.709375 0.759375 0.710938 0.760938 0.710938 0.764063 0.7125 0.765625 0.7125 0.770312 0.714063 0.771875 0.714063 0.776563 0.715625 0.778125 0.715625 0.779688 0.717188 0.78125 0.717188 0.782812 0.720312 0.785937 0.735937 0.785937 0.7375 0.784375 0.746875 0.784375 0.748438 0.782812 0.751562 0.782812 0.754687 0.779688 0.759375 0.779688 0.760938 0.778125 0.76875 0.778125 0.770312 0.776563 0.775 0.776563 0.776563 0.775 0.778125 0.775 0.779688 0.773438 0.78125 0.773438 0.782812 0.771875 0.807813 0.771875 0.809375 0.770312 0.81875 0.770312 0.820312 0.76875 0.828125 0.76875 0.829687 0.767187 0.839063 0.767187 0.840625 0.765625 0.845312 0.765625 0.846875 0.764063 0.85 0.764063 0.851562 0.7625 0.857813 0.7625 0.859375 0.760938 0.865625 0.760938 0.867188 0.759375 0.873438 0.759375 0.875 0.757812 0.878125 0.757812 0.879687 0.75625 0.88125 0.75625 0.884375 0.753125 0.884375 0.75 0.885938 0.748438 0.885938 0.739062 0.884375 0.7375 0.884375 0.735937 0.882812 0.734375 0.882812 0.732813 0.88125 0.73125 0.88125 0.725 0.882812 0.723437 0.882812 0.720312 0.884375 0.71875 0.884375 0.715625 0.885938 0.714063 0.885938 0.710938 0.8875 0.709375 0.8875 0.70625 0.889063 0.704687 0.889063 0.703125 0.892187 0.7 0.892187 0.698438 0.89375 0.696875 0.89375 0.695312 0.895312 0.69375 0.895312 0.692187 0.896875 0.690625 0.898438 0.690625 0.9 0.689062 0.9 0.685938 0.903125 0.682813 0.90625 0.685938 0.90625 0.689062 0.909375 0.692187 0.909375 0.69375 0.910937 0.695312 0.910937 0.701563 0.9125 0.703125 0.9125 0.70625 0.914062 0.707812 0.914062 0.710938 0.9125 0.7125 0.9125 0.720312 0.920313 0.720312 0.923437 0.717188 0.925 0.717188 0.926562 0.715625 0.928125 0.715625 0.929688 0.714063 0.93125 0.714063 0.9375 0.707812 0.9375 0.704687 0.932813 0.7 0.93125 0.7 0.929688 0.698438 0.929688 0.696875 0.926562 0.69375 0.926562 0.692187 0.920313 0.685938 0.920313 0.679688 0.921875 0.678125 0.921875 0.66875 0.920313 0.667188 0.920313 0.660937 0.91875 0.659375 0.91875 0.651563 0.917188 0.65 0.917188 0.645312 0.915625 0.64375 0.915625 0.639063 0.914062 0.6375 0.914062 0.635938 0.9125 0.634375 0.9125 0.63125 0.910937 0.629687 0.910937 0.626562 0.909375 0.625 0.909375 0.61875 0.907812 0.617188 0.907812 0.601562 0.90625 0.6 0.90625 0.598437 0.904688 0.596875 0.904688 0.595312 0.903125 0.59375 0.903125 0.590625 0.901563 0.589063 0.901563 0.5875 0.9 0.585938 0.9 0.584375 0.898438 0.582812 0.898438 0.58125 0.896875 0.579687 0.896875 0.571875 0.915022
0 0.53125 0.828125 0.53125 0.832812 0.529688 0.834375 0.528125 0.834375 0.526563 0.835938 0.515625 0.835938 0.514063 0.8375 0.5 0.8375 0.498437 0.839063 0.489062 0.839063 0.4875 0.840625 0.482812 0.840625 0.48125 0.842188 0.475 0.842188 0.473437 0.84375 0.45625 0.84375 0.454688 0.842188 0.451562 0.842188 0.45 0.84375 0.442187 0.84375 0.440625 0.845312 0.4375 0.845312 0.435937 0.846875 0.428125 0.846875 0.428125 0.914062 0.434375 0.914062 0.435937 0.915625 0.435937 0.917188 0.4375 0.91875 0.4375 0.920313 0.439063 0.921875 0.439063 0.923437 0.440625 0.925 0.440625 0.928125 0.442187 0.929688 0.442187 0.93125 0.44375 0.932813 0.44375 0.935938 0.445312 0.9375 0.445312 0.940625 0.442187 0.94375 0.442187 0.945312 0.440625 0.946875 0.440625 0.948438 0.439063 0.95 0.439063 0.951563 0.4375 0.953125 0.4375 0.957812 0.435937 0.959375 0.435937 0.975 0.4375 0.976562 0.4375 0.979688 0.435937 0.98125 0.435937 0.990625 0.4375 0.992188 0.4375 0.998438 0.632812 0.998438 0.632812 0.979688 0.628125 0.979688 0.626562 0.978125 0.626562 0.976562 0.625 0.975 0.625 0.971875 0.623438 0.970312 0.623438 0.967188 0.621875 0.965625 0.621875 0.964063 0.620313 0.9625 0.620313 0.959375 0.61875 0.957812 0.61875 0.954687 0.617188 0.953125 0.617188 0.945312 0.615625 0.94375 0.615625 0.935938 0.614062 0.934375 0.614062 0.929688 0.6125 0.928125 0.6125 0.923437 0.610937 0.921875 0.610937 0.914062 0.609375 0.9125 0.609375 0.895312 0.607813 0.89375 0.607813 0.884375 0.60625 0.882812 0.60625 0.873438 0.604688 0.871875 0.604688 0.864062 0.603125 0.8625 0.603125 0.854688 0.601562 0.853125 0.601562 0.846875 0.6 0.845312 0.6 0.839063 0.598437 0.8375 0.598437 0.828125 0.907696
0 0.595312 0.546875 0.595312 0.551562 0.592188 0.554688 0.582812 0.554688 0.58125 0.55625 0.573438 0.55625 0.571875 0.557813 0.567187 0.557813 0.565625 0.559375 0.5625 0.559375 0.560938 0.560938 0.554688 0.560938 0.553125 0.5625 0.546875 0.5625 0.545313 0.564062 0.542188 0.564062 0.540625 0.565625 0.5375 0.565625 0.535937 0.567187 0.534375 0.567187 0.532812 0.56875 0.529688 0.56875 0.528125 0.570312 0.526563 0.570312 0.525 0.571875 0.521875 0.571875 0.520312 0.573438 0.517187 0.573438 0.515625 0.575 0.5125 0.575 0.510938 0.576563 0.507812 0.576563 0.50625 0.578125 0.503125 0.578125 0.501562 0.579687 0.498437 0.579687 0.496875 0.58125 0.490625 0.58125 0.490625 0.764063 0.495313 0.764063 0.496875 0.765625 0.496875 0.767187 0.498437 0.76875 0.498437 0.775 0.5 0.776563 0.5 0.78125 0.501562 0.782812 0.501562 0.789062 0.578125 0.789062 0.578125 0.782812 0.575 0.779688 0.575 0.778125 0.578125 0.775 0.579687 0.775 0.58125 0.773438 0.598437 0.773438 0.6 0.771875 0.603125 0.771875 0.604688 0.773438 0.646875 0.773438 0.648438 0.771875 0.673437 0.771875 0.675 0.770312 0.682813 0.770312 0.684375 0.76875 0.685938 0.76875 0.6875 0.767187 0.689062 0.767187 0.690625 0.765625 0.690625 0.75 0.689062 0.748438 0.689062 0.742188 0.6875 0.740625 0.6875 0.7375 0.685938 0.735937 0.685938 0.725 0.684375 0.723437 0.684375 0.701563 0.682813 0.7 0.682813 0.692187 0.68125 0.690625 0.68125 0.685938 0.679688 0.684375 0.679688 0.678125 0.678125 0.676562 0.678125 0.6625 0.676562 0.660937 0.676562 0.648438 0.675 0.646875 0.675 0.640625 0.673437 0.639063 0.673437 0.628125 0.671875 0.626562 0.671875 0.6125 0.670313 0.610937 0.670313 0.607813 0.667188 0.604688 0.667188 0.603125 0.6625 0.598437 0.659375 0.598437 0.65625 0.595312 0.654688 0.595312 0.64375 0.584375 0.64375 0.582812 0.642187 0.58125 0.642187 0.559375 0.64375 0.557813 0.64375 0.55625 0.646875 0.553125 0.648438 0.553125 0.65 0.551562 0.65 0.546875 0.861995
0 0.985937 0.515625 0.985937 0.520312 0.982813 0.523438 0.98125 0.523438 0.979688 0.525 0.978125 0.525 0.976562 0.526563 0.975 0.526563 0.971875 0.529688 0.96875 0.529688 0.967188 0.53125 0.960938 0.53125 0.959375 0.532812 0.95625 0.532812 0.954687 0.534375 0.951563 0.534375 0.95 0.535937 0.942187 0.535937 0.940625 0.5375 0.935938 0.5375 0.934375 0.539062 0.932813 0.539062 0.93125 0.540625 0.929688 0.540625 0.928125 0.542188 0.921875 0.542188 0.921875 0.590625 0.926562 0.590625 0.929688 0.59375 0.929688 0.595312 0.93125 0.596875 0.93125 0.6 0.932813 0.601562 0.932813 0.60625 0.934375 0.607813 0.934375 0.609375 0.935938 0.610937 0.935938 0.614062 0.9375 0.615625 0.9375 0.617188 0.939062 0.61875 0.939062 0.621875 0.940625 0.623438 0.940625 0.626562 0.94375 0.629687 0.94375 0.63125 0.945312 0.632812 0.945312 0.635938 0.946875 0.6375 0.946875 0.639063 0.95 0.642187 0.95 0.64375 0.951563 0.645312 0.951563 0.648438 0.953125 0.65 0.953125 0.651563 0.95625 0.654688 0.95625 0.65625 0.957812 0.657812 0.957812 0.659375 0.959375 0.660937 0.959375 0.664062 0.9625 0.667188 0.9625 0.66875 0.964063 0.670313 0.964063 0.675 0.965625 0.676562 0.965625 0.678125 0.967188 0.678125 0.970312 0.68125 0.970312 0.684375 0.971875 0.685938 0.971875 0.6875 0.975 0.690625 0.976562 0.690625 0.978125 0.692187 0.979688 0.692187 0.98125 0.69375 0.984375 0.69375 0.985937 0.695312 0.989062 0.695312 0.990625 0.696875 0.99375 0.696875 0.995313 0.698438 0.998438 0.698438 0.998438 0.515625 0.820694
