0 0.2875 0.732813 0.284375 0.729688 0.271875 0.729688 0.271875 0.757812 0.285937 0.757812 0.285937 0.75 0.2875 0.748438 0.2875 0.732813 0.345313 0.720312 0.346875 0.721875 0.346875 0.726562 0.348437 0.728125 0.348437 0.73125 0.35 0.732813 0.35 0.734375 0.351562 0.735937 0.351562 0.740625 0.353125 0.742188 0.353125 0.74375 0.354688 0.745313 0.354688 0.746875 0.357812 0.75 0.357812 0.751562 0.359375 0.753125 0.359375 0.757812 0.375 0.757812 0.375 0.753125 0.376563 0.751562 0.378125 0.751562 0.379687 0.75 0.382812 0.75 0.384375 0.748438 0.392188 0.748438 0.39375 0.746875 0.407813 0.746875 0.409375 0.745313 0.423438 0.745313 0.425 0.74375 0.434375 0.74375 0.435937 0.742188 0.44375 0.742188 0.445312 0.740625 0.479688 0.740625 0.48125 0.739062 0.485938 0.739062 0.4875 0.7375 0.490625 0.7375 0.492188 0.735937 0.496875 0.735937 0.498437 0.734375 0.501562 0.734375 0.503125 0.732813 0.510938 0.732813 0.5125 0.73125 0.525 0.73125 0.526563 0.729688 0.532812 0.729688 0.534375 0.728125 0.54375 0.728125 0.545313 0.726562 0.551562 0.726562 0.553125 0.725 0.557813 0.725 0.559375 0.723437 0.567187 0.723437 0.56875 0.721875 0.575 0.721875 0.576563 0.720312 0.58125 0.720312 0.582812 0.71875 0.584375 0.71875 0.585938 0.717188 0.5875 0.717188 0.589063 0.715625 0.592188 0.715625 0.59375 0.714063 0.595312 0.714063 0.6 0.709375 0.6 0.70625 0.601562 0.704687 0.601562 0.690625 0.6 0.689062 0.6 0.673437 0.598437 0.671875 0.598437 0.6625 0.596875 0.660937 0.596875 0.645312 0.598437 0.64375 0.598437 0.640625 0.6 0.639063 0.6 0.6375 0.603125 0.634375 0.603125 0.632812 0.604688 0.63125 0.604688 0.609375 0.603125 0.607813 0.603125 0.579687 0.601562 0.578125 0.601562 0.557813 0.603125 0.55625 0.603125 0.554688 0.604688 0.553125 0.604688 0.551562 0.60625 0.55 0.60625 0.548437 0.609375 0.545313 0.614062 0.545313 0.614062 0.523438 0.609375 0.523438 0.607813 0.521875 0.607813 0.517187 0.60625 0.515625 0.60625 0.50625 0.604688 0.504687 0.604688 0.5 0.603125 0.498437 0.603125 0.495313 0.601562 0.49375 0.601562 0.490625 0.6 0.489062 0.6 0.482812 0.598437 0.48125 0.598437 0.467187 0.596875 0.465625 0.596875 0.457812 0.595312 0.45625 0.595312 0.454688 0.59375 0.454688 0.592188 0.453125 0.592188 0.446875 0.542188 0.446875 0.542188 0.451562 0.540625 0.453125 0.535937 0.453125 0.534375 0.454688 0.526563 0.454688 0.525 0.45625 0.49375 0.45625 0.492188 0.457812 0.484375 0.457812 0.482812 0.459375 0.479688 0.459375 0.478125 0.460938 0.475 0.460938 0.473437 0.4625 0.467187 0.4625 0.465625 0.464063 0.460938 0.464063 0.459375 0.465625 0.453125 0.465625 0.451562 0.467187 0.442187 0.467187 0.440625 0.46875 0.432813 0.46875 0.43125 0.470313 0.426562 0.470313 0.425 0.471875 0.41875 0.471875 0.417188 0.473437 0.4125 0.473437 0.410937 0.475 0.407813 0.475 0.40625 0.476562 0.401563 0.476562 0.4 0.478125 0.396875 0.478125 0.395312 0.479688 0.392188 0.479688 0.390625 0.48125 0.3875 0.48125 0.38125 0.4875 0.38125 0.489062 0.379687 0.490625 0.379687 0.49375 0.373437 0.5 0.367188 0.5 0.365625 0.501562 0.351562 0.501562 0.35 0.503125 0.340625 0.503125 0.339063 0.504687 0.323438 0.504687 0.321875 0.50625 0.310937 0.50625 0.309375 0.507812 0.301562 0.507812 0.3 0.509375 0.29375 0.509375 0.292188 0.510938 0.2875 0.510938 0.285937 0.5125 0.28125 0.5125 0.279687 0.514063 0.271875 0.514063 0.271875 0.564062 0.278125 0.564062 0.284375 0.570312 0.284375 0.571875 0.2875 0.575 0.2875 0.576563 0.289062 0.578125 0.289062 0.579687 0.29375 0.584375 0.29375 0.585938 0.296875 0.589063 0.296875 0.590625 0.298438 0.592188 0.3 0.592188 0.301562 0.59375 0.301562 0.595312 0.303125 0.595312 0.307813 0.6 0.307813 0.601562 0.3125 0.60625 0.3125 0.607813 0.314063 0.609375 0.314063 0.6125 0.315625 0.614062 0.315625 0.61875 0.317187 0.620313 0.317187 0.625 0.31875 0.626562 0.31875 0.63125 0.320312 0.632812 0.320312 0.6375 0.321875 0.639063 0.321875 0.640625 0.323438 0.642187 0.323438 0.645312 0.325 0.646875 0.325 0.648438 0.326562 0.65 0.326562 0.653125 0.328125 0.654688 0.328125 0.664062 0.329688 0.665625 0.329688 0.667188 0.33125 0.66875 0.33125 0.670313 0.332812 0.671875 0.332812 0.673437 0.334375 0.675 0.334375 0.676562 0.340625 0.682813 0.340625 0.684375 0.34375 0.6875 0.34375 0.690625 0.345313 0.692187 0.345313 0.720312 0.956273
0 0.189063 0.534375 0.189063 0.539062 0.1875 0.540625 0.185937 0.540625 0.184375 0.542188 0.179688 0.542188 0.178125 0.54375 0.170312 0.54375 0.16875 0.545313 0.1625 0.545313 0.160938 0.546875 0.154687 0.546875 0.153125 0.548437 0.148438 0.548437 0.146875 0.55 0.142188 0.55 0.140625 0.551562 0.1375 0.551562 0.135937 0.553125 0.132812 0.553125 0.13125 0.554688 0.128125 0.554688 0.126563 0.55625 0.121875 0.55625 0.120312 0.557813 0.109375 0.557813 0.107813 0.559375 0.1 0.559375 0.0984375 0.560938 0.0890625 0.560938 0.0875 0.5625 0.0796875 0.5625 0.078125 0.564062 0.071875 0.564062 0.0703125 0.565625 0.065625 0.565625 0.0640625 0.567187 0.05625 0.567187 0.0546875 0.56875 0.046875 0.56875 0.0453125 0.570312 0.0390625 0.570312 0.0375 0.571875 0.034375 0.571875 0.0328125 0.573438 0.028125 0.573438 0.0265625 0.575 0.0203125 0.575 0.01875 0.576563 0.0140625 0.576563 0.0125 0.578125 0.009375 0.578125 0.0078125 0.579687 0.0046875 0.579687 0.003125 0.58125 0 0.58125 0 0.796875 0.009375 0.796875 0.0109375 0.795313 0.0171875 0.795313 0.01875 0.79375 0.021875 0.79375 0.0234375 0.792188 0.028125 0.792188 0.0296875 0.790625 0.046875 0.790625 0.0484375 0.789062 0.059375 0.789062 0.0609375 0.7875 0.0703125 0.7875 0.071875 0.785937 0.084375 0.785937 0.0859375 0.784375 0.110937 0.784375 0.1125 0.782812 0.11875 0.782812 0.120312 0.78125 0.125 0.78125 0.126563 0.779688 0.132812 0.779688 0.134375 0.778125 0.139062 0.778125 0.140625 0.776563 0.153125 0.776563 0.154687 0.775 0.1625 0.775 0.164062 0.773438 0.165625 0.773438 0.167187 0.775 0.16875 0.775 0.170312 0.776563 0.176563 0.776563 0.178125 0.778125 0.198437 0.778125 0.2 0.776563 0.207813 0.776563 0.210938 0.773438 0.2125 0.773438 0.214062 0.771875 0.215625 0.771875 0.217187 0.770312 0.220313 0.770312 0.221875 0.76875 0.225 0.76875 0.226562 0.767187 0.265625 0.767187 0.267188 0.765625 0.270312 0.765625 0.271875 0.764063 0.273438 0.764063 0.275 0.7625 0.276563 0.7625 0.278125 0.760938 0.279687 0.760938 0.28125 0.759375 0.282813 0.759375 0.284375 0.757812 0.284375 0.75625 0.2875 0.753125 0.2875 0.751562 0.289062 0.75 0.289062 0.748438 0.290625 0.746875 0.290625 0.742188 0.292188 0.740625 0.292188 0.735937 0.29375 0.734375 0.29375 0.729688 0.295312 0.728125 0.295312 0.726562 0.296875 0.725 0.296875 0.723437 0.3 0.720312 0.3 0.71875 0.301562 0.717188 0.307813 0.717188 0.307813 0.692187 0.303125 0.692187 0.3 0.689062 0.298438 0.689062 0.295312 0.685938 0.29375 0.685938 0.290625 0.682813 0.290625 0.679688 0.289062 0.678125 0.289062 0.667188 0.2875 0.665625 0.2875 0.660937 0.285937 0.659375 0.285937 0.654688 0.284375 0.653125 0.284375 0.65 0.282813 0.648438 0.282813 0.645312 0.28125 0.64375 0.28125 0.642187 0.279687 0.640625 0.279687 0.6375 0.278125 0.635938 0.278125 0.634375 0.276563 0.632812 0.276563 0.629687 0.275 0.628125 0.275 0.625 0.273438 0.623438 0.273438 0.621875 0.271875 0.620313 0.271875 0.617188 0.270312 0.615625 0.270312 0.614062 0.267188 0.610937 0.267188 0.609375 0.265625 0.607813 0.265625 0.584375 0.264062 0.582812 0.264062 0.578125 0.2625 0.576563 0.2625 0.575 0.260938 0.573438 0.260938 0.570312 0.259375 0.56875 0.259375 0.564062 0.257812 0.5625 0.257812 0.559375 0.25625 0.559375 0.254687 0.557813 0.251563 0.557813 0.245312 0.551562 0.245312 0.548437 0.24375 0.546875 0.24375 0.545313 0.242188 0.54375 0.242188 0.542188 0.240625 0.540625 0.240625 0.534375 0.94905
0 0.178125 0.996875 0.176563 0.995313 0.175 0.995313 0.171875 0.992188 0.165625 0.992188 0.165625 0.998438 0.178125 0.998438 0.178125 0.996875 0.39375 0.826563 0.359375 0.835938 0.357812 0.834375 0.357812 0.83125 0.35625 0.829687 0.35625 0.821875 0.289062 0.821875 0.289062 0.826563 0.2875 0.828125 0.285937 0.828125 0.284375 0.829687 0.276563 0.829687 0.275 0.83125 0.26875 0.83125 0.267188 0.832812 0.2625 0.832812 0.260938 0.834375 0.254687 0.834375 0.253125 0.835938 0.245312 0.835938 0.24375 0.8375 0.226562 0.8375 0.225 0.839063 0.204688 0.839063 0.203125 0.8375 0.189063 0.8375 0.1875 0.839063 0.176563 0.839063 0.175 0.840625 0.171875 0.840625 0.170312 0.842188 0.165625 0.842188 0.165625 0.860937 0.171875 0.860937 0.173438 0.8625 0.173438 0.864062 0.175 0.865625 0.175 0.867188 0.176563 0.86875 0.176563 0.871875 0.178125 0.873438 0.178125 0.875 0.179688 0.876562 0.179688 0.878125 0.18125 0.879687 0.18125 0.884375 0.182812 0.885938 0.182812 0.895312 0.184375 0.896875 0.184375 0.901563 0.185937 0.903125 0.185937 0.904688 0.1875 0.90625 0.1875 0.907812 0.189063 0.909375 0.189063 0.9125 0.19375 0.917188 0.19375 0.91875 0.195312 0.920313 0.195312 0.921875 0.196875 0.923437 0.196875 0.925 0.198437 0.926562 0.198437 0.929688 0.2 0.93125 0.2 0.934375 0.201562 0.935938 0.201562 0.940625 0.203125 0.942187 0.203125 0.945312 0.204688 0.946875 0.204688 0.951563 0.20625 0.953125 0.20625 0.957812 0.207813 0.959375 0.207813 0.965625 0.209375 0.967188 0.209375 0.96875 0.210938 0.970312 0.210938 0.971875 0.2125 0.973437 0.2125 0.976562 0.214062 0.978125 0.214062 0.98125 0.215625 0.982813 0.215625 0.985937 0.217187 0.9875 0.217187 0.989062 0.21875 0.990625 0.21875 0.99375 0.220313 0.995313 0.220313 0.998438 0.390625 0.998438 0.390625 0.996875 0.389062 0.995313 0.389062 0.990625 0.3875 0.989062 0.3875 0.984375 0.389062 0.982813 0.389062 0.975 0.3875 0.973437 0.3875 0.96875 0.385938 0.967188 0.385938 0.9625 0.384375 0.960938 0.384375 0.954687 0.382812 0.953125 0.382812 0.951563 0.379687 0.948438 0.379687 0.945312 0.378125 0.94375 0.378125 0.935938 0.376563 0.934375 0.376563 0.923437 0.375 0.921875 0.375 0.915625 0.373437 0.914062 0.373437 0.90625 0.371875 0.904688 0.371875 0.898438 0.370313 0.896875 0.370313 0.89375 0.36875 0.892187 0.36875 0.890625 0.367188 0.889063 0.367188 0.884375 0.365625 0.882812 0.365625 0.864062 0.364062 0.8625 0.364062 0.857813 0.3625 0.85625 0.3625 0.851562 0.360938 0.85 0.360938 0.845312 0.359375 0.84375 0.359375 0.835938 0.39375 0.826563 0.401563 0.826563 0.401563 0.821875 0.39375 0.821875 0.39375 0.826563 0.943619
0 0.9 0.378125 0.9 0.382812 0.896875 0.385938 0.895312 0.385938 0.89375 0.3875 0.890625 0.3875 0.889063 0.389062 0.884375 0.389062 0.882812 0.390625 0.867188 0.390625 0.865625 0.392188 0.859375 0.392188 0.857813 0.39375 0.853125 0.39375 0.851562 0.395312 0.845312 0.395312 0.84375 0.396875 0.839063 0.396875 0.8375 0.398438 0.834375 0.398438 0.832812 0.4 0.83125 0.4 0.829687 0.401563 0.828125 0.401563 0.826563 0.403125 0.825 0.403125 0.821875 0.40625 0.815625 0.40625 0.815625 0.495313 0.820312 0.495313 0.823438 0.498437 0.823438 0.501562 0.825 0.503125 0.825 0.504687 0.826563 0.50625 0.826563 0.507812 0.828125 0.509375 0.828125 0.5125 0.829687 0.514063 0.829687 0.525 0.83125 0.526563 0.83125 0.532812 0.829687 0.534375 0.829687 0.542188 0.83125 0.54375 0.83125 0.546875 0.832812 0.548437 0.832812 0.55 0.842188 0.559375 0.842188 0.560938 0.84375 0.5625 0.84375 0.604688 0.842188 0.60625 0.842188 0.607813 0.840625 0.609375 0.840625 0.610937 0.835938 0.615625 0.834375 0.615625 0.834375 0.617188 0.832812 0.61875 0.832812 0.625 0.83125 0.626562 0.83125 0.634375 0.829687 0.635938 0.829687 0.660937 0.83125 0.6625 0.83125 0.667188 0.832812 0.66875 0.832812 0.671875 0.834375 0.673437 0.834375 0.675 0.835938 0.676562 0.835938 0.682813 0.946875 0.682813 0.946875 0.678125 0.948438 0.676562 0.948438 0.675 0.953125 0.670313 0.954687 0.670313 0.95625 0.66875 0.959375 0.66875 0.960938 0.667188 0.970312 0.667188 0.971875 0.665625 0.979688 0.665625 0.98125 0.664062 0.998438 0.664062 0.998438 0.39375 0.995313 0.39375 0.99375 0.392188 0.990625 0.392188 0.989062 0.390625 0.989062 0.378125 0.934727
0 0.65625 0.409375 0.65625 0.415625 0.651563 0.420312 0.651563 0.421875 0.646875 0.426562 0.646875 0.428125 0.645312 0.429688 0.645312 0.4375 0.64375 0.439063 0.64375 0.451562 0.642187 0.453125 0.642187 0.4625 0.640625 0.464063 0.640625 0.467187 0.639063 0.46875 0.634375 0.46875 0.634375 0.69375 0.639063 0.69375 0.645312 0.7 0.696875 0.7 0.698438 0.698438 0.709375 0.698438 0.710938 0.696875 0.723437 0.696875 0.725 0.695312 0.735937 0.695312 0.7375 0.69375 0.746875 0.69375 0.748438 0.692187 0.75625 0.692187 0.757812 0.690625 0.764063 0.690625 0.765625 0.689062 0.776563 0.689062 0.778125 0.6875 0.790625 0.6875 0.792188 0.685938 0.801562 0.685938 0.803125 0.684375 0.80625 0.684375 0.807813 0.682813 0.814062 0.682813 0.814062 0.640625 0.809375 0.640625 0.807813 0.639063 0.807813 0.635938 0.80625 0.634375 0.80625 0.620313 0.804688 0.61875 0.804688 0.60625 0.803125 0.604688 0.803125 0.592188 0.801562 0.590625 0.801562 0.551562 0.8 0.55 0.8 0.489062 0.798437 0.4875 0.798437 0.4375 0.796875 0.435937 0.796875 0.428125 0.795313 0.426562 0.795313 0.425 0.792188 0.421875 0.792188 0.420312 0.789062 0.417188 0.7875 0.417188 0.784375 0.414062 0.784375 0.409375 0.771875 0.409375 0.771875 0.414062 0.770312 0.415625 0.7625 0.415625 0.760938 0.417188 0.75 0.417188 0.748438 0.415625 0.728125 0.415625 0.726562 0.417188 0.717188 0.417188 0.715625 0.415625 0.710938 0.415625 0.709375 0.414062 0.709375 0.409375 0.932508
0 0.0109375 0.315625 0.0109375 0.320312 0.0078125 0.323438 0.003125 0.323438 0.003125 0.545313 0.0078125 0.545313 0.009375 0.54375 0.015625 0.54375 0.0171875 0.542188 0.021875 0.542188 0.0234375 0.540625 0.0265625 0.540625 0.028125 0.539062 0.03125 0.539062 0.0328125 0.5375 0.0375 0.5375 0.0390625 0.535937 0.04375 0.535937 0.0453125 0.534375 0.0484375 0.534375 0.05 0.532812 0.0546875 0.532812 0.05625 0.53125 0.0609375 0.53125 0.0625 0.529688 0.0671875 0.529688 0.06875 0.528125 0.0734375 0.528125 0.075 0.526563 0.078125 0.526563 0.0796875 0.525 0.084375 0.525 0.0859375 0.523438 0.0890625 0.523438 0.090625 0.521875 0.09375 0.521875 0.0953125 0.520312 0.096875 0.520312 0.1 0.517187 0.101562 0.517187 0.103125 0.515625 0.107813 0.515625 0.107813 0.492188 0.103125 0.492188 0.1 0.489062 0.1 0.485938 0.0984375 0.484375 0.0984375 0.46875 0.1 0.467187 0.1 0.465625 0.101562 0.464063 0.101562 0.4625 0.103125 0.460938 0.107813 0.460938 0.107813 0.45 0.103125 0.45 0.101562 0.448438 0.101562 0.446875 0.1 0.445312 0.1 0.44375 0.0984375 0.442187 0.0984375 0.439063 0.096875 0.4375 0.096875 0.434375 0.0953125 0.432813 0.0953125 0.429688 0.09375 0.428125 0.09375 0.426562 0.0921875 0.425 0.0921875 0.423438 0.090625 0.421875 0.090625 0.417188 0.0890625 0.415625 0.0890625 0.4125 0.0875 0.410937 0.0875 0.409375 0.0859375 0.407813 0.0859375 0.404687 0.084375 0.403125 0.084375 0.4 0.0828125 0.398438 0.0828125 0.395312 0.08125 0.39375 0.08125 0.392188 0.0796875 0.390625 0.0796875 0.3875 0.078125 0.385938 0.078125 0.382812 0.0765625 0.38125 0.0765625 0.378125 0.075 0.376563 0.075 0.375 0.0734375 0.373437 0.0734375 0.370313 0.071875 0.36875 0.071875 0.367188 0.0703125 0.365625 0.0703125 0.3625 0.06875 0.360938 0.06875 0.359375 0.0671875 0.357812 0.0671875 0.354688 0.065625 0.353125 0.065625 0.35 0.0640625 0.348437 0.0640625 0.345313 0.0625 0.34375 0.0625 0.342187 0.0609375 0.340625 0.0609375 0.3375 0.059375 0.335938 0.059375 0.332812 0.0578125 0.33125 0.0578125 0.329688 0.05625 0.328125 0.05625 0.326562 0.0546875 0.325 0.0546875 0.323438 0.053125 0.321875 0.053125 0.315625 0.928217
0 0.0640625 0.379687 0.059375 0.379687 0.059375 0.514063 0.101562 0.514063 0.101562 0.507812 0.096875 0.503125 0.0953125 0.503125 0.09375 0.501562 0.09375 0.5 0.0890625 0.495313 0.0890625 0.49375 0.0875 0.492188 0.0875 0.490625 0.0859375 0.489062 0.0859375 0.485938 0.084375 0.484375 0.084375 0.48125 0.0828125 0.479688 0.0828125 0.478125 0.08125 0.476562 0.08125 0.4625 0.0796875 0.460938 0.0796875 0.44375 0.08125 0.442187 0.08125 0.439063 0.0828125 0.4375 0.0828125 0.425 0.08125 0.423438 0.08125 0.420312 0.0796875 0.41875 0.0796875 0.417188 0.078125 0.415625 0.078125 0.4125 0.0765625 0.410937 0.0765625 0.407813 0.075 0.40625 0.075 0.404687 0.0734375 0.403125 0.0734375 0.401563 0.071875 0.4 0.071875 0.398438 0.0703125 0.396875 0.0703125 0.395312 0.06875 0.39375 0.06875 0.392188 0.0671875 0.390625 0.0671875 0.389062 0.065625 0.3875 0.065625 0.382812 0.0640625 0.38125 0.0640625 0.379687 0.0703125 0.326562 0.2875 0.265625 0.234375 0.29375 0.232812 0.292188 0.232812 0.290625 0.229687 0.2875 0.229687 0.285937 0.228125 0.284375 0.228125 0.282813 0.226562 0.28125 0.226562 0.279687 0.225 0.278125 0.225 0.276563 0.223438 0.275 0.223438 0.273438 0.221875 0.271875 0.221875 0.265625 0.220313 0.264062 0.220313 0.259375 0.16875 0.259375 0.16875 0.264062 0.165625 0.267188 0.164062 0.267188 0.1625 0.26875 0.159375 0.26875 0.157813 0.270312 0.153125 0.270312 0.151562 0.271875 0.15 0.271875 0.148438 0.273438 0.146875 0.273438 0.145313 0.275 0.142188 0.275 0.140625 0.276563 0.139062 0.276563 0.1375 0.278125 0.135937 0.278125 0.134375 0.279687 0.132812 0.279687 0.13125 0.28125 0.129688 0.28125 0.128125 0.282813 0.125 0.282813 0.123438 0.284375 0.121875 0.284375 0.120312 0.285937 0.11875 0.285937 0.117188 0.2875 0.115625 0.2875 0.114063 0.289062 0.110937 0.289062 0.10625 0.29375 0.104687 0.29375 0.103125 0.295312 0.096875 0.295312 0.0953125 0.296875 0.090625 0.296875 0.0890625 0.298438 0.0875 0.298438 0.0859375 0.3 0.0828125 0.3 0.08125 0.301562 0.0765625 0.301562 0.0703125 0.307813 0.059375 0.307813 0.059375 0.314063 0.071875 0.314063 0.0734375 0.3125 0.0765625 0.3125 0.08125 0.317187 0.08125 0.31875 0.084375 0.321875 0.084375 0.335938 0.08125 0.339063 0.08125 0.342187 0.0828125 0.34375 0.0828125 0.353125 0.084375 0.354688 0.084375 0.35625 0.0859375 0.357812 0.0859375 0.359375 0.084375 0.360938 0.084375 0.367188 0.0859375 0.36875 0.0859375 0.370313 0.0875 0.371875 0.0875 0.378125 0.0890625 0.379687 0.0890625 0.382812 0.090625 0.384375 0.090625 0.392188 0.0921875 0.39375 0.0921875 0.4 0.09375 0.401563 0.09375 0.40625 0.0953125 0.407813 0.0953125 0.409375 0.096875 0.410937 0.096875 0.414062 0.0984375 0.415625 0.0984375 0.420312 0.1 0.421875 0.1 0.425 0.101562 0.426562 0.101562 0.428125 0.103125 0.429688 0.103125 0.432813 0.104687 0.434375 0.104687 0.440625 0.10625 0.442187 0.10625 0.446875 0.107813 0.448438 0.107813 0.453125 0.109375 0.454688 0.109375 0.457812 0.110937 0.459375 0.110937 0.4625 0.1125 0.464063 0.1125 0.46875 0.114063 0.470313 0.114063 0.475 0.115625 0.476562 0.115625 0.479688 0.117188 0.48125 0.117188 0.484375 0.11875 0.485938 0.11875 0.492188 0.120312 0.49375 0.120312 0.498437 0.121875 0.5 0.121875 0.501562 0.126563 0.50625 0.126563 0.507812 0.128125 0.509375 0.128125 0.514063 0.171875 0.514063 0.171875 0.509375 0.175 0.50625 0.176563 0.50625 0.178125 0.504687 0.179688 0.504687 0.18125 0.503125 0.182812 0.503125 0.184375 0.501562 0.185937 0.501562 0.189063 0.498437 0.196875 0.498437 0.201562 0.503125 0.203125 0.503125 0.204688 0.504687 0.209375 0.504687 0.210938 0.50625 0.215625 0.50625 0.217187 0.504687 0.223438 0.504687 0.225 0.503125 0.228125 0.503125 0.229687 0.501562 0.232812 0.501562 0.234375 0.5 0.24375 0.5 0.245312 0.498437 0.267188 0.498437 0.26875 0.496875 0.275 0.496875 0.276563 0.495313 0.279687 0.495313 0.28125 0.49375 0.285937 0.49375 0.2875 0.492188 0.290625 0.492188 0.292188 0.490625 0.296875 0.490625 0.3 0.4875 0.301562 0.4875 0.301562 0.485938 0.303125 0.484375 0.303125 0.482812 0.304688 0.48125 0.304688 0.478125 0.303125 0.476562 0.303125 0.471875 0.301562 0.470313 0.301562 0.46875 0.3 0.467187 0.3 0.465625 0.298438 0.464063 0.298438 0.4625 0.296875 0.460938 0.296875 0.457812 0.295312 0.45625 0.295312 0.454688 0.29375 0.453125 0.29375 0.45 0.292188 0.448438 0.292188 0.44375 0.290625 0.442187 0.290625 0.439063 0.289062 0.4375 0.289062 0.434375 0.2875 0.432813 0.2875 0.43125 0.285937 0.429688 0.285937 0.426562 0.284375 0.425 0.284375 0.421875 0.282813 0.420312 0.282813 0.417188 0.28125 0.415625 0.28125 0.414062 0.279687 0.4125 0.279687 0.409375 0.278125 0.407813 0.278125 0.404687 0.276563 0.403125 0.276563 0.401563 0.275 0.4 0.275 0.398438 0.273438 0.396875 0.273438 0.395312 0.271875 0.39375 0.271875 0.389062 0.26875 0.385938 0.26875 0.384375 0.265625 0.38125 0.265625 0.379687 0.264062 0.378125 0.264062 0.376563 0.2625 0.375 0.2625 0.373437 0.260938 0.371875 0.260938 0.365625 0.259375 0.364062 0.259375 0.360938 0.257812 0.359375 0.257812 0.35625 0.25625 0.354688 0.25625 0.353125 0.254687 0.351562 0.254687 0.35 0.253125 0.348437 0.253125 0.34375 0.251563 0.342187 0.251563 0.339063 0.248437 0.335938 0.248437 0.334375 0.246875 0.332812 0.246875 0.33125 0.245312 0.329688 0.245312 0.328125 0.24375 0.326562 0.24375 0.325 0.242188 0.323438 0.242188 0.314063 0.240625 0.3125 0.240625 0.30625 0.239063 0.304688 0.239063 0.301562 0.235938 0.298438 0.235938 0.296875 0.234375 0.295312 0.234375 0.29375 0.2875 0.265625 0.289062 0.265625 0.29375 0.270312 0.29375 0.271875 0.295312 0.273438 0.295312 0.276563 0.296875 0.278125 0.3 0.278125 0.30625 0.284375 0.30625 0.285937 0.307813 0.2875 0.307813 0.290625 0.314063 0.290625 0.314063 0.259375 0.2875 0.259375 0.2875 0.265625 0.0703125 0.326562 0.0703125 0.326562 0.92645
0 0.389062 0.976562 0.384375 0.976562 0.384375 0.998438 0.390625 0.998438 0.390625 0.990625 0.389062 0.989062 0.389062 0.976562 0.415625 0.967188 0.417188 0.96875 0.417188 0.971875 0.41875 0.973437 0.41875 0.978125 0.420312 0.979688 0.420312 0.984375 0.421875 0.985937 0.421875 0.9875 0.423438 0.989062 0.423438 0.992188 0.425 0.99375 0.425 0.995313 0.426562 0.996875 0.426562 0.998438 0.739062 0.998438 0.739062 0.970312 0.732813 0.970312 0.73125 0.96875 0.73125 0.967188 0.729688 0.965625 0.729688 0.9625 0.728125 0.960938 0.728125 0.953125 0.726562 0.951563 0.726562 0.948438 0.725 0.946875 0.725 0.942187 0.723437 0.940625 0.723437 0.914062 0.721875 0.9125 0.721875 0.907812 0.71875 0.904688 0.71875 0.903125 0.717188 0.901563 0.717188 0.9 0.715625 0.898438 0.715625 0.896875 0.714063 0.895312 0.714063 0.89375 0.7125 0.892187 0.7125 0.890625 0.710938 0.889063 0.710938 0.884375 0.709375 0.882812 0.709375 0.878125 0.707812 0.876562 0.707812 0.873438 0.70625 0.871875 0.70625 0.86875 0.704687 0.867188 0.704687 0.8625 0.703125 0.860937 0.703125 0.85625 0.701563 0.854688 0.701563 0.851562 0.7 0.85 0.7 0.845312 0.698438 0.84375 0.698438 0.835938 0.696875 0.834375 0.696875 0.828125 0.695312 0.826563 0.695312 0.823438 0.69375 0.821875 0.69375 0.814062 0.692187 0.8125 0.692187 0.79375 0.690625 0.792188 0.690625 0.785937 0.689062 0.784375 0.689062 0.78125 0.6875 0.779688 0.6875 0.776563 0.685938 0.775 0.685938 0.773438 0.684375 0.771875 0.684375 0.765625 0.642187 0.765625 0.642187 0.770312 0.640625 0.771875 0.639063 0.771875 0.6375 0.773438 0.634375 0.773438 0.632812 0.775 0.63125 0.775 0.629687 0.776563 0.626562 0.776563 0.625 0.778125 0.623438 0.778125 0.621875 0.779688 0.61875 0.779688 0.617188 0.78125 0.614062 0.78125 0.6125 0.782812 0.609375 0.782812 0.607813 0.784375 0.603125 0.784375 0.601562 0.785937 0.5875 0.785937 0.585938 0.7875 0.578125 0.7875 0.576563 0.789062 0.573438 0.789062 0.571875 0.790625 0.56875 0.790625 0.567187 0.792188 0.560938 0.792188 0.559375 0.79375 0.545313 0.79375 0.54375 0.795313 0.539062 0.795313 0.5375 0.796875 0.534375 0.796875 0.532812 0.798437 0.528125 0.798437 0.526563 0.8 0.523438 0.8 0.521875 0.801562 0.520312 0.801562 0.51875 0.803125 0.517187 0.803125 0.515625 0.804688 0.514063 0.804688 0.5125 0.80625 0.509375 0.80625 0.507812 0.807813 0.501562 0.807813 0.5 0.809375 0.495313 0.809375 0.49375 0.810938 0.489062 0.810938 0.4875 0.8125 0.482812 0.8125 0.48125 0.814062 0.475 0.814062 0.473437 0.815625 0.470313 0.815625 0.46875 0.817187 0.448438 0.817187 0.446875 0.815625 0.426562 0.815625 0.425 0.817187 0.421875 0.817187 0.420312 0.81875 0.409375 0.81875 0.407813 0.820312 0.398438 0.820312 0.396875 0.821875 0.39375 0.821875 0.390625 0.825 0.384375 0.825 0.384375 0.829687 0.389062 0.829687 0.39375 0.834375 0.39375 0.842188 0.395312 0.84375 0.395312 0.851562 0.396875 0.853125 0.396875 0.864062 0.398438 0.865625 0.398438 0.878125 0.4 0.879687 0.4 0.884375 0.401563 0.885938 0.401563 0.889063 0.403125 0.890625 0.403125 0.896875 0.404687 0.898438 0.404687 0.907812 0.40625 0.909375 0.40625 0.917188 0.407813 0.91875 0.407813 0.926562 0.409375 0.928125 0.409375 0.934375 0.410937 0.935938 0.410937 0.940625 0.4125 0.942187 0.4125 0.948438 0.414062 0.95 0.414062 0.960938 0.415625 0.9625 0.415625 0.967188 0.91804
0 0.0296875 0.853125 0.0296875 0.857813 0.0265625 0.860937 0.0234375 0.860937 0.021875 0.8625 0.0171875 0.8625 0.015625 0.864062 0.0109375 0.864062 0.009375 0.865625 0.003125 0.865625 0.003125 0.923437 0.0078125 0.923437 0.0109375 0.926562 0.0109375 0.932813 0.0125 0.934375 0.0125 0.9375 0.0140625 0.939062 0.0140625 0.942187 0.01875 0.946875 0.01875 0.948438 0.025 0.954687 0.025 0.95625 0.0296875 0.960938 0.0296875 0.964063 0.03125 0.965625 0.03125 0.967188 0.0328125 0.96875 0.0328125 0.970312 0.034375 0.971875 0.034375 0.975 0.0359375 0.976562 0.0359375 0.990625 0.0375 0.992188 0.0375 0.998438 0.1875 0.998438 0.1875 0.99375 0.190625 0.990625 0.190625 0.989062 0.19375 0.985937 0.19375 0.984375 0.195312 0.982813 0.195312 0.979688 0.196875 0.978125 0.201562 0.978125 0.201562 0.976562 0.196875 0.976562 0.195312 0.975 0.195312 0.970312 0.19375 0.96875 0.19375 0.965625 0.192188 0.964063 0.192188 0.960938 0.190625 0.959375 0.190625 0.95625 0.189063 0.954687 0.189063 0.951563 0.1875 0.95 0.1875 0.948438 0.185937 0.946875 0.185937 0.942187 0.184375 0.940625 0.184375 0.934375 0.182812 0.932813 0.182812 0.926562 0.18125 0.925 0.18125 0.920313 0.179688 0.91875 0.179688 0.915625 0.178125 0.914062 0.178125 0.9125 0.176563 0.910937 0.176563 0.909375 0.175 0.907812 0.175 0.90625 0.173438 0.904688 0.173438 0.903125 0.16875 0.898438 0.16875 0.896875 0.167187 0.895312 0.167187 0.892187 0.165625 0.890625 0.165625 0.8875 0.164062 0.885938 0.164062 0.884375 0.1625 0.882812 0.1625 0.879687 0.160938 0.878125 0.160938 0.873438 0.159375 0.871875 0.159375 0.867188 0.157813 0.865625 0.157813 0.864062 0.153125 0.859375 0.153125 0.853125 0.142188 0.853125 0.142188 0.857813 0.140625 0.859375 0.135937 0.859375 0.134375 0.860937 0.129688 0.860937 0.128125 0.8625 0.126563 0.8625 0.125 0.864062 0.123438 0.864062 0.121875 0.865625 0.1125 0.865625 0.109375 0.8625 0.107813 0.8625 0.10625 0.860937 0.0984375 0.860937 0.096875 0.8625 0.078125 0.8625 0.075 0.859375 0.075 0.853125 0.90776
0 0.515625 0.003125 0.515625 0.009375 0.514063 0.0109375 0.514063 0.0140625 0.5125 0.015625 0.5125 0.0171875 0.507812 0.021875 0.507812 0.0234375 0.50625 0.025 0.50625 0.0265625 0.501562 0.03125 0.501562 0.0328125 0.5 0.034375 0.5 0.0359375 0.495313 0.040625 0.495313 0.0421875 0.49375 0.04375 0.49375 0.0453125 0.489062 0.05 0.489062 0.0515625 0.485938 0.0546875 0.485938 0.05625 0.482812 0.059375 0.482812 0.0609375 0.48125 0.0625 0.48125 0.0640625 0.478125 0.0671875 0.478125 0.06875 0.476562 0.0703125 0.476562 0.071875 0.471875 0.0765625 0.471875 0.078125 0.46875 0.08125 0.46875 0.0828125 0.464063 0.0875 0.459375 0.0875 0.459375 0.123438 0.464063 0.123438 0.46875 0.128125 0.470313 0.128125 0.473437 0.13125 0.475 0.13125 0.478125 0.134375 0.479688 0.134375 0.482812 0.1375 0.484375 0.1375 0.489062 0.142188 0.490625 0.142188 0.495313 0.146875 0.496875 0.146875 0.501562 0.151562 0.503125 0.151562 0.50625 0.154687 0.507812 0.154687 0.510938 0.157813 0.5125 0.157813 0.514063 0.159375 0.515625 0.159375 0.517187 0.160938 0.51875 0.160938 0.520312 0.1625 0.521875 0.1625 0.523438 0.164062 0.525 0.164062 0.526563 0.165625 0.528125 0.165625 0.534375 0.171875 0.535937 0.171875 0.539062 0.175 0.540625 0.175 0.54375 0.178125 0.545313 0.178125 0.546875 0.179688 0.548437 0.179688 0.553125 0.184375 0.554688 0.184375 0.55625 0.185937 0.557813 0.185937 0.559375 0.1875 0.560938 0.1875 0.564062 0.190625 0.565625 0.190625 0.567187 0.192188 0.56875 0.192188 0.570312 0.19375 0.571875 0.19375 0.575 0.196875 0.575 0.201562 0.592188 0.201562 0.592188 0.195312 0.59375 0.19375 0.595312 0.19375 0.598437 0.190625 0.6 0.190625 0.603125 0.1875 0.604688 0.1875 0.607813 0.184375 0.609375 0.184375 0.615625 0.178125 0.615625 0.176563 0.621875 0.170312 0.621875 0.16875 0.625 0.165625 0.625 0.164062 0.629687 0.159375 0.629687 0.157813 0.63125 0.15625 0.63125 0.154687 0.632812 0.153125 0.632812 0.151562 0.634375 0.15 0.634375 0.148438 0.639063 0.14375 0.639063 0.142188 0.646875 0.134375 0.646875 0.132812 0.65 0.129688 0.65 0.128125 0.654688 0.123438 0.654688 0.121875 0.657812 0.11875 0.657812 0.117188 0.660937 0.114063 0.660937 0.1125 0.664062 0.109375 0.664062 0.107813 0.675 0.096875 0.676562 0.096875 0.68125 0.0921875 0.682813 0.0921875 0.690625 0.084375 0.690625 0.0828125 0.692187 0.08125 0.692187 0.0796875 0.695312 0.0765625 0.695312 0.075 0.703125 0.0671875 0.704687 0.0671875 0.707812 0.0640625 0.709375 0.0640625 0.709375 0.0625 0.710938 0.0609375 0.7125 0.0609375 0.725 0.0484375 0.725 0.046875 0.740625 0.03125 0.742188 0.03125 0.74375 0.0296875 0.745313 0.0296875 0.751562 0.0234375 0.751562 0.021875 0.754687 0.01875 0.754687 0.0171875 0.757812 0.0140625 0.757812 0.0125 0.760938 0.009375 0.760938 0.003125 0.894137
0 0.878125 0.709375 0.878125 0.714063 0.875 0.717188 0.870313 0.717188 0.86875 0.71875 0.8625 0.71875 0.860937 0.720312 0.854688 0.720312 0.853125 0.721875 0.846875 0.721875 0.845312 0.723437 0.840625 0.723437 0.839063 0.725 0.832812 0.725 0.83125 0.726562 0.826563 0.726562 0.825 0.728125 0.821875 0.728125 0.820312 0.729688 0.814062 0.729688 0.8125 0.73125 0.807813 0.73125 0.80625 0.732813 0.803125 0.732813 0.801562 0.734375 0.8 0.734375 0.798437 0.735937 0.796875 0.735937 0.795313 0.7375 0.79375 0.7375 0.792188 0.739062 0.789062 0.739062 0.7875 0.740625 0.784375 0.740625 0.782812 0.742188 0.78125 0.742188 0.778125 0.745313 0.776563 0.745313 0.775 0.746875 0.773438 0.746875 0.771875 0.748438 0.770312 0.748438 0.76875 0.75 0.764063 0.75 0.760938 0.746875 0.753125 0.746875 0.753125 0.76875 0.757812 0.76875 0.7625 0.773438 0.7625 0.775 0.764063 0.776563 0.764063 0.778125 0.765625 0.779688 0.765625 0.78125 0.76875 0.784375 0.76875 0.785937 0.775 0.792188 0.775 0.79375 0.778125 0.796875 0.785937 0.796875 0.7875 0.795313 0.79375 0.795313 0.795313 0.79375 0.796875 0.79375 0.798437 0.795313 0.801562 0.795313 0.804688 0.798437 0.804688 0.803125 0.801562 0.80625 0.796875 0.80625 0.795313 0.807813 0.792188 0.807813 0.790625 0.809375 0.7875 0.809375 0.784375 0.8125 0.779688 0.807813 0.753125 0.807813 0.753125 0.829687 0.759375 0.829687 0.7625 0.832812 0.764063 0.832812 0.765625 0.834375 0.76875 0.834375 0.770312 0.835938 0.773438 0.835938 0.775 0.8375 0.778125 0.8375 0.779688 0.839063 0.784375 0.839063 0.785937 0.840625 0.7875 0.840625 0.790625 0.84375 0.790625 0.845312 0.792188 0.846875 0.792188 0.85 0.79375 0.851562 0.79375 0.8625 0.792188 0.864062 0.792188 0.865625 0.79375 0.867188 0.79375 0.879687 0.795313 0.88125 0.795313 0.885938 0.796875 0.8875 0.796875 0.889063 0.798437 0.890625 0.798437 0.895312 0.8 0.896875 0.8 0.907812 0.801562 0.909375 0.801562 0.915625 0.803125 0.917188 0.803125 0.921875 0.804688 0.923437 0.804688 0.925 0.80625 0.926562 0.80625 0.932813 0.842188 0.932813 0.842188 0.928125 0.84375 0.926562 0.846875 0.926562 0.848437 0.925 0.854688 0.925 0.85625 0.923437 0.860937 0.923437 0.8625 0.921875 0.865625 0.921875 0.867188 0.920313 0.870313 0.920313 0.871875 0.91875 0.875 0.91875 0.876562 0.917188 0.878125 0.917188 0.879687 0.915625 0.882812 0.915625 0.884375 0.914062 0.8875 0.914062 0.889063 0.9125 0.895312 0.9125 0.896875 0.910937 0.903125 0.910937 0.904688 0.909375 0.907812 0.909375 0.909375 0.907812 0.914062 0.907812 0.915625 0.90625 0.920313 0.90625 0.921875 0.904688 0.923437 0.904688 0.935938 0.892187 0.9375 0.892187 0.942187 0.8875 0.94375 0.8875 0.945312 0.885938 0.946875 0.885938 0.948438 0.884375 0.95 0.884375 0.951563 0.882812 0.953125 0.882812 0.954687 0.88125 0.95625 0.88125 0.957812 0.879687 0.959375 0.879687 0.960938 0.878125 0.964063 0.878125 0.965625 0.876562 0.971875 0.876562 0.973437 0.878125 0.982813 0.878125 0.984375 0.876562 0.985937 0.876562 0.989062 0.873438 0.992188 0.873438 0.99375 0.871875 0.995313 0.871875 0.996875 0.870313 0.998438 0.870313 0.998438 0.709375 0.815358
