0 0.948438 0.471875 0.948438 0.476562 0.946875 0.478125 0.945312 0.478125 0.94375 0.479688 0.9375 0.479688 0.935938 0.48125 0.929688 0.48125 0.928125 0.482812 0.91875 0.482812 0.917188 0.484375 0.909375 0.484375 0.907812 0.485938 0.8875 0.485938 0.885938 0.4875 0.871875 0.4875 0.870313 0.485938 0.865625 0.485938 0.864062 0.484375 0.859375 0.484375 0.857813 0.485938 0.848437 0.485938 0.846875 0.4875 0.840625 0.4875 0.839063 0.489062 0.835938 0.489062 0.834375 0.490625 0.832812 0.490625 0.83125 0.492188 0.829687 0.492188 0.828125 0.49375 0.826563 0.49375 0.814062 0.50625 0.810938 0.50625 0.809375 0.507812 0.803125 0.507812 0.801562 0.509375 0.790625 0.509375 0.790625 0.553125 0.795313 0.553125 0.796875 0.554688 0.796875 0.557813 0.798437 0.559375 0.798437 0.564062 0.8 0.565625 0.8 0.56875 0.801562 0.570312 0.801562 0.575 0.803125 0.576563 0.803125 0.585938 0.804688 0.5875 0.804688 0.596875 0.80625 0.598437 0.80625 0.604688 0.807813 0.60625 0.807813 0.609375 0.809375 0.610937 0.809375 0.615625 0.810938 0.617188 0.810938 0.625 0.8125 0.626562 0.8125 0.64375 0.810938 0.645312 0.8125 0.646875 0.8125 0.657812 0.814062 0.659375 0.814062 0.678125 0.815625 0.679688 0.815625 0.6875 0.817187 0.689062 0.817187 0.69375 0.81875 0.695312 0.81875 0.701563 0.820312 0.703125 0.820312 0.709375 0.821875 0.710938 0.821875 0.714063 0.823438 0.715625 0.823438 0.720312 0.825 0.721875 0.825 0.726562 0.826563 0.728125 0.826563 0.732813 0.828125 0.734375 0.828125 0.735937 0.83125 0.739062 0.83125 0.745313 0.890625 0.745313 0.890625 0.740625 0.892187 0.739062 0.895312 0.739062 0.898438 0.735937 0.901563 0.735937 0.903125 0.734375 0.904688 0.734375 0.90625 0.732813 0.907812 0.732813 0.909375 0.73125 0.929688 0.73125 0.93125 0.729688 0.945312 0.729688 0.946875 0.728125 0.954687 0.728125 0.95625 0.726562 0.957812 0.726562 0.959375 0.725 0.960938 0.725 0.9625 0.723437 0.965625 0.723437 0.967188 0.721875 0.96875 0.721875 0.970312 0.720312 0.971875 0.720312 0.976562 0.715625 0.978125 0.715625 0.98125 0.7125 0.98125 0.710938 0.985937 0.70625 0.985937 0.704687 0.989062 0.701563 0.99375 0.701563 0.995313 0.703125 0.998438 0.703125 0.998438 0.471875 0.962982
0 0.751562 0.759375 0.751562 0.764063 0.75 0.765625 0.748438 0.765625 0.746875 0.767187 0.740625 0.767187 0.739062 0.76875 0.725 0.76875 0.723437 0.770312 0.7 0.770312 0.698438 0.771875 0.690625 0.771875 0.689062 0.773438 0.685938 0.773438 0.684375 0.775 0.679688 0.775 0.678125 0.776563 0.675 0.776563 0.673437 0.778125 0.670313 0.778125 0.66875 0.779688 0.665625 0.779688 0.664062 0.78125 0.653125 0.78125 0.651563 0.782812 0.635938 0.782812 0.634375 0.784375 0.621875 0.784375 0.620313 0.785937 0.617188 0.785937 0.615625 0.7875 0.609375 0.7875 0.609375 0.81875 0.614062 0.81875 0.615625 0.820312 0.615625 0.821875 0.617188 0.823438 0.617188 0.825 0.61875 0.826563 0.61875 0.828125 0.620313 0.829687 0.620313 0.83125 0.621875 0.832812 0.621875 0.835938 0.623438 0.8375 0.623438 0.840625 0.625 0.842188 0.625 0.84375 0.626562 0.845312 0.626562 0.846875 0.629687 0.85 0.629687 0.851562 0.640625 0.8625 0.640625 0.864062 0.642187 0.865625 0.642187 0.867188 0.64375 0.86875 0.64375 0.871875 0.645312 0.873438 0.645312 0.8875 0.646875 0.889063 0.646875 0.892187 0.645312 0.89375 0.645312 0.896875 0.646875 0.898438 0.646875 0.901563 0.648438 0.903125 0.646875 0.904688 0.646875 0.915625 0.648438 0.917188 0.648438 0.923437 0.65 0.925 0.65 0.928125 0.651563 0.929688 0.651563 0.939062 0.653125 0.940625 0.653125 0.946875 0.654688 0.948438 0.654688 0.953125 0.65625 0.954687 0.65625 0.959375 0.657812 0.960938 0.657812 0.9625 0.659375 0.964063 0.659375 0.965625 0.660937 0.967188 0.660937 0.970312 0.6625 0.971875 0.6625 0.978125 0.664062 0.979688 0.664062 0.984375 0.665625 0.985937 0.665625 0.990625 0.667188 0.992188 0.667188 0.995313 0.66875 0.996875 0.66875 0.998438 0.815625 0.998438 0.815625 0.996875 0.817187 0.995313 0.81875 0.995313 0.820312 0.99375 0.821875 0.99375 0.825 0.990625 0.826563 0.990625 0.828125 0.989062 0.829687 0.989062 0.83125 0.9875 0.834375 0.9875 0.835938 0.985937 0.8375 0.985937 0.839063 0.984375 0.842188 0.984375 0.845312 0.98125 0.845312 0.979688 0.846875 0.978125 0.846875 0.957812 0.848437 0.95625 0.848437 0.951563 0.846875 0.95 0.846875 0.945312 0.845312 0.94375 0.845312 0.940625 0.84375 0.939062 0.84375 0.932813 0.842188 0.93125 0.842188 0.914062 0.840625 0.9125 0.840625 0.896875 0.839063 0.895312 0.839063 0.889063 0.8375 0.8875 0.8375 0.885938 0.835938 0.884375 0.835938 0.879687 0.834375 0.878125 0.834375 0.8625 0.832812 0.860937 0.832812 0.85625 0.83125 0.854688 0.83125 0.851562 0.829687 0.85 0.829687 0.842188 0.828125 0.840625 0.828125 0.829687 0.826563 0.828125 0.826563 0.823438 0.825 0.821875 0.825 0.8125 0.823438 0.810938 0.823438 0.795313 0.821875 0.79375 0.821875 0.778125 0.820312 0.776563 0.820312 0.770312 0.815625 0.765625 0.815625 0.759375 0.960702
0 0.184375 0.034375 0.184375 0.0390625 0.182812 0.040625 0.18125 0.040625 0.179688 0.0421875 0.173438 0.0421875 0.171875 0.04375 0.167187 0.04375 0.165625 0.0453125 0.160938 0.0453125 0.159375 0.046875 0.153125 0.046875 0.151562 0.0484375 0.146875 0.0484375 0.145313 0.05 0.140625 0.05 0.139062 0.0515625 0.135937 0.0515625 0.134375 0.053125 0.13125 0.053125 0.129688 0.0546875 0.126563 0.0546875 0.125 0.05625 0.11875 0.05625 0.117188 0.0578125 0.10625 0.0578125 0.104687 0.059375 0.096875 0.059375 0.0953125 0.0609375 0.0859375 0.0609375 0.084375 0.0625 0.0765625 0.0625 0.075 0.0640625 0.06875 0.0640625 0.0671875 0.065625 0.0625 0.065625 0.0609375 0.0671875 0.0546875 0.0671875 0.053125 0.06875 0.0453125 0.06875 0.04375 0.0703125 0.0390625 0.0703125 0.0375 0.071875 0.0328125 0.071875 0.03125 0.0734375 0.0265625 0.0734375 0.025 0.075 0.01875 0.075 0.0171875 0.0765625 0.0125 0.0765625 0.0109375 0.078125 0.0078125 0.078125 0.00625 0.0796875 0.0046875 0.0796875 0.003125 0.08125 0 0.08125 0 0.296875 0.0140625 0.296875 0.015625 0.295312 0.021875 0.295312 0.0234375 0.29375 0.028125 0.29375 0.0296875 0.292188 0.0375 0.292188 0.0390625 0.290625 0.05 0.290625 0.0515625 0.289062 0.0609375 0.289062 0.0625 0.2875 0.075 0.2875 0.0765625 0.285937 0.104687 0.285937 0.10625 0.284375 0.1125 0.284375 0.114063 0.282813 0.123438 0.282813 0.125 0.28125 0.134375 0.28125 0.135937 0.279687 0.140625 0.279687 0.142188 0.278125 0.15 0.278125 0.151562 0.276563 0.1625 0.276563 0.164062 0.275 0.165625 0.275 0.167187 0.276563 0.170312 0.276563 0.171875 0.278125 0.201562 0.278125 0.203125 0.276563 0.207813 0.276563 0.209375 0.275 0.210938 0.275 0.2125 0.273438 0.214062 0.273438 0.215625 0.271875 0.217187 0.271875 0.21875 0.270312 0.223438 0.270312 0.225 0.26875 0.259375 0.26875 0.260938 0.267188 0.267188 0.267188 0.26875 0.265625 0.271875 0.265625 0.273438 0.264062 0.275 0.264062 0.276563 0.2625 0.278125 0.2625 0.279687 0.260938 0.28125 0.260938 0.2875 0.254687 0.2875 0.253125 0.289062 0.251563 0.289062 0.248437 0.290625 0.246875 0.290625 0.24375 0.292188 0.242188 0.292188 0.235938 0.29375 0.234375 0.29375 0.23125 0.295312 0.229687 0.295312 0.226562 0.298438 0.223438 0.298438 0.221875 0.3 0.220313 0.3 0.21875 0.301562 0.217187 0.307813 0.217187 0.307813 0.192188 0.303125 0.192188 0.3 0.189063 0.298438 0.189063 0.295312 0.185937 0.29375 0.185937 0.290625 0.182812 0.290625 0.18125 0.2875 0.178125 0.2875 0.173438 0.289062 0.171875 0.289062 0.170312 0.2875 0.16875 0.2875 0.1625 0.285937 0.160938 0.285937 0.154687 0.284375 0.153125 0.284375 0.148438 0.282813 0.146875 0.282813 0.145313 0.28125 0.14375 0.28125 0.140625 0.279687 0.139062 0.279687 0.135937 0.278125 0.134375 0.278125 0.13125 0.276563 0.129688 0.276563 0.126563 0.275 0.125 0.275 0.123438 0.273438 0.121875 0.273438 0.120312 0.271875 0.11875 0.271875 0.117188 0.270312 0.115625 0.270312 0.1125 0.267188 0.109375 0.267188 0.10625 0.265625 0.104687 0.265625 0.08125 0.264062 0.0796875 0.264062 0.075 0.2625 0.0734375 0.2625 0.0703125 0.260938 0.06875 0.260938 0.065625 0.259375 0.0640625 0.259375 0.0578125 0.257812 0.05625 0.25625 0.05625 0.254687 0.0546875 0.253125 0.0546875 0.251563 0.053125 0.25 0.053125 0.245312 0.0484375 0.245312 0.046875 0.24375 0.0453125 0.24375 0.0421875 0.242188 0.040625 0.242188 0.034375 0.950666
0 0.396875 0.323438 0.398438 0.323438 0.4 0.325 0.407813 0.325 0.407813 0.315625 0.396875 0.315625 0.396875 0.323438 0.357812 0.33125 0.35625 0.329688 0.35625 0.328125 0.351562 0.323438 0.35 0.323438 0.346875 0.320312 0.346875 0.315625 0.326562 0.315625 0.326562 0.320312 0.325 0.321875 0.317187 0.321875 0.315625 0.323438 0.309375 0.323438 0.307813 0.325 0.301562 0.325 0.3 0.326562 0.295312 0.326562 0.29375 0.328125 0.285937 0.328125 0.284375 0.329688 0.276563 0.329688 0.275 0.33125 0.26875 0.33125 0.267188 0.332812 0.2625 0.332812 0.260938 0.334375 0.25625 0.334375 0.254687 0.335938 0.245312 0.335938 0.24375 0.3375 0.225 0.3375 0.223438 0.339063 0.20625 0.339063 0.204688 0.3375 0.189063 0.3375 0.1875 0.339063 0.171875 0.339063 0.171875 0.376563 0.176563 0.376563 0.179688 0.379687 0.179688 0.38125 0.18125 0.382812 0.18125 0.3875 0.182812 0.389062 0.182812 0.398438 0.184375 0.4 0.184375 0.403125 0.185937 0.404687 0.185937 0.407813 0.1875 0.409375 0.1875 0.410937 0.189063 0.4125 0.189063 0.414062 0.190625 0.415625 0.190625 0.417188 0.19375 0.420312 0.19375 0.421875 0.195312 0.423438 0.195312 0.425 0.196875 0.426562 0.196875 0.428125 0.198437 0.429688 0.198437 0.43125 0.2 0.432813 0.2 0.4375 0.201562 0.439063 0.201562 0.442187 0.203125 0.44375 0.203125 0.445312 0.204688 0.446875 0.204688 0.45 0.20625 0.451562 0.20625 0.45625 0.207813 0.457812 0.207813 0.4625 0.209375 0.464063 0.209375 0.467187 0.210938 0.46875 0.210938 0.471875 0.2125 0.473437 0.2125 0.476562 0.214062 0.478125 0.214062 0.48125 0.215625 0.482812 0.215625 0.484375 0.217187 0.485938 0.217187 0.489062 0.21875 0.490625 0.21875 0.495313 0.220313 0.496875 0.220313 0.503125 0.221875 0.504687 0.221875 0.507812 0.223438 0.509375 0.223438 0.5125 0.225 0.514063 0.225 0.51875 0.226562 0.520312 0.226562 0.526563 0.228125 0.528125 0.228125 0.53125 0.229687 0.532812 0.229687 0.5375 0.23125 0.539062 0.23125 0.545313 0.232812 0.546875 0.232812 0.55 0.234375 0.551562 0.234375 0.557813 0.2625 0.557813 0.2625 0.553125 0.265625 0.55 0.270312 0.55 0.271875 0.548437 0.275 0.548437 0.276563 0.546875 0.28125 0.546875 0.282813 0.545313 0.292188 0.545313 0.29375 0.546875 0.309375 0.546875 0.310937 0.545313 0.31875 0.545313 0.320312 0.54375 0.325 0.54375 0.326562 0.542188 0.33125 0.542188 0.332812 0.540625 0.335938 0.540625 0.3375 0.539062 0.339063 0.539062 0.340625 0.5375 0.34375 0.5375 0.345313 0.535937 0.348437 0.535937 0.35 0.534375 0.35625 0.534375 0.357812 0.532812 0.360938 0.532812 0.3625 0.53125 0.36875 0.53125 0.370313 0.529688 0.378125 0.529688 0.379687 0.528125 0.385938 0.528125 0.3875 0.526563 0.395312 0.526563 0.396875 0.525 0.396875 0.523438 0.398438 0.521875 0.398438 0.50625 0.396875 0.504687 0.396875 0.495313 0.395312 0.49375 0.395312 0.489062 0.39375 0.4875 0.39375 0.484375 0.392188 0.482812 0.392188 0.478125 0.390625 0.476562 0.390625 0.471875 0.389062 0.470313 0.389062 0.467187 0.3875 0.465625 0.3875 0.464063 0.385938 0.4625 0.385938 0.459375 0.384375 0.457812 0.384375 0.453125 0.382812 0.451562 0.382812 0.45 0.379687 0.446875 0.379687 0.44375 0.378125 0.442187 0.378125 0.429688 0.376563 0.428125 0.376563 0.420312 0.375 0.41875 0.375 0.4125 0.373437 0.410937 0.373437 0.404687 0.371875 0.403125 0.371875 0.396875 0.370313 0.395312 0.370313 0.39375 0.36875 0.392188 0.36875 0.389062 0.367188 0.3875 0.367188 0.38125 0.365625 0.379687 0.365625 0.364062 0.364062 0.3625 0.364062 0.35625 0.3625 0.354688 0.3625 0.351562 0.360938 0.35 0.360938 0.345313 0.359375 0.34375 0.359375 0.3375 0.357812 0.335938 0.357812 0.33125 0.946429
0 0.645312 0.265625 0.645312 0.270312 0.642187 0.273438 0.639063 0.273438 0.6375 0.275 0.635938 0.275 0.634375 0.276563 0.63125 0.276563 0.629687 0.278125 0.628125 0.278125 0.626562 0.279687 0.625 0.279687 0.623438 0.28125 0.620313 0.28125 0.61875 0.282813 0.614062 0.282813 0.6125 0.284375 0.609375 0.284375 0.607813 0.285937 0.603125 0.285937 0.601562 0.2875 0.5875 0.2875 0.585938 0.289062 0.578125 0.289062 0.576563 0.290625 0.573438 0.290625 0.571875 0.292188 0.567187 0.292188 0.565625 0.29375 0.546875 0.29375 0.545313 0.295312 0.540625 0.295312 0.539062 0.296875 0.535937 0.296875 0.534375 0.298438 0.53125 0.298438 0.529688 0.3 0.526563 0.3 0.525 0.301562 0.521875 0.301562 0.520312 0.303125 0.51875 0.303125 0.515625 0.30625 0.5125 0.30625 0.510938 0.307813 0.504687 0.307813 0.503125 0.309375 0.5 0.309375 0.498437 0.310937 0.495313 0.310937 0.49375 0.3125 0.489062 0.3125 0.4875 0.314063 0.478125 0.314063 0.476562 0.315625 0.473437 0.315625 0.471875 0.317187 0.46875 0.317187 0.467187 0.31875 0.45 0.31875 0.448438 0.317187 0.440625 0.317187 0.439063 0.315625 0.4375 0.317187 0.426562 0.317187 0.425 0.31875 0.41875 0.31875 0.417188 0.320312 0.404687 0.320312 0.403125 0.321875 0.398438 0.321875 0.39375 0.326562 0.39375 0.328125 0.395312 0.328125 0.396875 0.329688 0.401563 0.329688 0.40625 0.334375 0.40625 0.339063 0.407813 0.340625 0.407813 0.34375 0.409375 0.345313 0.409375 0.346875 0.407813 0.348437 0.407813 0.35 0.40625 0.351562 0.40625 0.370313 0.407813 0.371875 0.407813 0.379687 0.409375 0.38125 0.409375 0.384375 0.410937 0.385938 0.410937 0.390625 0.4125 0.392188 0.4125 0.395312 0.414062 0.396875 0.414062 0.44375 0.415625 0.445312 0.415625 0.453125 0.417188 0.454688 0.417188 0.45625 0.41875 0.457812 0.41875 0.465625 0.420312 0.467187 0.420312 0.475 0.421875 0.476562 0.421875 0.48125 0.423438 0.482812 0.423438 0.485938 0.425 0.4875 0.425 0.492188 0.426562 0.49375 0.426562 0.501562 0.428125 0.503125 0.428125 0.509375 0.429688 0.510938 0.429688 0.515625 0.43125 0.517187 0.43125 0.521875 0.432813 0.523438 0.432813 0.53125 0.434375 0.532812 0.434375 0.5375 0.435937 0.539062 0.435937 0.542188 0.4375 0.54375 0.4375 0.545313 0.439063 0.546875 0.439063 0.55 0.440625 0.551562 0.440625 0.557813 0.4625 0.557813 0.4625 0.553125 0.464063 0.551562 0.467187 0.551562 0.46875 0.55 0.478125 0.55 0.479688 0.548437 0.485938 0.548437 0.4875 0.546875 0.492188 0.546875 0.49375 0.545313 0.495313 0.545313 0.496875 0.54375 0.501562 0.54375 0.503125 0.542188 0.504687 0.542188 0.50625 0.540625 0.507812 0.540625 0.509375 0.539062 0.514063 0.539062 0.515625 0.5375 0.525 0.5375 0.526563 0.535937 0.540625 0.535937 0.542188 0.534375 0.548437 0.534375 0.55 0.532812 0.559375 0.532812 0.560938 0.53125 0.571875 0.53125 0.573438 0.532812 0.585938 0.532812 0.5875 0.534375 0.592188 0.534375 0.59375 0.532812 0.6125 0.532812 0.614062 0.53125 0.623438 0.53125 0.625 0.529688 0.639063 0.529688 0.640625 0.528125 0.65 0.528125 0.651563 0.526563 0.65625 0.526563 0.657812 0.525 0.665625 0.525 0.667188 0.523438 0.692187 0.523438 0.69375 0.521875 0.70625 0.521875 0.707812 0.520312 0.710938 0.520312 0.7125 0.51875 0.715625 0.51875 0.717188 0.517187 0.720312 0.517187 0.721875 0.515625 0.723437 0.515625 0.726562 0.5125 0.728125 0.5125 0.729688 0.510938 0.73125 0.510938 0.735937 0.50625 0.735937 0.504687 0.7375 0.503125 0.7375 0.495313 0.735937 0.49375 0.735937 0.482812 0.734375 0.48125 0.734375 0.473437 0.732813 0.471875 0.732813 0.470313 0.73125 0.46875 0.73125 0.467187 0.729688 0.465625 0.729688 0.4625 0.728125 0.460938 0.728125 0.454688 0.726562 0.453125 0.726562 0.448438 0.725 0.446875 0.725 0.442187 0.723437 0.440625 0.723437 0.417188 0.721875 0.415625 0.721875 0.409375 0.71875 0.40625 0.71875 0.404687 0.717188 0.403125 0.717188 0.401563 0.715625 0.4 0.715625 0.398438 0.714063 0.396875 0.714063 0.395312 0.7125 0.39375 0.7125 0.392188 0.710938 0.390625 0.710938 0.3875 0.709375 0.385938 0.709375 0.379687 0.707812 0.378125 0.707812 0.375 0.70625 0.373437 0.70625 0.370313 0.704687 0.36875 0.704687 0.365625 0.703125 0.364062 0.703125 0.359375 0.701563 0.357812 0.701563 0.354688 0.7 0.353125 0.7 0.348437 0.698438 0.346875 0.698438 0.340625 0.696875 0.339063 0.696875 0.33125 0.695312 0.329688 0.695312 0.325 0.69375 0.323438 0.69375 0.31875 0.692187 0.317187 0.692187 0.303125 0.690625 0.301562 0.690625 0.289062 0.689062 0.2875 0.689062 0.284375 0.6875 0.282813 0.6875 0.279687 0.685938 0.278125 0.685938 0.275 0.684375 0.273438 0.684375 0.271875 0.682813 0.270312 0.682813 0.265625 0.945731
0 0.296875 0.207813 0.295312 0.20625 0.29375 0.207813 0.2875 0.207813 0.285937 0.209375 0.285937 0.210938 0.284375 0.2125 0.282813 0.2125 0.28125 0.210938 0.28125 0.209375 0.276563 0.204688 0.271875 0.204688 0.271875 0.257812 0.285937 0.257812 0.285937 0.253125 0.2875 0.251563 0.2875 0.248437 0.289062 0.246875 0.289062 0.225 0.290625 0.223438 0.290625 0.220313 0.296875 0.214062 0.296875 0.207813 0.332812 0.175 0.340625 0.182812 0.340625 0.184375 0.34375 0.1875 0.34375 0.190625 0.345313 0.192188 0.345313 0.220313 0.346875 0.221875 0.346875 0.226562 0.348437 0.228125 0.348437 0.23125 0.35 0.232812 0.35 0.235938 0.351562 0.2375 0.351562 0.240625 0.353125 0.242188 0.353125 0.245312 0.35625 0.248437 0.35625 0.25 0.359375 0.253125 0.359375 0.257812 0.379687 0.257812 0.379687 0.253125 0.38125 0.251563 0.382812 0.251563 0.384375 0.25 0.390625 0.25 0.392188 0.248437 0.4 0.248437 0.401563 0.246875 0.414062 0.246875 0.415625 0.245312 0.428125 0.245312 0.429688 0.24375 0.4375 0.24375 0.439063 0.242188 0.478125 0.242188 0.479688 0.240625 0.484375 0.240625 0.485938 0.239063 0.490625 0.239063 0.492188 0.2375 0.495313 0.2375 0.496875 0.235938 0.5 0.235938 0.501562 0.234375 0.50625 0.234375 0.507812 0.232812 0.520312 0.232812 0.521875 0.23125 0.528125 0.23125 0.529688 0.229687 0.535937 0.229687 0.5375 0.228125 0.546875 0.228125 0.548437 0.226562 0.554688 0.226562 0.55625 0.225 0.560938 0.225 0.5625 0.223438 0.570312 0.223438 0.571875 0.221875 0.576563 0.221875 0.578125 0.220313 0.582812 0.220313 0.584375 0.21875 0.585938 0.21875 0.5875 0.217187 0.589063 0.217187 0.590625 0.215625 0.592188 0.215625 0.59375 0.214062 0.595312 0.214062 0.601562 0.207813 0.601562 0.184375 0.6 0.182812 0.6 0.171875 0.598437 0.170312 0.598437 0.1625 0.596875 0.160938 0.596875 0.145313 0.598437 0.14375 0.598437 0.140625 0.6 0.139062 0.6 0.1375 0.603125 0.134375 0.603125 0.132812 0.604688 0.13125 0.604688 0.109375 0.603125 0.107813 0.603125 0.09375 0.601562 0.0921875 0.601562 0.0796875 0.6 0.078125 0.6 0.071875 0.598437 0.0703125 0.598437 0.065625 0.596875 0.0640625 0.596875 0.0625 0.595312 0.0609375 0.595312 0.0578125 0.59375 0.05625 0.59375 0.0546875 0.592188 0.053125 0.592188 0.046875 0.590625 0.0453125 0.590625 0.0375 0.589063 0.0359375 0.589063 0.0296875 0.5875 0.028125 0.5875 0.021875 0.585938 0.0203125 0.585938 0.0109375 0.584375 0.009375 0.584375 0.003125 0.29375 0.003125 0.29375 0.0078125 0.292188 0.009375 0.290625 0.009375 0.289062 0.0109375 0.282813 0.0109375 0.28125 0.0125 0.271875 0.0125 0.271875 0.0546875 0.278125 0.0546875 0.279687 0.05625 0.282813 0.05625 0.284375 0.0578125 0.285937 0.0578125 0.2875 0.059375 0.2875 0.0609375 0.290625 0.0640625 0.290625 0.065625 0.292188 0.0671875 0.292188 0.06875 0.29375 0.0703125 0.29375 0.078125 0.296875 0.08125 0.296875 0.0828125 0.298438 0.084375 0.298438 0.0859375 0.3 0.0875 0.3 0.0890625 0.304688 0.09375 0.30625 0.09375 0.3125 0.1 0.3125 0.101562 0.314063 0.103125 0.314063 0.104687 0.315625 0.10625 0.315625 0.110937 0.317187 0.1125 0.317187 0.11875 0.31875 0.120312 0.31875 0.128125 0.320312 0.129688 0.320312 0.132812 0.321875 0.134375 0.321875 0.1375 0.323438 0.139062 0.323438 0.142188 0.325 0.14375 0.325 0.145313 0.326562 0.146875 0.326562 0.148438 0.328125 0.15 0.328125 0.159375 0.329688 0.160938 0.329688 0.167187 0.33125 0.16875 0.33125 0.170312 0.332812 0.171875 0.332812 0.175 0.94537
0 0.45625 0.996875 0.453125 0.996875 0.451562 0.995313 0.446875 0.995313 0.446875 0.998438 0.45625 0.998438 0.45625 0.996875 0.490625 0.9875 0.492188 0.989062 0.492188 0.992188 0.49375 0.99375 0.49375 0.998438 0.6375 0.998438 0.6375 0.996875 0.635938 0.995313 0.635938 0.99375 0.634375 0.992188 0.634375 0.990625 0.632812 0.989062 0.632812 0.9875 0.634375 0.985937 0.634375 0.98125 0.632812 0.979688 0.632812 0.959375 0.63125 0.957812 0.63125 0.951563 0.629687 0.95 0.629687 0.945312 0.628125 0.94375 0.628125 0.928125 0.626562 0.926562 0.626562 0.91875 0.625 0.917188 0.625 0.909375 0.623438 0.907812 0.623438 0.89375 0.621875 0.892187 0.621875 0.885938 0.620313 0.884375 0.620313 0.882812 0.61875 0.88125 0.61875 0.879687 0.617188 0.878125 0.617188 0.875 0.615625 0.873438 0.615625 0.871875 0.614062 0.870313 0.614062 0.86875 0.610937 0.865625 0.610937 0.864062 0.609375 0.8625 0.609375 0.860937 0.607813 0.859375 0.607813 0.857813 0.60625 0.85625 0.60625 0.853125 0.604688 0.851562 0.604688 0.846875 0.603125 0.845312 0.603125 0.840625 0.601562 0.839063 0.601562 0.835938 0.6 0.834375 0.6 0.83125 0.598437 0.829687 0.598437 0.825 0.596875 0.823438 0.596875 0.817187 0.595312 0.815625 0.595312 0.8125 0.59375 0.810938 0.59375 0.809375 0.592188 0.807813 0.592188 0.803125 0.590625 0.801562 0.590625 0.796875 0.540625 0.796875 0.540625 0.801562 0.539062 0.803125 0.5375 0.803125 0.535937 0.804688 0.532812 0.804688 0.53125 0.80625 0.526563 0.80625 0.525 0.807813 0.517187 0.807813 0.515625 0.809375 0.509375 0.809375 0.507812 0.810938 0.498437 0.810938 0.496875 0.8125 0.490625 0.8125 0.489062 0.814062 0.479688 0.814062 0.478125 0.815625 0.467187 0.815625 0.465625 0.817187 0.4625 0.817187 0.460938 0.81875 0.457812 0.81875 0.45625 0.820312 0.446875 0.820312 0.446875 0.859375 0.451562 0.859375 0.454688 0.8625 0.454688 0.865625 0.45625 0.867188 0.45625 0.870313 0.457812 0.871875 0.457812 0.878125 0.459375 0.879687 0.459375 0.882812 0.460938 0.884375 0.460938 0.885938 0.4625 0.8875 0.4625 0.890625 0.464063 0.892187 0.464063 0.896875 0.465625 0.898438 0.465625 0.901563 0.467187 0.903125 0.467187 0.904688 0.46875 0.90625 0.46875 0.907812 0.470313 0.909375 0.470313 0.915625 0.471875 0.917188 0.471875 0.921875 0.473437 0.923437 0.473437 0.928125 0.475 0.929688 0.475 0.934375 0.476562 0.935938 0.476562 0.940625 0.478125 0.942187 0.478125 0.94375 0.479688 0.945312 0.479688 0.946875 0.48125 0.948438 0.48125 0.951563 0.482812 0.953125 0.482812 0.957812 0.484375 0.959375 0.484375 0.9625 0.485938 0.964063 0.485938 0.96875 0.4875 0.970312 0.4875 0.975 0.489062 0.976562 0.489062 0.98125 0.490625 0.982813 0.490625 0.9875 0.942823
0 0.634375 0.003125 0.634375 0.195312 0.640625 0.195312 0.645312 0.2 0.695312 0.2 0.696875 0.198437 0.707812 0.198437 0.709375 0.196875 0.723437 0.196875 0.725 0.195312 0.734375 0.195312 0.735937 0.19375 0.745313 0.19375 0.746875 0.192188 0.754687 0.192188 0.75625 0.190625 0.7625 0.190625 0.764063 0.189063 0.775 0.189063 0.776563 0.1875 0.785937 0.1875 0.7875 0.185937 0.798437 0.185937 0.8 0.184375 0.804688 0.184375 0.80625 0.182812 0.807813 0.182812 0.809375 0.18125 0.814062 0.18125 0.814062 0.142188 0.809375 0.142188 0.807813 0.140625 0.807813 0.1375 0.80625 0.135937 0.80625 0.123438 0.804688 0.121875 0.804688 0.107813 0.803125 0.10625 0.803125 0.096875 0.801562 0.0953125 0.801562 0.0515625 0.8 0.05 0.8 0.003125 0.941478
0 0.179688 0.601562 0.178125 0.603125 0.175 0.603125 0.173438 0.604688 0.171875 0.604688 0.170312 0.60625 0.165625 0.60625 0.165625 0.6375 0.171875 0.6375 0.173438 0.639063 0.173438 0.642187 0.175 0.64375 0.175 0.646875 0.176563 0.648438 0.176563 0.651563 0.178125 0.653125 0.178125 0.654688 0.184375 0.660937 0.20625 0.660937 0.207813 0.6625 0.209375 0.6625 0.215625 0.66875 0.215625 0.670313 0.217187 0.671875 0.217187 0.675 0.21875 0.676562 0.21875 0.679688 0.220313 0.68125 0.220313 0.684375 0.221875 0.685938 0.221875 0.690625 0.223438 0.692187 0.223438 0.698438 0.225 0.7 0.225 0.704687 0.226562 0.70625 0.226562 0.710938 0.228125 0.7125 0.228125 0.714063 0.229687 0.715625 0.229687 0.71875 0.23125 0.720312 0.23125 0.725 0.232812 0.726562 0.232812 0.734375 0.234375 0.735937 0.234375 0.739062 0.235938 0.740625 0.235938 0.748438 0.2375 0.75 0.2375 0.759375 0.239063 0.760938 0.239063 0.767187 0.240625 0.76875 0.240625 0.775 0.242188 0.776563 0.242188 0.7875 0.24375 0.789062 0.24375 0.796875 0.245312 0.798437 0.245312 0.801562 0.251563 0.807813 0.251563 0.814062 0.271875 0.814062 0.271875 0.809375 0.273438 0.807813 0.275 0.807813 0.276563 0.80625 0.278125 0.80625 0.279687 0.804688 0.285937 0.804688 0.2875 0.803125 0.295312 0.803125 0.296875 0.801562 0.303125 0.801562 0.304688 0.8 0.3125 0.8 0.314063 0.798437 0.325 0.798437 0.326562 0.796875 0.3375 0.796875 0.339063 0.795313 0.345313 0.795313 0.346875 0.79375 0.351562 0.79375 0.353125 0.792188 0.360938 0.792188 0.3625 0.790625 0.36875 0.790625 0.370313 0.789062 0.375 0.789062 0.376563 0.7875 0.38125 0.7875 0.382812 0.785937 0.396875 0.785937 0.398438 0.784375 0.40625 0.784375 0.407813 0.782812 0.4125 0.782812 0.414062 0.78125 0.41875 0.78125 0.420312 0.779688 0.426562 0.779688 0.428125 0.778125 0.435937 0.778125 0.4375 0.776563 0.440625 0.776563 0.442187 0.775 0.445312 0.775 0.446875 0.773438 0.451562 0.773438 0.453125 0.771875 0.454688 0.771875 0.45625 0.770312 0.464063 0.770312 0.464063 0.748438 0.459375 0.748438 0.45625 0.745313 0.45625 0.74375 0.454688 0.742188 0.454688 0.739062 0.453125 0.7375 0.453125 0.732813 0.451562 0.73125 0.451562 0.723437 0.45 0.721875 0.45 0.71875 0.448438 0.717188 0.448438 0.714063 0.446875 0.7125 0.446875 0.709375 0.445312 0.707812 0.445312 0.704687 0.44375 0.703125 0.44375 0.7 0.442187 0.698438 0.442187 0.695312 0.440625 0.69375 0.440625 0.692187 0.439063 0.690625 0.439063 0.6875 0.4375 0.685938 0.4375 0.684375 0.435937 0.682813 0.435937 0.679688 0.434375 0.678125 0.434375 0.676562 0.432813 0.675 0.432813 0.673437 0.426562 0.667188 0.425 0.667188 0.415625 0.657812 0.415625 0.654688 0.417188 0.653125 0.417188 0.65 0.41875 0.648438 0.41875 0.646875 0.420312 0.645312 0.420312 0.620313 0.421875 0.61875 0.421875 0.6125 0.423438 0.610937 0.423438 0.604688 0.425 0.603125 0.425 0.589063 0.423438 0.5875 0.423438 0.582812 0.421875 0.58125 0.421875 0.576563 0.420312 0.575 0.420312 0.571875 0.41875 0.571875 0.417188 0.570312 0.415625 0.570312 0.410937 0.565625 0.410937 0.559375 0.407813 0.559375 0.407813 0.564062 0.403125 0.56875 0.3875 0.56875 0.385938 0.567187 0.376563 0.567187 0.375 0.56875 0.370313 0.56875 0.36875 0.570312 0.360938 0.570312 0.359375 0.571875 0.353125 0.571875 0.351562 0.573438 0.348437 0.573438 0.346875 0.575 0.340625 0.575 0.339063 0.576563 0.323438 0.576563 0.321875 0.578125 0.315625 0.578125 0.314063 0.579687 0.310937 0.579687 0.309375 0.58125 0.303125 0.58125 0.301562 0.582812 0.292188 0.582812 0.290625 0.584375 0.285937 0.584375 0.284375 0.585938 0.28125 0.585938 0.279687 0.5875 0.264062 0.5875 0.2625 0.589063 0.25 0.589063 0.248437 0.590625 0.242188 0.590625 0.240625 0.592188 0.2375 0.592188 0.235938 0.59375 0.232812 0.59375 0.23125 0.595312 0.226562 0.595312 0.225 0.596875 0.21875 0.596875 0.217187 0.598437 0.214062 0.598437 0.2125 0.6 0.1875 0.6 0.185937 0.601562 0.179688 0.601562 0.175 0.567187 0.176563 0.565625 0.18125 0.565625 0.182812 0.564062 0.184375 0.564062 0.184375 0.559375 0.165625 0.559375 0.165625 0.567187 0.175 0.567187 0.941056
0 0.828125 0.003125 0.828125 0.0515625 0.834375 0.0515625 0.842188 0.059375 0.842188 0.0609375 0.84375 0.0625 0.84375 0.0875 0.842188 0.0890625 0.842188 0.0921875 0.84375 0.09375 0.84375 0.103125 0.842188 0.104687 0.842188 0.10625 0.832812 0.115625 0.828125 0.115625 0.828125 0.173438 0.832812 0.173438 0.835938 0.176563 0.835938 0.178125 0.8375 0.179688 0.8375 0.182812 0.839063 0.184375 0.839063 0.185937 0.84375 0.190625 0.84375 0.195312 0.914062 0.195312 0.914062 0.190625 0.915625 0.189063 0.917188 0.189063 0.91875 0.1875 0.923437 0.1875 0.925 0.185937 0.929688 0.185937 0.93125 0.184375 0.935938 0.184375 0.9375 0.182812 0.940625 0.182812 0.94375 0.179688 0.945312 0.179688 0.948438 0.176563 0.948438 0.175 0.953125 0.170312 0.954687 0.170312 0.95625 0.16875 0.959375 0.16875 0.960938 0.167187 0.96875 0.167187 0.970312 0.165625 0.978125 0.165625 0.979688 0.164062 0.998438 0.164062 0.998438 0.003125 0.92385
0 0.639063 0.534375 0.639063 0.539062 0.6375 0.540625 0.635938 0.540625 0.634375 0.542188 0.629687 0.542188 0.628125 0.54375 0.621875 0.54375 0.620313 0.545313 0.617188 0.545313 0.615625 0.546875 0.614062 0.546875 0.6125 0.548437 0.607813 0.548437 0.60625 0.55 0.595312 0.55 0.59375 0.551562 0.585938 0.551562 0.584375 0.553125 0.58125 0.553125 0.579687 0.554688 0.573438 0.554688 0.571875 0.55625 0.55 0.55625 0.548437 0.557813 0.532812 0.557813 0.53125 0.559375 0.528125 0.559375 0.526563 0.560938 0.520312 0.560938 0.51875 0.5625 0.504687 0.5625 0.503125 0.564062 0.498437 0.564062 0.496875 0.565625 0.49375 0.565625 0.492188 0.567187 0.4875 0.567187 0.485938 0.56875 0.478125 0.56875 0.478125 0.635938 0.482812 0.635938 0.484375 0.6375 0.484375 0.642187 0.485938 0.64375 0.485938 0.664062 0.4875 0.665625 0.4875 0.685938 0.489062 0.6875 0.489062 0.709375 0.490625 0.710938 0.490625 0.725 0.492188 0.726562 0.492188 0.7375 0.49375 0.739062 0.49375 0.74375 0.495313 0.745313 0.495313 0.75 0.496875 0.751562 0.496875 0.75625 0.498437 0.757812 0.498437 0.7625 0.5 0.764063 0.5 0.76875 0.501562 0.770312 0.501562 0.771875 0.504687 0.775 0.50625 0.775 0.509375 0.778125 0.509375 0.782812 0.520312 0.782812 0.520312 0.778125 0.521875 0.776563 0.528125 0.776563 0.529688 0.775 0.54375 0.775 0.545313 0.773438 0.553125 0.773438 0.554688 0.771875 0.559375 0.771875 0.560938 0.770312 0.565625 0.770312 0.567187 0.76875 0.570312 0.76875 0.571875 0.767187 0.576563 0.767187 0.578125 0.765625 0.584375 0.765625 0.585938 0.764063 0.592188 0.764063 0.59375 0.7625 0.601562 0.7625 0.603125 0.760938 0.610937 0.760938 0.6125 0.759375 0.625 0.759375 0.626562 0.757812 0.63125 0.757812 0.632812 0.75625 0.639063 0.75625 0.640625 0.754687 0.648438 0.754687 0.65 0.753125 0.6625 0.753125 0.664062 0.751562 0.671875 0.751562 0.673437 0.75 0.679688 0.75 0.68125 0.748438 0.690625 0.748438 0.692187 0.746875 0.696875 0.746875 0.698438 0.745313 0.703125 0.745313 0.704687 0.74375 0.710938 0.74375 0.7125 0.742188 0.723437 0.742188 0.725 0.740625 0.729688 0.740625 0.73125 0.739062 0.732813 0.739062 0.734375 0.7375 0.7375 0.7375 0.739062 0.735937 0.742188 0.735937 0.74375 0.734375 0.746875 0.734375 0.748438 0.732813 0.75 0.732813 0.751562 0.73125 0.753125 0.73125 0.75625 0.728125 0.757812 0.728125 0.759375 0.726562 0.764063 0.726562 0.764063 0.704687 0.757812 0.704687 0.754687 0.701563 0.753125 0.701563 0.751562 0.7 0.75 0.7 0.74375 0.69375 0.742188 0.69375 0.740625 0.692187 0.740625 0.690625 0.739062 0.690625 0.728125 0.679688 0.726562 0.679688 0.723437 0.676562 0.723437 0.675 0.721875 0.673437 0.721875 0.660937 0.723437 0.659375 0.723437 0.651563 0.725 0.65 0.725 0.639063 0.723437 0.6375 0.723437 0.620313 0.721875 0.61875 0.721875 0.610937 0.720312 0.609375 0.720312 0.596875 0.71875 0.595312 0.71875 0.59375 0.717188 0.592188 0.717188 0.590625 0.715625 0.590625 0.714063 0.589063 0.707812 0.589063 0.70625 0.5875 0.701563 0.5875 0.7 0.585938 0.698438 0.585938 0.696875 0.584375 0.695312 0.584375 0.692187 0.58125 0.692187 0.579687 0.690625 0.578125 0.690625 0.564062 0.689062 0.5625 0.689062 0.557813 0.6875 0.55625 0.6875 0.554688 0.684375 0.551562 0.684375 0.55 0.68125 0.546875 0.679688 0.546875 0.678125 0.545313 0.676562 0.545313 0.675 0.54375 0.673437 0.54375 0.671875 0.542188 0.66875 0.542188 0.665625 0.539062 0.665625 0.534375 0.921885
0 0.373437 0.809375 0.373437 0.814062 0.370313 0.817187 0.36875 0.817187 0.367188 0.81875 0.364062 0.81875 0.3625 0.820312 0.357812 0.820312 0.35625 0.821875 0.351562 0.821875 0.35 0.823438 0.345313 0.823438 0.34375 0.825 0.339063 0.825 0.3375 0.826563 0.332812 0.826563 0.33125 0.828125 0.328125 0.828125 0.326562 0.829687 0.323438 0.829687 0.321875 0.83125 0.315625 0.83125 0.314063 0.832812 0.307813 0.832812 0.30625 0.834375 0.301562 0.834375 0.3 0.835938 0.29375 0.835938 0.292188 0.8375 0.285937 0.8375 0.284375 0.839063 0.278125 0.839063 0.278125 0.878125 0.282813 0.878125 0.285937 0.88125 0.2875 0.88125 0.290625 0.884375 0.290625 0.885938 0.292188 0.8875 0.292188 0.889063 0.29375 0.890625 0.29375 0.892187 0.298438 0.896875 0.298438 0.9 0.3 0.901563 0.3 0.904688 0.301562 0.90625 0.301562 0.907812 0.303125 0.909375 0.303125 0.9125 0.304688 0.914062 0.304688 0.91875 0.30625 0.920313 0.30625 0.925 0.307813 0.926562 0.307813 0.93125 0.309375 0.932813 0.309375 0.939062 0.310937 0.940625 0.310937 0.951563 0.3125 0.953125 0.3125 0.957812 0.314063 0.959375 0.314063 0.9625 0.315625 0.964063 0.315625 0.965625 0.320312 0.970312 0.320312 0.971875 0.329688 0.98125 0.329688 0.982813 0.33125 0.984375 0.33125 0.985937 0.332812 0.9875 0.332812 0.990625 0.334375 0.992188 0.334375 0.998438 0.476562 0.998438 0.476562 0.995313 0.471875 0.995313 0.470313 0.99375 0.470313 0.992188 0.46875 0.990625 0.46875 0.985937 0.467187 0.984375 0.467187 0.979688 0.465625 0.978125 0.465625 0.975 0.464063 0.973437 0.464063 0.96875 0.4625 0.967188 0.4625 0.964063 0.460938 0.9625 0.460938 0.957812 0.459375 0.95625 0.459375 0.95 0.457812 0.948438 0.457812 0.945312 0.45625 0.94375 0.45625 0.940625 0.454688 0.939062 0.454688 0.935938 0.453125 0.934375 0.453125 0.926562 0.451562 0.925 0.451562 0.920313 0.45 0.91875 0.45 0.914062 0.448438 0.9125 0.448438 0.909375 0.446875 0.907812 0.446875 0.903125 0.445312 0.901563 0.445312 0.898438 0.44375 0.896875 0.44375 0.895312 0.442187 0.89375 0.442187 0.889063 0.440625 0.8875 0.440625 0.882812 0.439063 0.88125 0.439063 0.878125 0.4375 0.876562 0.4375 0.873438 0.435937 0.871875 0.435937 0.867188 0.434375 0.865625 0.434375 0.860937 0.432813 0.859375 0.432813 0.85625 0.43125 0.854688 0.43125 0.851562 0.429688 0.85 0.429688 0.84375 0.428125 0.842188 0.428125 0.834375 0.426562 0.832812 0.426562 0.829687 0.425 0.828125 0.425 0.826563 0.423438 0.825 0.423438 0.821875 0.421875 0.820312 0.421875 0.81875 0.420312 0.817187 0.420312 0.809375 0.914113
0 0.015625 0.878125 0.015625 0.882812 0.0140625 0.884375 0.0125 0.884375 0.0109375 0.885938 0.003125 0.885938 0.003125 0.998438 0.170312 0.998438 0.170312 0.989062 0.165625 0.989062 0.1625 0.985937 0.1625 0.982813 0.160938 0.98125 0.160938 0.979688 0.157813 0.976562 0.157813 0.975 0.15625 0.973437 0.15625 0.971875 0.154687 0.970312 0.154687 0.96875 0.153125 0.967188 0.153125 0.964063 0.151562 0.9625 0.151562 0.959375 0.15 0.957812 0.15 0.948438 0.148438 0.946875 0.148438 0.94375 0.146875 0.942187 0.146875 0.940625 0.145313 0.939062 0.145313 0.9375 0.142188 0.934375 0.142188 0.932813 0.140625 0.93125 0.140625 0.929688 0.139062 0.928125 0.139062 0.925 0.1375 0.923437 0.1375 0.91875 0.135937 0.917188 0.135937 0.914062 0.132812 0.910937 0.132812 0.909375 0.13125 0.907812 0.13125 0.90625 0.129688 0.904688 0.129688 0.903125 0.128125 0.901563 0.128125 0.9 0.126563 0.898438 0.126563 0.895312 0.125 0.89375 0.125 0.892187 0.123438 0.890625 0.123438 0.8875 0.121875 0.885938 0.121875 0.878125 0.855798
0 0.776563 0.328125 0.776563 0.326562 0.775 0.325 0.775 0.323438 0.771875 0.320312 0.764063 0.320312 0.764063 0.321875 0.765625 0.323438 0.765625 0.326562 0.767187 0.326562 0.76875 0.328125 0.770312 0.328125 0.771875 0.329688 0.773438 0.329688 0.775 0.328125 0.776563 0.328125 0.789062 0.332812 0.789062 0.335938 0.790625 0.3375 0.790625 0.340625 0.792188 0.342187 0.792188 0.34375 0.79375 0.345313 0.79375 0.375 0.795313 0.376563 0.795313 0.382812 0.796875 0.384375 0.796875 0.3875 0.798437 0.389062 0.798437 0.392188 0.8 0.39375 0.8 0.4 0.801562 0.401563 0.801562 0.410937 0.803125 0.4125 0.803125 0.417188 0.804688 0.41875 0.804688 0.421875 0.80625 0.423438 0.80625 0.425 0.809375 0.428125 0.809375 0.432813 0.840625 0.432813 0.840625 0.428125 0.842188 0.426562 0.845312 0.426562 0.846875 0.425 0.853125 0.425 0.854688 0.423438 0.859375 0.423438 0.860937 0.421875 0.865625 0.421875 0.867188 0.420312 0.870313 0.420312 0.871875 0.41875 0.873438 0.41875 0.875 0.417188 0.878125 0.417188 0.879687 0.415625 0.88125 0.415625 0.882812 0.414062 0.8875 0.414062 0.889063 0.4125 0.89375 0.4125 0.895312 0.410937 0.901563 0.410937 0.903125 0.409375 0.907812 0.409375 0.909375 0.407813 0.914062 0.407813 0.915625 0.40625 0.920313 0.40625 0.921875 0.404687 0.923437 0.404687 0.9375 0.390625 0.939062 0.390625 0.942187 0.3875 0.94375 0.3875 0.945312 0.385938 0.946875 0.385938 0.948438 0.384375 0.95 0.384375 0.951563 0.382812 0.953125 0.382812 0.954687 0.38125 0.95625 0.38125 0.957812 0.379687 0.959375 0.379687 0.960938 0.378125 0.9625 0.378125 0.964063 0.376563 0.971875 0.376563 0.973437 0.378125 0.982813 0.378125 0.984375 0.376563 0.985937 0.376563 0.989062 0.373437 0.992188 0.373437 0.995313 0.370313 0.998438 0.370313 0.998438 0.209375 0.879687 0.209375 0.879687 0.214062 0.878125 0.215625 0.876562 0.215625 0.875 0.217187 0.870313 0.217187 0.86875 0.21875 0.8625 0.21875 0.860937 0.220313 0.854688 0.220313 0.853125 0.221875 0.848437 0.221875 0.846875 0.223438 0.840625 0.223438 0.839063 0.225 0.832812 0.225 0.83125 0.226562 0.826563 0.226562 0.825 0.228125 0.821875 0.228125 0.820312 0.229687 0.814062 0.229687 0.8125 0.23125 0.807813 0.23125 0.80625 0.232812 0.803125 0.232812 0.8 0.235938 0.798437 0.235938 0.796875 0.2375 0.795313 0.2375 0.79375 0.239063 0.789062 0.239063 0.7875 0.240625 0.785937 0.240625 0.782812 0.24375 0.78125 0.24375 0.779688 0.245312 0.778125 0.245312 0.771875 0.251563 0.76875 0.251563 0.767187 0.253125 0.7625 0.253125 0.759375 0.25 0.753125 0.25 0.753125 0.265625 0.757812 0.265625 0.760938 0.26875 0.760938 0.270312 0.7625 0.271875 0.7625 0.273438 0.765625 0.276563 0.765625 0.278125 0.767187 0.279687 0.767187 0.28125 0.770312 0.284375 0.770312 0.285937 0.771875 0.2875 0.773438 0.2875 0.776563 0.290625 0.776563 0.292188 0.778125 0.292188 0.779688 0.29375 0.789062 0.29375 0.790625 0.292188 0.798437 0.292188 0.8 0.29375 0.803125 0.29375 0.804688 0.295312 0.804688 0.296875 0.80625 0.298438 0.80625 0.303125 0.801562 0.307813 0.796875 0.307813 0.795313 0.309375 0.795313 0.3125 0.79375 0.314063 0.795313 0.315625 0.795313 0.317187 0.796875 0.31875 0.796875 0.320312 0.798437 0.321875 0.796875 0.323438 0.796875 0.326562 0.790625 0.332812 0.789062 0.332812 0.839949
