0 1826 4612 3070 4612 3070 5922 1826 5922
0 11652 5124 13282 5124 13282 5858 11652 5858
0 3928 8083 4260 7255 5388 7707 5056 8535
0 7304 4000 8269 3692 8585 4683 7620 4991
0 5478 4454 6096 4415 6199 6033 5581 6072
0 11078 8183 12002 8183 12002 9214 11078 9214
0 10240 10244 11482 10244 11482 10970 10240 10970
0 10664 4625 10664 4096 12363 4096 12363 4625
1 8190 9576 9532 9422 9608 10083 8266 10237
1 12212 7442 12977 7161 13349 8174 12584 8455
0 11095 12075 12161 11949 12251 12711 11185 12837
0 13084 2510 13950 1949 14374 2604 13508 3165
0 5283 11054 6021 10978 6120 11946 5382 12022
1 14508 9724 15887 9724 15887 10238 14508 10238
0 10742 12124 11442 12124 11442 13130 10742 13130
0 4156 8476 5072 8476 5072 9214 4156 9214
0 6228 11300 6890 11300 6890 12314 6228 12314
0 6393 7430 6432 6647 7286 6690 7247 7473
0 14283 8377 15351 8233 15434 8848 14366 8992
1 10335 2116 11352 1486 11645 1959 10628 2589
1 4602 10731 5158 10652 5324 11821 4768 11900
0 6993 2629 7752 2322 8037 3027 7278 3334
1 3920 11052 4604 10945 4742 11828 4058 11935
0 8980 11288 10139 11094 10223 11596 9064 11790
0 9843 12744 10703 12662 10768 13343 9908 13425
0 3072 9028 4303 9028 4303 9496 3072 9496
0 8192 7530 8192 6972 9186 6972 9186 7530
0 3668 9532 4450 9532 4450 10238 3668 10238
0 7365 7623 7439 6883 8167 6956 8093 7696
1 11118 3534 11777 3182 12112 3809 11453 4161
1 8835 1692 9548 1270 9871 1816 9158 2238
0 3669 3629 4510 3557 4563 4176 3722 4248
0 8886 3288 9592 3039 9824 3698 9119 3947
0 2546 11051 3129 10964 3260 11839 2677 11926
1 13985 3909 14165 3436 15128 3803 14948 4276
0 4472 9760 5019 9693 5130 10594 4583 10661
0 6747 5127 7456 5042 7539 5736 6830 5821
0 14212 4846 14595 4275 15197 4679 14814 5250
0 7779 13031 8375 12995 8425 13826 7829 13862
0 4588 3452 5650 3452 5650 3914 4588 3914
0 7604 11548 8307 11439 8412 12113 7709 12222
1 5252 13312 6142 13312 6142 13857 5252 13857
0 15599 11066 16173 11011 16253 11848 15679 11903
0 6020 3764 6754 3764 6754 4420 6020 4420
0 9311 2203 10029 1739 10330 2204 9612 2668
1 5980 7188 6362 7188 6362 8394 5980 8394
0 5119 9110 6265 9106 6266 9508 5120 9512
0 9970 1924 10665 1277 10990 1627 10295 2274
0 4436 13004 5114 13004 5114 13666 4436 13666
1 13811 5032 14491 4853 14653 5469 13973 5648
1 4964 12124 5478 12124 5478 12994 4964 12994
1 1787 12052 2489 12052 2489 12686 1787 12686
0 3912 2111 4957 1967 5014 2381 3969 2525
0 13740 11268 14514 11268 14514 11834 13740 11834
0 9609 7981 10457 7780 10572 8265 9724 8466
0 15477 8189 16121 8070 16239 8711 15595 8830
0 10260 6718 10893 6718 10893 7386 10260 7386
1 10389 7465 11189 7310 11287 7818 10487 7973
0 14909 6652 15674 6512 15770 7035 15005 7175
0 13085 11595 13702 11560 13739 12217 13122 12252
1 5472 2054 6023 1916 6194 2601 5643 2739
1 8908 10158 9586 10158 9586 10746 8908 10746
1 13079 5842 13862 5675 13965 6156 13182 6323
0 12034 3121 12530 2873 12846 3504 12350 3752
1 12824 3492 13286 3197 13668 3794 13206 4089
1 13853 5637 14529 5506 14636 6057 13960 6188
0 14524 11172 14988 11172 14988 12002 14524 12002
0 6348 9076 7146 9076 7146 9554 6348 9554
1 8745 4033 9438 3867 9562 4385 8869 4551
1 7267 8932 8082 8932 8082 9393 7267 9393
0 9951 994 10435 645 10803 1155 10319 1504
0 5540 12288 6090 12288 6090 12969 5540 12969
0 9452 947 9755 750 10318 1615 10015 1812
0 1436 12764 2034 12764 2034 13386 1436 13386
1 15182 9062 15721 8983 15819 9653 15280 9732
1 7363 8404 8081 8404 8081 8909 7363 8909
0 6443 7871 6459 7422 7264 7451 7248 7900
0 12720 9199 13299 9061 13438 9646 12859 9784
0 3977 2880 5085 2735 5126 3051 4018 3196
0 5964 6235 6346 6235 6346 7165 5964 7165
1 6748 6142 6748 5732 7610 5732 7610 6142
0 1809 2886 2276 2842 2346 3582 1879 3626
0 3907 10429 4514 10413 4529 10987 3922 11003
0 6269 3750 6892 3537 7063 4037 6440 4250
0 9095 2638 9748 2427 9903 2907 9250 3118
0 11344 7672 12067 7470 12190 7911 11467 8113
0 9150 12228 9864 12074 9963 12532 9249 12686
0 14102 6294 14727 6160 14839 6682 14214 6816
0 12020 8775 12561 8589 12755 9152 12214 9338
0 12598 1870 13139 1521 13425 1964 12884 2313
1 8388 3473 8907 3326 9077 3925 8558 4072
0 10944 4978 11719 4743 11839 5139 11064 5374
0 9387 10643 10004 10535 10096 11061 9479 11169
0 14911 10298 15425 10243 15493 10879 14979 10934
0 13667 4307 13996 3970 14496 4457 14167 4794
0 5833 8817 5838 8192 6363 8196 6358 8821
0 12472 6725 13112 6523 13259 6987 12618 7189
0 11144 2246 11712 1949 11948 2400 11380 2697
0 11145 9113 11942 8933 12030 9322 11233 9502
1 11802 6982 12454 6774 12596 7220 11944 7428
0 1620 11164 2130 11164 2130 11786 1620 11786
0 13304 7848 13868 7712 13996 8240 13432 8377
0 7360 8380 7402 7952 8129 8024 8087 8452
0 15792 8962 16240 8914 16314 9600 15866 9648
0 1788 6803 2046 6803 2046 7985 1788 7985
1 13447 10186 14280 10119 14309 10481 13476 10548
0 44 4276 402 4276 402 5118 44 5118
0 6710 4206 7030 4096 7319 4937 6999 5047
0 9726 2636 10186 2349 10474 2810 10014 3097
0 11426 12823 11901 12730 12017 13322 11542 13415
0 7388 10514 7388 10108 8098 10108 8098 10514
0 14977 5403 15426 5373 15468 6013 15019 6043
0 13215 4825 13765 4434 14011 4780 13461 5171
0 6313 13359 6733 13295 6832 13945 6412 14009
0 6053 10465 6691 10403 6733 10836 6095 10898
0 12665 8615 13189 8522 13280 9035 12756 9128
0 6115 10886 6739 10838 6773 11279 6149 11327
0 7551 11171 8252 11050 8318 11431 7617 11552
0 2116 10796 2564 10796 2564 11402 2116 11402
0 5018 2591 5558 2449 5682 2919 5142 3062
0 14352 9139 14752 9075 14857 9734 14457 9798
0 8439 11381 8952 11275 9056 11778 8543 11884
0 14084 7863 14599 7752 14705 8246 14190 8357
0 6924 3529 7373 3373 7557 3901 7108 4057
1 8740 9172 9552 9172 9552 9496 8740 9496
0 8192 2921 8621 2768 8815 3311 8386 3464
0 8358 6189 8993 6063 9072 6461 8437 6587
0 6348 4397 6747 4293 6906 4905 6507 5009
0 12469 3731 12806 3522 13150 4078 12813 4287
1 4388 12618 4388 12100 4886 12100 4886 12618
1 6307 3095 6719 3021 6828 3627 6416 3701
0 1607 10742 2058 10697 2114 11260 1663 11305
1 15148 11788 15666 11788 15666 12282 15148 12282
0 7725 12217 8128 12184 8179 12812 7776 12845
0 12349 12835 12770 12684 12961 13218 12540 13369
1 8754 2217 9269 2016 9435 2441 8920 2642
0 13646 6868 14178 6759 14271 7214 13739 7323
1 1428 12052 1778 12052 1778 12770 1428 12770
0 7767 6273 8363 6169 8434 6575 7838 6679
0 7084 13224 7658 13139 7721 13563 7147 13648
0 14485 12614 15033 12596 15048 13049 14500 13067
0 8680 2786 9048 2659 9255 3261 8887 3388
0 10241 11025 10622 10889 10828 11466 10447 11602
0 8644 8572 9522 8572 9522 8854 8644 8854
0 14798 9042 15132 9000 15222 9718 14888 9760
0 14277 6793 14822 6713 14886 7150 14341 7230
0 9231 12978 9788 12836 9892 13245 9335 13387
0 2009 10151 2372 10093 2476 10742 2113 10800
1 9631 8923 10060 8864 10136 9416 9707 9475
0 2540 10764 3122 10764 3122 11178 2540 11178
0 2128 11406 2592 11348 2656 11858 2192 11916
0 12652 12292 13162 12292 13162 12762 12652 12762
0 9725 7015 10200 6920 10297 7406 9822 7501
0 11004 5068 11262 5068 11262 5994 11004 5994
1 6380 5140 6794 5140 6794 5706 6380 5706
0 8283 5810 8896 5700 8962 6068 8349 6178
0 14515 12554 14515 12060 14985 12060 14985 12554
0 5856 3330 6292 3212 6427 3709 5991 3827
0 1927 9496 2286 9472 2329 10115 1970 10139
0 3101 2098 3718 1961 3798 2319 3181 2456
1 15190 8160 15190 7684 15674 7684 15674 8160
1 8318 10845 8814 10755 8896 11205 8400 11295
1 1579 4058 2581 3831 2630 4049 1628 4276
0 6684 2960 7036 2861 7206 3464 6854 3563
0 10808 2972 11220 2775 11436 3226 11024 3423
0 9792 3845 10262 3719 10383 4171 9913 4297
0 11924 12929 12334 12792 12501 13292 12091 13429
0 7714 3176 8044 3051 8273 3654 7943 3779
0 5626 2575 6259 2432 6336 2774 5703 2917
0 6389 6616 6408 6356 7273 6418 7254 6678
0 4395 12611 4985 12611 4985 12993 4395 12993
0 7740 10570 8164 10503 8245 11019 7821 11086
0 8682 12326 9213 12247 9274 12659 8743 12738
0 8841 10766 9346 10677 9421 11105 8916 11194
0 9696 8392 10195 8370 10215 8815 9716 8837
0 2604 13787 3010 13787 3010 14333 2604 14333
0 13382 9179 13852 9091 13937 9547 13467 9635
0 4228 9220 5002 9220 5002 9506 4228 9506
0 10310 3691 10914 3612 10961 3972 10357 4051
0 8420 13028 9202 13028 9202 13310 8420 13310
0 7331 9825 7331 9515 8041 9515 8041 9825
1 2484 9426 2484 9052 3070 9052 3070 9426
0 13220 6413 13644 6288 13784 6764 13360 6889
0 10617 2557 11105 2279 11298 2618 10810 2896
0 13189 7481 13652 7315 13802 7733 13339 7899
0 10160 8339 10574 8271 10658 8785 10244 8853
0 12299 6212 12707 6018 12914 6453 12506 6647
0 10453 4685 10985 4499 11112 4862 10580 5048
0 14612 5452 14970 5452 14970 6050 14612 6050
0 8569 11894 9134 11781 9206 12143 8641 12256
1 9924 11612 10238 11612 10238 12286 9924 12286
1 14552 7245 14982 7169 15066 7643 14636 7719
1 11620 13816 11620 13355 12074 13355 12074 13816
0 2788 3426 2788 2684 3070 2684 3070 3426
0 7382 3333 7704 3212 7918 3782 7596 3903
0 2501 12064 2830 12056 2846 12689 2517 12697
0 11596 5832 12027 5644 12205 6051 11774 6239
0 6060 9564 6594 9564 6594 9954 6060 9954
0 12190 4945 12804 4594 12948 4847 12334 5198
0 4012 3072 5106 3072 5106 3258 4012 3258
0 8099 12184 8424 12107 8565 12699 8240 12776
0 12799 2707 13053 2559 13401 3156 13147 3304
0 12139 2168 12391 1994 12768 2541 12516 2715
0 10789 6812 11297 6705 11378 7088 10870 7195
0 15316 7124 15762 7124 15762 7578 15316 7578
0 13410 5238 13757 5104 13950 5605 13603 5739
0 15930 9659 16352 9659 16352 10129 15930 10129
0 10650 10965 10996 10853 11164 11371 10818 11483
0 11142 6007 11603 5843 11739 6225 11278 6389
0 9508 4100 10238 4100 10238 4370 9508 4370
0 10485 7974 10861 7849 11016 8316 10640 8441
0 11932 6148 12286 6148 12286 6698 11932 6698
0 6220 12292 6832 12292 6832 12610 6220 12610
0 7348 10074 7348 9804 8058 9804 8058 10074
1 15172 12268 15706 12268 15706 12626 15172 12626
0 4 5124 410 5124 410 5594 4 5594
0 1395 7635 1793 7635 1793 8113 1395 8113
0 9645 7574 10187 7486 10243 7828 9701 7916
0 11410 7096 11805 6987 11929 7435 11534 7544
0 13646 6335 14025 6237 14146 6707 13767 6805
0 13164 12260 13666 12260 13666 12634 13164 12634
1 14844 6148 15358 6148 15358 6512 14844 6512
0 1460 3275 1847 3196 1942 3659 1555 3738
0 12916 4281 13226 4079 13501 4501 13191 4703
0 12750 4961 13122 4773 13318 5160 12946 5348
1 11847 2392 12113 2219 12422 2694 12156 2867
0 10056 8922 10446 8848 10529 9288 10139 9362
0 10609 8410 11057 8323 11131 8702 10683 8789
1 15116 11786 15116 11060 15358 11060 15358 11786
0 1420 8116 1802 8116 1802 8570 1420 8570
0 2717 2024 3084 1985 3134 2452 2767 2491
0 10915 7922 11292 7753 11461 8131 11084 8300
1 12035 4671 12651 4374 12758 4595 12142 4892
0 12134 3924 12395 3767 12680 4239 12419 4396
0 10055 9405 10528 9315 10593 9655 10120 9745
1 6732 6036 7166 6036 7166 6418 6732 6418
0 1412 7172 1762 7172 1762 7641 1412 7641
0 12940 13076 13310 13076 13310 13514 12940 13514
1 11658 6320 11901 6201 12161 6734 11918 6853
0 11065 10917 11355 10852 11473 11376 11183 11441
0 3170 2951 3536 2904 3591 3331 3225 3378
0 12204 12292 12624 12292 12624 12666 12204 12666
0 9020 8876 9538 8876 9538 9178 9020 9178
0 4610 2401 4972 2312 5072 2718 4710 2807
0 3348 11620 3960 11620 3960 11874 3348 11874
0 14212 7321 14511 7224 14657 7675 14358 7772
0 15850 11908 16240 11908 16240 12286 15850 12286
0 15699 13010 15699 12708 16185 12708 16185 13010
0 13863 7359 14165 7268 14299 7711 13997 7802
0 7138 6666 7170 6404 7717 6470 7685 6732
0 2404 2684 2778 2684 2778 3070 2404 3070
0 10188 3076 10666 3076 10666 3370 10188 3370
0 1820 2276 2046 2276 2046 2874 1820 2874
1 2476 12724 2890 12724 2890 13048 2476 13048
0 9964 10052 10666 10052 10666 10238 9964 10238
0 5412 4100 5785 4100 5785 4449 5412 4449
0 11023 13195 11455 13097 11520 13383 11088 13481
0 15362 12643 15711 12643 15711 13001 15362 13001
0 3496 2424 3773 2400 3812 2847 3535 2871
0 14476 13084 15018 13084 15018 13310 14476 13310
0 9699 9496 10051 9416 10124 9739 9772 9819
0 6742 13244 7075 13197 7124 13544 6791 13591
0 7780 6675 8190 6675 8190 6945 7780 6945
0 11636 3892 12184 3892 12184 4094 11636 4094
0 7194 13819 7777 13788 7787 13976 7204 14007
0 13668 9868 14266 9868 14266 10050 13668 10050
0 8699 8867 9049 8867 9049 9177 8699 9177
1 12240 9730 12743 9567 12805 9758 12302 9921
0 15392 6097 15674 6048 15736 6408 15454 6457
0 3076 12286 3076 12084 3553 12084 3553 12286
0 10660 3916 11198 3916 11198 4094 10660 4094
0 3756 10240 4490 10240 4490 10370 3756 10370
0 4069 2690 4559 2586 4598 2768 4108 2872
0 1292 4796 1802 4796 1802 4978 1292 4978
0 7891 13795 8265 13795 8265 14041 7891 14041
0 15796 13052 16058 13052 16058 13402 15796 13402
0 2045 13109 2428 13077 2447 13301 2064 13333
1 11144 13729 11177 13450 11481 13486 11448 13765
0 15362 8842 15362 8484 15592 8484 15592 8842
0 6148 13779 6386 13779 6386 14121 6148 14121
0 3076 2820 3210 2820 3210 3384 3076 3384
0 5259 13310 5259 13148 5713 13148 5713 13310
0 1932 9220 2274 9220 2274 9418 1932 9418
0 12116 3828 12286 3828 12286 4168 12116 4168
0 10092 10124 10238 10124 10238 10498 10092 10498
0 12484 4964 12826 4964 12826 5118 12484 5118
0 7748 6148 8190 6148 8190 6262 7748 6262
0 2860 9716 3070 9716 3070 9952 2860 9952
0 14080 13556 14429 13520 14443 13657 14094 13693
0 15362 8228 15543 8228 15543 8489 15362 8489
0 10068 12449 10542 12365 10559 12460 10085 12544
0 15180 12764 15358 12764 15358 13018 15180 13018
0 12292 2516 12418 2516 12418 2870 12292 2870
1 12288 6292 12394 6292 12394 6642 12288 6642
0 2052 6796 2145 6796 2145 7166 2052 7166
0 10244 4100 10386 4100 10386 4338 10244 4338
0 7665 5560 8077 5483 8092 5562 7680 5639
0 8124 8068 8190 8068 8190 8554 8124 8554
0 7068 2852 7166 2852 7166 3176 7068 3176
0 11543 6569 11738 6489 11795 6628 11600 6708
1 15244 13241 15482 13202 15502 13327 15264 13366
0 12124 9324 12286 9324 12286 9506 12124 9506
0 5044 1724 5118 1724 5118 2090 5044 2090
0 1136 3076 1498 3076 1498 3146 1136 3146
0 14844 10244 15308 10244 15308 10296 14844 10296
0 6395 8196 6489 8196 6489 8433 6395 8433
0 8444 10240 8752 10240 8752 10310 8444 10310
0 8124 7317 8190 7317 8190 7641 8124 7641
0 10156 10730 10156 10492 10238 10492 10238 10730
0 1340 6084 1666 6084 1666 6142 1340 6142
0 12228 7428 12286 7428 12286 7698 12228 7698
0 10156 10074 10156 9892 10238 9892 10238 10074
0 4028 2548 4094 2548 4094 2770 4028 2770
0 1028 4380 1066 4380 1066 4706 1028 4706
0 7172 8068 7273 8068 7273 8190 7172 8190
0 1916 6148 2046 6148 2046 6242 1916 6242
1 7188 8580 7242 8580 7242 8804 7188 8804
0 3076 4636 3138 4636 3138 4814 3076 4814
0 6948 4094 6948 4052 7166 4052 7166 4094
0 1028 8988 1070 8988 1070 9162 1028 9162
0 10172 2980 10238 2980 10238 3070 10172 3070
