91 1714 704 1604 770 1972 158 2082 0.9522264003753662
4 252 242 252 242 698 4 698 0.9183056354522705
612 4 1338 4 1338 370 612 370 0.9056084156036377
1676 4 2046 4 2046 170 1676 170 0.8403338193893433
468 1988 810 1988 810 2046 468 2046 0.7820541858673096
1316 4 2046 4 2046 274 1316 274 0.7752419710159302
91 1714 704 1604 770 1972 158 2082 0.9522264003753662
4 252 242 252 242 698 4 698 0.9183056354522705
612 4 1338 4 1338 370 612 370 0.9056084156036377
1676 4 2046 4 2046 170 1676 170 0.8403338193893433
468 1988 810 1988 810 2046 468 2046 0.7820541858673096
1316 4 2046 4 2046 274 1316 274 0.7752419710159302
