127 1629 622 1539 703 1989 208 2079 0.9484094977378845
548 4 1362 4 1362 280 548 280 0.9400244355201721
1884 172 2046 172 2046 522 1884 522 0.9288976192474365
1508 282 1859 201 1933 523 1582 604 0.9186239242553711
1900 908 2046 908 2046 1282 1900 1282 0.9183226227760315
1195 1427 1811 1319 1904 1845 1287 1953 0.9095922112464905
647 1136 927 1062 974 1240 694 1313 0.9026632308959961
649 1550 1153 1461 1229 1889 724 1978 0.900810718536377
4 1860 90 1860 90 2046 4 2046 0.8651890158653259
1932 4 2046 4 2046 138 1932 138 0.8605453372001648
0 379 1139 232 1222 869 81 1017 0.8405187129974365
1500 4 1922 4 1922 248 1500 248 0.8108652830123901
1012 1884 1994 1884 1994 2046 1012 2046 0.7984768152236938
716 942 1394 942 1394 1530 716 1530 0.6247290372848511
4 1582 42 1582 42 1794 4 1794 0.6145284175872803
1964 676 2046 676 2046 858 1964 858 0.5719843506813049
1972 1276 2046 1276 2046 1514 1972 1514 0.5411800742149353
