123 611 620 514 707 959 210 1056 0.9428820013999939
1908 4 2046 4 2046 258 1908 258 0.9372288584709167
1196 402 1816 295 1902 795 1282 902 0.9164333939552307
247 1143 755 1038 859 1539 351 1644 0.9078542590141296
4 836 114 836 114 1208 4 1208 0.9068110585212708
636 52 946 52 946 280 636 280 0.904194176197052
648 525 1153 437 1229 865 724 954 0.8963246941566467
1124 1860 1714 1860 1714 2046 1124 2046 0.8807246088981628
788 1048 1947 854 2031 1356 872 1550 0.8637847900390625
4 1905 4 1251 233 1251 233 1905 0.8312973976135254
376 1657 935 1534 1018 1913 460 2036 0.7347301840782166
700 4 1394 4 1394 498 700 498 0.7191726565361023
4 2046 4 1924 281 1924 281 2046 0.7092756628990173
4 558 42 558 42 770 4 770 0.6168386936187744
1732 1372 2046 1372 2046 2046 1732 2046 0.5529942512512207
1964 252 2046 252 2046 490 1964 490 0.5405528545379639
252 0 560 0 560 70 252 70 0.5082047581672668
123 611 620 514 707 959 210 1056 0.9428820013999939
1908 4 2046 4 2046 258 1908 258 0.9372288584709167
1196 402 1816 295 1902 795 1282 902 0.9164333939552307
247 1143 755 1038 859 1539 351 1644 0.9078542590141296
4 836 114 836 114 1208 4 1208 0.9068110585212708
636 52 946 52 946 280 636 280 0.904194176197052
648 525 1153 437 1229 865 724 954 0.8963246941566467
1124 1860 1714 1860 1714 2046 1124 2046 0.8807246088981628
788 1048 1947 854 2031 1356 872 1550 0.8637847900390625
4 1905 4 1251 233 1251 233 1905 0.8312973976135254
376 1657 935 1534 1018 1913 460 2036 0.7347301840782166
700 4 1394 4 1394 498 700 498 0.7191726565361023
4 2046 4 1924 281 1924 281 2046 0.7092756628990173
4 558 42 558 42 770 4 770 0.6168386936187744
1732 1372 2046 1372 2046 2046 1732 2046 0.5529942512512207
1964 252 2046 252 2046 490 1964 490 0.5405528545379639
252 0 560 0 560 70 252 70 0.5082047581672668
