-101 1584 561 1413 686 1896 23 2067 0.9539670348167419
769 17 1252 -332 1587 131 1104 480 0.9390289783477783
4 1469 4 1187 209 1187 209 1469 0.9223134517669678
1112 1107 1981 531 2292 1000 1423 1576 0.8954599499702454
1956 1204 2046 1204 2046 1442 1956 1442 0.869828999042511
-292 681 265 309 597 807 39 1179 0.8359289169311523
511 1611 988 1314 1274 1772 798 2070 0.7876423001289368
1412 1517 1903 1270 2077 1615 1585 1862 0.7231139540672302
795 802 1491 276 1764 637 1068 1164 0.6685289144515991
290 10 594 -188 1104 590 800 789 0.6449229121208191
