1444 0 2046 0 2046 407 1444 407 0.9548447132110596
652 4 1138 4 1138 170 652 170 0.8862046003341675
1948 1876 2046 1876 2046 2046 1948 2046 0.8587824106216431
0 4 314 4 314 370 0 370 0.8447598218917847
1237 589 1769 403 1896 766 1364 952 0.7868432998657227
1788 972 2046 972 2046 1898 1788 1898 0.6460795998573303
1748 796 2046 796 2046 1050 1748 1050 0.6046052575111389
1444 0 2046 0 2046 407 1444 407 0.9548447132110596
652 4 1138 4 1138 170 652 170 0.8862046003341675
1948 1876 2046 1876 2046 2046 1948 2046 0.8587824106216431
0 4 314 4 314 370 0 370 0.8447598218917847
1237 589 1769 403 1896 766 1364 952 0.7868432998657227
1788 972 2046 972 2046 1898 1788 1898 0.6460795998573303
1748 796 2046 796 2046 1050 1748 1050 0.6046052575111389
