1392 1129 1960 842 2183 1283 1615 1570 0.9516823887825012
924 1764 1466 1764 1466 2046 924 2046 0.9420121908187866
1357 1736 1787 1548 1964 1955 1534 2143 0.9139291048049927
704 882 1478 647 1599 1043 825 1278 0.8698082566261292
1798 585 2041 466 2124 637 1882 756 0.8182023167610168
1820 476 2046 476 2046 918 1820 918 0.7498552203178406
424 0 1626 0 1626 426 424 426 0.7389916777610779
4 113 4 4 113 4 113 113 0.675444483757019
4 4 146 4 146 242 4 242 0.6509637832641602
1820 1452 2046 1452 2046 1778 1820 1778 0.5086765885353088
1392 1129 1960 842 2183 1283 1615 1570 0.9516823887825012
924 1764 1466 1764 1466 2046 924 2046 0.9420121908187866
1357 1736 1787 1548 1964 1955 1534 2143 0.9139291048049927
704 882 1478 647 1599 1043 825 1278 0.8698082566261292
1798 585 2041 466 2124 637 1882 756 0.8182023167610168
1820 476 2046 476 2046 918 1820 918 0.7498552203178406
424 0 1626 0 1626 426 424 426 0.7389916777610779
4 113 4 4 113 4 113 113 0.675444483757019
4 4 146 4 146 242 4 242 0.6509637832641602
1820 1452 2046 1452 2046 1778 1820 1778 0.5086765885353088
