-64 1198 290 1129 354 1461 0 1531 0.953671932220459
905 921 1702 741 1790 1129 993 1310 0.9409955143928528
340 4 810 4 810 234 340 234 0.9380602836608887
1796 524 2046 524 2046 1130 1796 1130 0.9370194673538208
0 676 282 676 282 1142 0 1142 0.9351319670677185
4 4 322 4 322 142 4 142 0.9339366555213928
-79 153 333 84 417 592 4 660 0.925835132598877
1239 409 1691 339 1746 696 1294 766 0.924289882183075
369 217 816 132 888 512 442 597 0.8744637370109558
820 4 1056 4 1056 72 820 72 0.7990452647209167
1884 1140 2046 1140 2046 1314 1884 1314 0.7594509124755859
0 1852 482 1852 482 2046 0 2046 0.748110830783844
838 917 869 -9 1445 10 1413 937 0.6606649160385132
