770 1073 1266 825 1582 1456 1086 1704 0.950554370880127
583 344 849 171 1158 646 892 819 0.9349529147148132
-119 197 447 -99 684 352 116 649 0.934507429599762
877 119 1130 -53 1504 495 1251 668 0.9343149065971375
1204 1682 1544 1474 1880 2025 1540 2232 0.927722692489624
1612 1212 2046 1212 2046 2010 1612 2010 0.9180940389633179
1535 659 1789 511 2137 1108 1883 1256 0.9150214195251465
4 1300 602 1300 602 2046 4 2046 0.9136630296707153
1916 404 2046 404 2046 732 1916 732 0.8850505948066711
372 1844 916 1844 916 2046 372 2046 0.8569816946983337
4 880 170 880 170 1252 4 1252 0.8543241620063782
4 4 160 4 160 138 4 138 0.7945246696472168
1468 4 1782 4 1782 218 1468 218 0.7611137628555298
