1828 1356 2046 1356 2046 2008 1828 2008 0.9093935489654541
4 1708 930 1708 930 2046 4 2046 0.9078550338745117
4 644 210 644 210 1194 4 1194 0.8683986067771912
1908 2020 2046 2020 2046 2046 1908 2046 0.6249959468841553
1836 1681 1836 1355 2046 1355 2046 1681 0.5415639877319336
1828 1356 2046 1356 2046 2008 1828 2008 0.9093935489654541
4 1708 930 1708 930 2046 4 2046 0.9078550338745117
4 644 210 644 210 1194 4 1194 0.8683986067771912
1908 2020 2046 2020 2046 2046 1908 2046 0.6249959468841553
1836 1681 1836 1355 2046 1355 2046 1681 0.5415639877319336
