661 641 1069 505 1233 997 825 1133 0.9386995434761047
1676 788 2046 788 2046 1226 1676 1226 0.9373031258583069
1900 345 1900 4 2046 4 2046 345 0.9195457100868225
-36 842 214 807 254 1100 4 1135 0.9159594178199768
0 4 962 4 962 506 0 506 0.910976231098175
4 1180 186 1180 186 1466 4 1466 0.905128002166748
1388 4 1898 4 1898 474 1388 474 0.903203010559082
315 1111 797 1059 844 1487 361 1540 0.8638232350349426
162 535 637 442 753 1034 279 1127 0.7392305731773376
1085 547 1506 396 1697 930 1276 1080 0.6759331822395325
940 4 1360 4 1360 378 940 378 0.6163259744644165
