1780 1460 2046 1460 2046 1936 1780 1936 0.9511352777481079
-147 120 105 -53 481 494 228 668 0.9427095651626587
535 1444 986 1155 1368 1752 918 2041 0.9340343475341797
178 1683 522 1475 853 2024 509 2232 0.9340155124664307
-234 1056 247 824 555 1463 73 1695 0.9323737025260925
512 658 764 511 1113 1111 861 1258 0.8863103985786438
1620 1948 1802 1948 1802 2046 1620 2046 0.8071242570877075
796 462 1662 -98 2086 556 1220 1117 0.7753264904022217
444 4 758 4 758 218 444 218 0.743369460105896
4 468 130 468 130 822 4 822 0.5928139686584473
1780 1460 2046 1460 2046 1936 1780 1936 0.9511352777481079
-147 120 105 -53 481 494 228 668 0.9427095651626587
535 1444 986 1155 1368 1752 918 2041 0.9340343475341797
178 1683 522 1475 853 2024 509 2232 0.9340155124664307
-234 1056 247 824 555 1463 73 1695 0.9323737025260925
512 658 764 511 1113 1111 861 1258 0.8863103985786438
1620 1948 1802 1948 1802 2046 1620 2046 0.8071242570877075
796 462 1662 -98 2086 556 1220 1117 0.7753264904022217
444 4 758 4 758 218 444 218 0.743369460105896
4 468 130 468 130 822 4 822 0.5928139686584473
