1359 191 1737 93 1858 563 1480 661 0.9617931842803955
1358 724 1889 615 1983 1070 1451 1179 0.9399735927581787
184 581 824 380 969 840 329 1042 0.9387470483779907
1575 1215 1876 1124 2011 1566 1709 1658 0.9377180337905884
-109 718 196 639 311 1088 4 1167 0.936348557472229
50 148 462 -39 623 313 211 500 0.9337977766990662
1028 1628 1706 1628 1706 2046 1028 2046 0.9321231842041016
1812 124 2046 124 2046 650 1812 650 0.9090901017189026
-69 1291 693 1016 1060 2035 298 2310 0.8975186944007874
0 148 106 148 106 498 0 498 0.8857297897338867
1804 1668 2046 1668 2046 2046 1804 2046 0.8708880543708801
1932 1148 2046 1148 2046 1538 1932 1538 0.8551220297813416
908 0 1616 0 1616 122 908 122 0.7935411334037781
901 1337 1364 1171 1514 1589 1051 1755 0.7866793274879456
1359 191 1737 93 1858 563 1480 661 0.9617931842803955
1358 724 1889 615 1983 1070 1451 1179 0.9399735927581787
184 581 824 380 969 840 329 1042 0.9387470483779907
1575 1215 1876 1124 2011 1566 1709 1658 0.9377180337905884
-109 718 196 639 311 1088 4 1167 0.936348557472229
50 148 462 -39 623 313 211 500 0.9337977766990662
1028 1628 1706 1628 1706 2046 1028 2046 0.9321231842041016
1812 124 2046 124 2046 650 1812 650 0.9090901017189026
-69 1291 693 1016 1060 2035 298 2310 0.8975186944007874
0 148 106 148 106 498 0 498 0.8857297897338867
1804 1668 2046 1668 2046 2046 1804 2046 0.8708880543708801
1932 1148 2046 1148 2046 1538 1932 1538 0.8551220297813416
908 0 1616 0 1616 122 908 122 0.7935411334037781
901 1337 1364 1171 1514 1589 1051 1755 0.7866793274879456
