549 1540 1217 1412 1323 1961 655 2089 0.9504309296607971
98 1142 445 1008 638 1509 292 1642 0.940735399723053
1676 1292 2046 1292 2046 1930 1676 1930 0.933050274848938
1300 1356 1658 1356 1658 1954 1300 1954 0.9283421039581299
4 1156 216 1156 216 1630 4 1630 0.916458010673523
4 1604 614 1604 614 2046 4 2046 0.9158754944801331
380 184 705 -110 1165 399 840 693 0.9022198915481567
4 505 4 175 133 175 133 505 0.8916588425636292
499 936 1179 757 1341 1373 662 1552 0.8241603374481201
549 1540 1217 1412 1323 1961 655 2089 0.9504309296607971
98 1142 445 1008 638 1509 292 1642 0.940735399723053
1676 1292 2046 1292 2046 1930 1676 1930 0.933050274848938
1300 1356 1658 1356 1658 1954 1300 1954 0.9283421039581299
4 1156 216 1156 216 1630 4 1630 0.916458010673523
4 1604 614 1604 614 2046 4 2046 0.9158754944801331
380 184 705 -110 1165 399 840 693 0.9022198915481567
4 505 4 175 133 175 133 505 0.8916588425636292
499 936 1179 757 1341 1373 662 1552 0.8241603374481201
