333 1213 719 1125 824 1590 438 1677 0.9614996910095215
1602 1523 2044 1467 2112 2005 1669 2061 0.9590728878974915
-64 652 575 560 645 1044 4 1136 0.9560108184814453
541 517 1217 386 1323 937 648 1068 0.9520413875579834
334 1748 859 1642 941 2044 415 2151 0.9408884644508362
792 1173 1417 1041 1527 1563 902 1695 0.940420389175415
98 119 445 -15 639 484 292 619 0.9387721419334412
1676 268 2046 268 2046 906 1676 906 0.9325723648071289
1299 929 1299 331 1657 331 1657 929 0.9318104982376099
4 132 216 132 216 604 4 604 0.9163157939910889
532 4 1239 -123 1329 369 622 498 0.9158328175544739
961 1669 1392 1608 1451 2033 1021 2093 0.9048226475715637
-92 1293 334 1167 474 1643 48 1769 0.6138609051704407
