1204 1604 2042 1604 2042 2046 1204 2046 0.9385900497436523
70 988 539 899 625 1354 156 1443 0.9381935596466064
1040 947 1440 883 1545 1542 1145 1606 0.9295101761817932
1486 850 1820 808 1909 1526 1576 1568 0.9161269664764404
971 184 2039 41 2121 656 1054 800 0.894324004650116
156 4 634 4 634 146 156 146 0.8435896039009094
925 4 1369 4 1369 121 925 121 0.6515172719955444
156 1940 994 1940 994 2046 156 2046 0.6076834201812744
1204 1604 2042 1604 2042 2046 1204 2046 0.9385900497436523
70 988 539 899 625 1354 156 1443 0.9381935596466064
1040 947 1440 883 1545 1542 1145 1606 0.9295101761817932
1486 850 1820 808 1909 1526 1576 1568 0.9161269664764404
971 184 2039 41 2121 656 1054 800 0.894324004650116
156 4 634 4 634 146 156 146 0.8435896039009094
925 4 1369 4 1369 121 925 121 0.6515172719955444
156 1940 994 1940 994 2046 156 2046 0.6076834201812744
