1604 49 2045 24 2082 664 1642 690 0.9540290832519531
-7 1328 400 1321 412 1992 4 2000 0.939670741558075
1212 932 1676 932 1676 1762 1212 1762 0.9319196939468384
1204 1812 1666 1812 1666 2046 1204 2046 0.9164626598358154
172 4 954 4 954 306 172 306 0.9107611179351807
1836 1556 2046 1556 2046 2046 1836 2046 0.8966070413589478
1804 820 2046 820 2046 1546 1804 1546 0.8878263831138611
156 140 458 140 458 306 156 306 0.7020140886306763
1532 4 1998 4 1998 56 1532 56 0.6919713616371155
0 2012 346 2012 346 2046 0 2046 0.6537402272224426
