1212 4 1676 4 1676 738 1212 738 0.9443218111991882
1206 796 1674 796 1674 1290 1206 1290 0.9398688077926636
0 996 354 996 354 1360 0 1360 0.9383583068847656
-12 305 399 297 412 968 0 976 0.9351398944854736
1164 1820 1706 1820 1706 2046 1164 2046 0.9304113388061523
1812 4 2046 4 2046 530 1812 530 0.8857200145721436
428 4 1202 4 1202 570 428 570 0.884627640247345
1828 1353 1828 523 2046 524 2046 1353 0.8812177777290344
1173 1350 1721 1332 1736 1785 1188 1803 0.8811230063438416
1948 1972 2046 1972 2046 2046 1948 2046 0.7215121984481812
