4 2046 4 1652 345 1652 345 2046 0.9539955854415894
216 1101 646 1025 730 1498 300 1575 0.9493072032928467
-83 103 411 17 503 543 7 629 0.9380661845207214
575 510 1014 423 1120 956 680 1043 0.9355104565620422
0 1124 298 1124 298 1578 0 1578 0.9324644804000854
1082 4 1363 -24 1394 274 1114 303 0.9231789112091064
980 980 1426 980 1426 1434 980 1434 0.8429179191589355
-59 649 485 569 550 1006 5 1086 0.8419225215911865
854 1540 1338 1540 1338 2016 854 2016 0.7784573435783386
4 2046 4 1652 345 1652 345 2046 0.9539955854415894
216 1101 646 1025 730 1498 300 1575 0.9493072032928467
-83 103 411 17 503 543 7 629 0.9380661845207214
575 510 1014 423 1120 956 680 1043 0.9355104565620422
0 1124 298 1124 298 1578 0 1578 0.9324644804000854
1082 4 1363 -24 1394 274 1114 303 0.9231789112091064
980 980 1426 980 1426 1434 980 1434 0.8429179191589355
-59 649 485 569 550 1006 5 1086 0.8419225215911865
854 1540 1338 1540 1338 2016 854 2016 0.7784573435783386
