215 76 646 0 730 473 300 550 0.9479159712791443
4 1137 4 627 353 627 353 1137 0.9467249512672424
1084 1828 1418 1828 1418 2046 1084 2046 0.9381404519081116
-81 136 209 75 304 527 13 588 0.9325509071350098
1454 1818 1894 1741 1942 2019 1502 2095 0.9304744005203247
60 1932 432 1932 432 2046 60 2046 0.8919240236282349
1141 1021 1785 902 1903 1543 1259 1661 0.8708668947219849
808 558 1294 466 1383 933 897 1026 0.7548187971115112
980 4 1410 4 1410 402 980 402 0.7354933619499207
1804 2012 1930 2012 1930 2046 1804 2046 0.6781300902366638
-53 1204 1166 1039 1250 1658 29 1823 0.6741801500320435
4 4 294 4 294 58 4 58 0.6413547992706299
-56 1205 650 1106 736 1719 29 1818 0.6017631888389587
215 76 646 0 730 473 300 550 0.9479159712791443
4 1137 4 627 353 627 353 1137 0.9467249512672424
1084 1828 1418 1828 1418 2046 1084 2046 0.9381404519081116
-81 136 209 75 304 527 13 588 0.9325509071350098
1454 1818 1894 1741 1942 2019 1502 2095 0.9304744005203247
60 1932 432 1932 432 2046 60 2046 0.8919240236282349
1141 1021 1785 902 1903 1543 1259 1661 0.8708668947219849
808 558 1294 466 1383 933 897 1026 0.7548187971115112
980 4 1410 4 1410 402 980 402 0.7354933619499207
1804 2012 1930 2012 1930 2046 1804 2046 0.6781300902366638
-53 1204 1166 1039 1250 1658 29 1823 0.6741801500320435
4 4 294 4 294 58 4 58 0.6413547992706299
-56 1205 650 1106 736 1719 29 1818 0.6017631888389587
