17 947 416 884 520 1543 121 1606 0.9299086332321167
1596 1929 1596 1467 2010 1467 2010 1929 0.9276276230812073
1457 770 1904 722 1978 1408 1530 1456 0.9210317730903625
463 856 794 815 883 1526 552 1567 0.9190513491630554
847 870 1385 791 1483 1461 944 1540 0.9040308594703674
-61 186 628 82 720 693 30 797 0.8232889771461487
1167 19 1805 -62 1884 554 1246 636 0.7987001538276672
172 1596 1345 1596 1345 2046 172 2046 0.7608273029327393
4 4 354 4 354 110 4 110 0.6907100677490234
-53 178 1127 20 1210 641 29 799 0.637443482875824
