575 58 1089 3 1156 639 643 693 0.9587075710296631
812 2042 812 1548 1330 1548 1330 2042 0.9470036029815674
188 932 650 932 650 1762 188 1762 0.9345153570175171
180 1812 642 1812 642 2046 180 2046 0.9235665202140808
1544 1660 1898 1660 1898 1906 1544 1906 0.814365804195404
1263 826 1837 771 1917 1608 1343 1663 0.7815150022506714
827 36 1105 36 1105 281 827 281 0.7540743947029114
508 4 972 4 972 56 508 56 0.7184252738952637
1295 823 1810 779 1852 1269 1337 1313 0.6527731418609619
1340 1188 1904 1188 1904 1650 1340 1650 0.5570303201675415
