812 524 1330 524 1330 994 812 994 0.9545428156852722
179 1290 179 796 649 796 649 1290 0.948983371257782
188 4 652 4 652 738 188 738 0.945830762386322
140 1820 682 1820 682 2046 140 2046 0.9289921522140503
1452 1796 1722 1796 1722 2046 1452 2046 0.9240259528160095
1312 5 1872 -28 1909 597 1349 630 0.902051568031311
149 1350 697 1332 712 1785 164 1803 0.8619527816772461
1544 636 1898 636 1898 874 1544 874 0.8603134751319885
924 1956 1146 1956 1146 2046 924 2046 0.766036331653595
1027 1020 1369 1020 1369 1346 1027 1346 0.7491269111633301
836 1004 1370 1004 1370 1362 836 1362 0.7274266481399536
776 54 1114 37 1137 515 800 532 0.6655815839767456
1364 1444 1850 1444 1850 1746 1364 1746 0.6038909554481506
780 4 1090 4 1090 106 780 106 0.5012435913085938
