380 468 770 468 770 938 380 938 0.9519802331924438
396 1402 396 948 778 948 778 1402 0.9388478398323059
388 473 388 4 738 4 738 473 0.9208313822746277
1468 1884 2046 1884 2046 2046 1468 2046 0.8976122140884399
4 1820 46 1820 46 1994 4 1994 0.6666824817657471
380 468 770 468 770 938 380 938 0.9519802331924438
396 1402 396 948 778 948 778 1402 0.9388478398323059
388 473 388 4 738 4 738 473 0.9208313822746277
1468 1884 2046 1884 2046 2046 1468 2046 0.8976122140884399
4 1820 46 1820 46 1994 4 1994 0.6666824817657471
