356 1660 730 1660 730 2046 356 2046 0.9542742371559143
1164 1900 1488 1900 1488 2046 1164 2046 0.9283456206321716
669 1001 1036 961 1086 1428 719 1467 0.9241822361946106
1884 1107 2046 1107 2046 1497 1884 1497 0.9144752025604248
1053 1074 1670 937 1749 1295 1133 1432 0.8718888163566589
4 1868 226 1868 226 2046 4 2046 0.859286904335022
1948 1900 2046 1900 2046 2046 1948 2046 0.818098783493042
1443 1400 1726 1375 1765 1828 1482 1852 0.7528517842292786
1988 1524 2046 1524 2046 1682 1988 1682 0.6038148999214172
1980 1524 2046 1524 2046 1746 1980 1746 0.5203841924667358
356 1660 730 1660 730 2046 356 2046 0.9542742371559143
1164 1900 1488 1900 1488 2046 1164 2046 0.9283456206321716
669 1001 1036 961 1086 1428 719 1467 0.9241822361946106
1884 1107 2046 1107 2046 1497 1884 1497 0.9144752025604248
1053 1074 1670 937 1749 1295 1133 1432 0.8718888163566589
4 1868 226 1868 226 2046 4 2046 0.859286904335022
1948 1900 2046 1900 2046 2046 1948 2046 0.818098783493042
1443 1400 1726 1375 1765 1828 1482 1852 0.7528517842292786
1988 1524 2046 1524 2046 1682 1988 1682 0.6038148999214172
1980 1524 2046 1524 2046 1746 1980 1746 0.5203841924667358
