1123 904 1487 856 1543 1282 1178 1330 0.9506508708000183
0 1156 282 1156 282 1570 0 1570 0.9380055665969849
4 844 250 844 250 1170 4 1170 0.9361142516136169
1077 33 1678 -28 1714 322 1113 385 0.9131078720092773
1884 84 2046 84 2046 474 1884 474 0.9115889072418213
1636 1564 2046 1564 2046 2046 1636 2046 0.8696428537368774
700 0 1082 0 1082 416 700 416 0.8603956699371338
1948 884 2046 884 2046 1194 1948 1194 0.8339176774024963
-26 1924 541 1780 596 1993 27 2137 0.5659967660903931
364 636 738 636 738 1114 364 1114 0.5412530303001404
1988 500 2046 500 2046 714 1988 714 0.5089767575263977
