4 537 4 267 249 268 249 537 0.9534966349601746
492 1548 1074 1548 1074 1962 492 1962 0.9424248933792114
4 620 282 620 282 906 4 906 0.9251558184623718
4 1554 4 892 345 892 345 1554 0.909100353717804
68 1588 492 1588 492 2046 68 2046 0.8924421072006226
1884 1828 2046 1828 2046 2046 1884 2046 0.8719088435173035
4 4 226 4 226 202 4 202 0.8233960270881653
1612 316 2046 316 2046 826 1612 826 0.7441444396972656
524 1940 1098 1940 1098 2046 524 2046 0.7133448719978333
440 4 1706 4 1706 249 440 249 0.6742042899131775
1860 1228 2046 1228 2046 2046 1860 2046 0.6602849960327148
1628 1161 1628 323 2046 324 2046 1161 0.5627519488334656
