453 800 782 792 798 1425 469 1433 0.9430195689201355
0 796 442 796 442 1422 0 1422 0.940354585647583
548 4 1178 4 1178 602 548 602 0.9398180246353149
1300 356 1912 356 1912 610 1300 610 0.8973909616470337
4 1836 394 1836 394 2046 4 2046 0.8197810649871826
1924 4 2046 4 2046 634 1924 634 0.8117581605911255
0 0 73 0 73 489 0 489 0.7993258237838745
88 143 548 94 603 600 143 650 0.6248049736022949
76 4 538 4 538 138 76 138 0.516900897026062
453 800 782 792 798 1425 469 1433 0.9430195689201355
0 796 442 796 442 1422 0 1422 0.940354585647583
548 4 1178 4 1178 602 548 602 0.9398180246353149
1300 356 1912 356 1912 610 1300 610 0.8973909616470337
4 1836 394 1836 394 2046 4 2046 0.8197810649871826
1924 4 2046 4 2046 634 1924 634 0.8117581605911255
0 0 73 0 73 489 0 489 0.7993258237838745
88 143 548 94 603 600 143 650 0.6248049736022949
76 4 538 4 538 138 76 138 0.516900897026062
