140 1900 466 1900 466 2046 140 2046 0.9313635230064392
1539 1384 1901 1294 2000 1693 1637 1782 0.9139276146888733
994 1667 1487 1562 1526 1744 1033 1849 0.9034949541091919
28 1080 645 936 728 1293 111 1437 0.8686367273330688
905 1856 2012 1711 2054 2027 947 2172 0.8676704168319702
424 1400 701 1376 740 1823 463 1847 0.8253487944602966
1972 700 2046 700 2046 1066 1972 1066 0.7857228517532349
1348 1008 1930 1008 1930 1402 1348 1402 0.7141891121864319
840 1087 1885 944 1942 1357 897 1501 0.5582994818687439
140 1900 466 1900 466 2046 140 2046 0.9313635230064392
1539 1384 1901 1294 2000 1693 1637 1782 0.9139276146888733
994 1667 1487 1562 1526 1744 1033 1849 0.9034949541091919
28 1080 645 936 728 1293 111 1437 0.8686367273330688
905 1856 2012 1711 2054 2027 947 2172 0.8676704168319702
424 1400 701 1376 740 1823 463 1847 0.8253487944602966
1972 700 2046 700 2046 1066 1972 1066 0.7857228517532349
1348 1008 1930 1008 1930 1402 1348 1402 0.7141891121864319
840 1087 1885 944 1942 1357 897 1501 0.5582994818687439
