98 903 464 856 519 1283 153 1330 0.9524337649345398
1505 1490 2044 1439 2079 1798 1539 1850 0.9328674077987671
52 33 654 -28 690 316 88 378 0.9150618314743042
1538 354 1900 264 2000 669 1638 759 0.9083190560340881
995 643 1493 536 1532 719 1034 826 0.8777245283126831
1340 0 1930 0 1930 378 1340 378 0.856930136680603
901 882 2001 687 2060 1023 961 1218 0.7452119588851929
4 772 138 772 138 1336 4 1336 0.7128332257270813
409 375 703 355 734 803 440 823 0.6207361817359924
822 123 1339 -11 1434 350 917 484 0.6196351051330566
