1505 466 2044 415 2079 774 1539 826 0.9274442195892334
4 4 138 4 138 310 4 310 0.9009811282157898
597 557 1438 485 1491 1103 650 1176 0.8750761151313782
140 4 730 4 730 298 140 298 0.5874804854393005
4 1564 66 1564 66 1742 4 1742 0.5771748423576355
940 0 2034 0 2034 186 940 186 0.5325125455856323
1505 466 2044 415 2079 774 1539 826 0.9274442195892334
4 4 138 4 138 310 4 310 0.9009811282157898
597 557 1438 485 1491 1103 650 1176 0.8750761151313782
140 4 730 4 730 298 140 298 0.5874804854393005
4 1564 66 1564 66 1742 4 1742 0.5771748423576355
940 0 2034 0 2034 186 940 186 0.5325125455856323
