355 1358 908 1291 999 2045 447 2112 0.9404810070991516
1740 0 2046 0 2046 626 1740 626 0.9150460958480835
4 1388 362 1388 362 2046 4 2046 0.871112585067749
1956 1372 2046 1372 2046 1754 1956 1754 0.8661615252494812
1026 916 2046 916 2046 1318 1026 1318 0.8582088351249695
355 1358 908 1291 999 2045 447 2112 0.9404810070991516
1740 0 2046 0 2046 626 1740 626 0.9150460958480835
4 1388 362 1388 362 2046 4 2046 0.871112585067749
1956 1372 2046 1372 2046 1754 1956 1754 0.8661615252494812
1026 916 2046 916 2046 1318 1026 1318 0.8582088351249695
