4 1820 546 1820 546 2046 4 2046 0.9533590078353882
506 1515 1065 1436 1149 2031 590 2109 0.9528487920761108
4 1212 432 1212 432 1786 4 1786 0.9432182908058167
1243 2046 1243 1796 1929 1796 1929 2046 0.9293780326843262
1020 12 2046 12 2046 294 1020 294 0.8894355297088623
132 4 906 4 906 290 132 290 0.879581093788147
1956 348 2046 348 2046 730 1956 730 0.8694243431091309
380 544 927 476 1039 1375 492 1444 0.8672661781311035
4 363 377 363 377 1153 4 1153 0.8569989204406738
1972 1260 2046 1260 2046 1538 1972 1538 0.7090684771537781
1964 1259 2046 1259 2046 1697 1964 1697 0.7007554173469543
4 1820 546 1820 546 2046 4 2046 0.9533590078353882
506 1515 1065 1436 1149 2031 590 2109 0.9528487920761108
4 1212 432 1212 432 1786 4 1786 0.9432182908058167
1243 2046 1243 1796 1929 1796 1929 2046 0.9293780326843262
1020 12 2046 12 2046 294 1020 294 0.8894355297088623
132 4 906 4 906 290 132 290 0.879581093788147
1956 348 2046 348 2046 730 1956 730 0.8694243431091309
380 544 927 476 1039 1375 492 1444 0.8672661781311035
4 363 377 363 377 1153 4 1153 0.8569989204406738
1972 1260 2046 1260 2046 1538 1972 1538 0.7090684771537781
1964 1259 2046 1259 2046 1697 1964 1697 0.7007554173469543
