433 5 991 -58 1039 359 481 423 0.9528328776359558
4 188 434 188 434 762 4 762 0.9463844299316406
300 1868 794 1868 794 2046 300 2046 0.8845556974411011
0 796 585 796 585 1656 0 1656 0.8692954182624817
261 1332 612 1301 645 1672 293 1703 0.8546735644340515
1189 814 1928 740 2025 1706 1286 1780 0.8341646194458008
575 966 1122 889 1228 1638 681 1715 0.8242831230163574
4 4 394 4 394 114 4 114 0.799939751625061
1972 236 2046 236 2046 514 1972 514 0.7728986740112305
868 1876 1386 1876 1386 2046 868 2046 0.7530917525291443
506 491 1062 412 1227 1581 672 1659 0.7515423893928528
1964 236 2046 236 2046 673 1964 673 0.6637794375419617
433 5 991 -58 1039 359 481 423 0.9528328776359558
4 188 434 188 434 762 4 762 0.9463844299316406
300 1868 794 1868 794 2046 300 2046 0.8845556974411011
0 796 585 796 585 1656 0 1656 0.8692954182624817
261 1332 612 1301 645 1672 293 1703 0.8546735644340515
1189 814 1928 740 2025 1706 1286 1780 0.8341646194458008
575 966 1122 889 1228 1638 681 1715 0.8242831230163574
4 4 394 4 394 114 4 114 0.799939751625061
1972 236 2046 236 2046 514 1972 514 0.7728986740112305
868 1876 1386 1876 1386 2046 868 2046 0.7530917525291443
506 491 1062 412 1227 1581 672 1659 0.7515423893928528
1964 236 2046 236 2046 673 1964 673 0.6637794375419617
