604 4 1218 4 1218 642 604 642 0.9549636840820312
292 836 790 836 790 1354 292 1354 0.9534217715263367
340 1740 1034 1740 1034 2046 340 2046 0.940844714641571
868 860 1382 860 1382 1730 868 1730 0.9340713620185852
300 1356 882 1356 882 1730 300 1730 0.9226069450378418
1228 4 2018 4 2018 698 1228 698 0.913995623588562
1163 2046 1163 1884 1617 1884 1617 2046 0.907184898853302
251 318 601 277 645 646 295 687 0.8643604516983032
4 12 594 12 594 634 4 634 0.767983078956604
1409 1274 1935 1166 2025 1605 1498 1713 0.558510422706604
