-102 548 436 403 562 870 23 1016 0.9519299864768982
737 1282 1172 1164 1307 1661 871 1778 0.9491223096847534
1564 912 1916 813 2086 1416 1734 1515 0.9479194283485413
1812 1420 2046 1420 2046 1994 1812 1994 0.9425770044326782
1143 1090 1556 978 1709 1543 1297 1655 0.8828341364860535
1144 1710 1769 1490 1944 1987 1319 2207 0.711646556854248
348 7 907 -134 1081 549 523 691 0.7019587755203247
900 1708 1266 1708 1266 2046 900 2046 0.6999190449714661
1948 804 2046 804 2046 1128 1948 1128 0.6961982250213623
364 4 962 4 962 370 364 370 0.6564047336578369
1424 1623 1751 1494 1944 1985 1616 2114 0.6484778523445129
1828 2046 1828 2004 2046 2004 2046 2046 0.5853996276855469
428 317 991 176 1084 546 520 686 0.5783100128173828
543 690 1100 540 1148 717 590 867 0.5221656560897827
-102 548 436 403 562 870 23 1016 0.9519299864768982
737 1282 1172 1164 1307 1661 871 1778 0.9491223096847534
1564 912 1916 813 2086 1416 1734 1515 0.9479194283485413
1812 1420 2046 1420 2046 1994 1812 1994 0.9425770044326782
1143 1090 1556 978 1709 1543 1297 1655 0.8828341364860535
1144 1710 1769 1490 1944 1987 1319 2207 0.711646556854248
348 7 907 -134 1081 549 523 691 0.7019587755203247
900 1708 1266 1708 1266 2046 900 2046 0.6999190449714661
1948 804 2046 804 2046 1128 1948 1128 0.6961982250213623
364 4 962 4 962 370 364 370 0.6564047336578369
1424 1623 1751 1494 1944 1985 1616 2114 0.6484778523445129
1828 2046 1828 2004 2046 2004 2046 2046 0.5853996276855469
428 317 991 176 1084 546 520 686 0.5783100128173828
543 690 1100 540 1148 717 590 867 0.5221656560897827
