1228 1326 1626 1222 1784 1831 1386 1935 0.9582775235176086
1616 4 1966 -79 2083 405 1733 489 0.9529305100440979
739 255 1173 140 1305 638 872 753 0.9426155090332031
1812 396 2046 396 2046 962 1812 962 0.9419416189193726
345 1392 958 1328 1030 2025 417 2088 0.9357272982597351
1414 603 1752 471 1946 969 1609 1101 0.9031792879104614
1201 18 1601 -42 1694 568 1294 629 0.8868932723999023
1070 675 1519 576 1642 1134 1193 1233 0.8727046251296997
1598 1160 1919 1050 2199 1867 1879 1977 0.8332187533378601
824 771 1474 573 1654 1162 1004 1360 0.6106697916984558
4 372 634 372 634 786 4 786 0.531558096408844
1228 1326 1626 1222 1784 1831 1386 1935 0.9582775235176086
1616 4 1966 -79 2083 405 1733 489 0.9529305100440979
739 255 1173 140 1305 638 872 753 0.9426155090332031
1812 396 2046 396 2046 962 1812 962 0.9419416189193726
345 1392 958 1328 1030 2025 417 2088 0.9357272982597351
1414 603 1752 471 1946 969 1609 1101 0.9031792879104614
1201 18 1601 -42 1694 568 1294 629 0.8868932723999023
1070 675 1519 576 1642 1134 1193 1233 0.8727046251296997
1598 1160 1919 1050 2199 1867 1879 1977 0.8332187533378601
824 771 1474 573 1654 1162 1004 1360 0.6106697916984558
4 372 634 372 634 786 4 786 0.531558096408844
