204 4 1002 4 1002 698 204 698 0.9206035733222961
0 860 361 860 361 1726 0 1726 0.9098467826843262
140 1884 593 1884 593 2046 140 2046 0.9026892185211182
4 4 202 4 202 642 4 642 0.9009754657745361
1628 1948 1970 1948 1970 2046 1628 2046 0.8497907519340515
1108 36 1770 36 1770 1018 1108 1018 0.7375949025154114
388 1292 915 1183 1003 1608 475 1717 0.6783676147460938
204 4 1002 4 1002 698 204 698 0.9206035733222961
0 860 361 860 361 1726 0 1726 0.9098467826843262
140 1884 593 1884 593 2046 140 2046 0.9026892185211182
4 4 202 4 202 642 4 642 0.9009754657745361
1628 1948 1970 1948 1970 2046 1628 2046 0.8497907519340515
1108 36 1770 36 1770 1018 1108 1018 0.7375949025154114
388 1292 915 1183 1003 1608 475 1717 0.6783676147460938
