299 1727 316 1278 1112 1307 1096 1756 0.9522509574890137
1623 124 2044 52 2114 458 1693 531 0.9499124884605408
1252 1820 1970 1820 1970 2046 1252 2046 0.9440076947212219
587 257 587 4 889 4 889 257 0.935326874256134
249 1286 289 503 1142 546 1102 1329 0.924048125743866
1221 1479 1296 739 2023 812 1949 1552 0.9158976078033447
247 477 263 218 1128 270 1112 528 0.9017868638038635
1636 801 1636 531 2046 531 2046 801 0.8091947436332703
1604 4 2046 4 2046 118 1604 118 0.6154963970184326
299 1727 316 1278 1112 1307 1096 1756 0.9522509574890137
1623 124 2044 52 2114 458 1693 531 0.9499124884605408
1252 1820 1970 1820 1970 2046 1252 2046 0.9440076947212219
587 257 587 4 889 4 889 257 0.935326874256134
249 1286 289 503 1142 546 1102 1329 0.924048125743866
1221 1479 1296 739 2023 812 1949 1552 0.9158976078033447
247 477 263 218 1128 270 1112 528 0.9017868638038635
1636 801 1636 531 2046 531 2046 801 0.8091947436332703
1604 4 2046 4 2046 118 1604 118 0.6154963970184326
