1124 748 1514 748 1514 1202 1124 1202 0.9457695484161377
4 1372 450 1372 450 1758 4 1758 0.9414966702461243
4 0 216 0 216 634 4 634 0.9359148144721985
1260 0 1954 0 1954 242 1260 242 0.9294028282165527
1524 739 1938 739 1938 1193 1524 1193 0.917862594127655
1219 717 1219 212 1937 212 1937 717 0.9112723469734192
204 884 1002 884 1002 1362 204 1362 0.9079322814941406
1187 1633 1187 1323 1897 1323 1897 1633 0.8966814279556274
4 916 122 916 122 1298 4 1298 0.8631213307380676
1208 1624 1909 1596 1920 1871 1219 1899 0.8581458926200867
1244 1908 1930 1908 1930 2046 1244 2046 0.773798406124115
1220 220 1634 220 1634 722 1220 722 0.7237446904182434
251 4 345 4 345 241 251 241 0.6211801171302795
