1244 892 1954 892 1954 1298 1244 1298 0.9487318992614746
4 348 450 348 450 734 4 734 0.9434822201728821
4 1204 554 1204 554 1656 4 1656 0.9426514506340027
1612 1343 2014 1300 2070 1824 1668 1867 0.9411711096763611
204 4 984 4 984 338 204 338 0.9239296913146973
4 2046 4 1628 617 1628 617 2046 0.9209458827972412
1188 308 1898 308 1898 610 1188 610 0.9078333377838135
1420 1868 2046 1868 2046 2046 1420 2046 0.8917009234428406
1210 588 1914 588 1914 858 1210 858 0.8831262588500977
1523 169 1523 4 1905 4 1905 169 0.8667171597480774
1123 177 1123 4 1913 4 1913 177 0.8656810522079468
4 4 122 4 122 271 4 271 0.8531767725944519
1123 169 1123 4 1505 4 1505 169 0.664614737033844
1244 892 1954 892 1954 1298 1244 1298 0.9487318992614746
4 348 450 348 450 734 4 734 0.9434822201728821
4 1204 554 1204 554 1656 4 1656 0.9426514506340027
1612 1343 2014 1300 2070 1824 1668 1867 0.9411711096763611
204 4 984 4 984 338 204 338 0.9239296913146973
4 2046 4 1628 617 1628 617 2046 0.9209458827972412
1188 308 1898 308 1898 610 1188 610 0.9078333377838135
1420 1868 2046 1868 2046 2046 1420 2046 0.8917009234428406
1210 588 1914 588 1914 858 1210 858 0.8831262588500977
1523 169 1523 4 1905 4 1905 169 0.8667171597480774
1123 177 1123 4 1913 4 1913 177 0.8656810522079468
4 4 122 4 122 271 4 271 0.8531767725944519
1123 169 1123 4 1505 4 1505 169 0.664614737033844
