1475 222 2045 201 2070 870 1501 892 0.9545164108276367
1581 953 1984 921 2035 1548 1632 1581 0.9476447105407715
1660 1780 2046 1780 2046 2046 1660 2046 0.9452129602432251
1436 0 2046 0 2046 282 1436 282 0.9424846172332764
604 1948 946 1948 946 2046 604 2046 0.8487123847007751
84 36 746 36 746 1050 84 1050 0.7443028092384338
1475 222 2045 201 2070 870 1501 892 0.9545164108276367
1581 953 1984 921 2035 1548 1632 1581 0.9476447105407715
1660 1780 2046 1780 2046 2046 1660 2046 0.9452129602432251
1436 0 2046 0 2046 282 1436 282 0.9424846172332764
604 1948 946 1948 946 2046 604 2046 0.8487123847007751
84 36 746 36 746 1050 84 1050 0.7443028092384338
