1116 691 1724 577 1793 948 1186 1062 0.946246862411499
599 1153 1195 1049 1265 1455 670 1559 0.9428865313529968
1190 1070 1824 942 1904 1339 1270 1467 0.9424934983253479
268 1780 994 1780 994 2046 268 2046 0.9271070957183838
4 1564 112 1564 112 2046 4 2046 0.8981505036354065
4 636 434 636 434 978 4 978 0.8768330812454224
4 4 250 4 250 282 4 282 0.7964199185371399
4 4 362 4 362 634 4 634 0.7849982976913452
1006 1844 1762 1844 1762 2046 1006 2046 0.7309248447418213
0 1308 98 1308 98 1546 0 1546 0.7002290487289429
-29 1545 2 1283 549 1350 518 1612 0.622701108455658
497 440 909 363 924 442 512 519 0.5387083292007446
1116 691 1724 577 1793 948 1186 1062 0.946246862411499
599 1153 1195 1049 1265 1455 670 1559 0.9428865313529968
1190 1070 1824 942 1904 1339 1270 1467 0.9424934983253479
268 1780 994 1780 994 2046 268 2046 0.9271070957183838
4 1564 112 1564 112 2046 4 2046 0.8981505036354065
4 636 434 636 434 978 4 978 0.8768330812454224
4 4 250 4 250 282 4 282 0.7964199185371399
4 4 362 4 362 634 4 634 0.7849982976913452
1006 1844 1762 1844 1762 2046 1006 2046 0.7309248447418213
0 1308 98 1308 98 1546 0 1546 0.7002290487289429
-29 1545 2 1283 549 1350 518 1612 0.622701108455658
497 440 909 363 924 442 512 519 0.5387083292007446
