1200 33 1853 -48 1901 334 1248 416 0.9424471259117126
228 1820 934 1820 934 2046 228 2046 0.9420722723007202
599 128 1195 24 1266 431 670 535 0.9337798953056335
197 1479 273 739 999 813 923 1553 0.915211021900177
4 1396 72 1396 72 1762 4 1762 0.8764204382896423
4 548 114 548 114 1074 4 1074 0.7641273736953735
1010 820 1586 820 1586 1186 1010 1186 0.747965395450592
0 284 98 284 98 522 0 522 0.6887362003326416
-28 521 2 260 549 326 517 588 0.6467932462692261
937 1134 1098 679 2117 1038 1957 1494 0.567607045173645
4 540 112 540 112 1338 4 1338 0.5423832535743713
4 2046 4 1924 105 1924 105 2046 0.5373790264129639
