9220 10755 10745 10755 10745 12377 9220 12377
12093 2942 13621 2942 13621 4241 12093 4241
9220 739 10282 739 10282 2045 9220 2045
10740 11947 12224 11947 12224 12797 10740 12797
10752 9130 10752 8131 12004 8131 12004 9130
8692 2602 8692 1536 9725 1536 9725 2602
8751 10301 9905 10080 10078 10987 8924 11207
10411 2865 10411 1651 11261 1651 11261 2865
12288 8189 12288 7196 13314 7196 13314 8189
5108 10987 6097 10987 6097 12002 5108 12002
3836 7431 5117 7431 5117 8189 3836 8189
12827 2683 13807 2037 14235 2686 13255 3332
7371 6900 8153 6900 8153 8025 7371 8025
3932 2804 3932 2032 5069 2032 5069 2804
9972 523 10794 523 10794 1489 9972 1489
15587 10762 15587 10012 16521 10012 16521 10762
6428 7481 6428 6667 7274 6667 7274 7481
9675 7683 10562 7683 10562 8441 9675 8441
3932 11036 4689 11036 4689 11914 3932 11914
3653 9549 4387 9459 4494 10334 3760 10424
4980 2108 5666 2108 5666 3050 4980 3050
11508 4625 11508 3883 12362 3883 12362 4625
4437 9560 4987 9484 5141 10589 4592 10666
1827 5117 1827 4619 3057 4619 3057 5117
8945 3084 9714 3060 9739 3831 8969 3855
8171 6955 9177 6955 9177 7530 8171 7530
16174 8989 17026 8901 17095 9569 16243 9657
7363 3202 7363 2339 8025 2339 8025 3202
9308 1899 10129 1899 10129 2594 9308 2594
15312 9040 16145 8975 16198 9655 15364 9720
9837 12753 10630 12638 10730 13331 9937 13445
11156 4113 11156 3339 11857 3339 11857 4113
3955 2766 5063 2609 5131 3088 4023 3246
8715 9497 8715 8867 9561 8867 9561 9497
1628 11793 1628 10752 2129 10752 2129 11793
11356 7499 12145 7499 12145 8130 11356 8130
6019 3659 6653 3659 6653 4418 6019 4418
7666 11500 8397 11476 8419 12132 7687 12156
11697 6144 12390 6144 12390 6833 11697 6833
6754 5176 7465 5095 7540 5745 6828 5827
10956 4787 11786 4787 11786 5346 10956 5346
9739 3018 9739 2388 10474 2388 10474 3018
4611 9425 4611 8459 5081 8459 5081 9425
1788 12689 1788 12043 2489 12043 2489 12689
11755 6837 12433 6643 12608 7258 11931 7451
13828 3996 14434 3996 14434 4738 13828 4738
7335 4085 7810 3936 8078 4788 7603 4937
2979 12060 3581 12060 3581 12797 2979 12797
13859 6161 13859 5539 14570 5539 14570 6161
2567 11160 3122 11073 3243 11847 2688 11934
14516 9788 15353 9788 15353 10306 14516 10306
12747 5251 13529 5251 13529 5802 12747 5802
12425 6584 13075 6383 13262 6985 12611 7187
10112 6830 10786 6718 10889 7336 10214 7448
10755 12292 11261 12292 11261 13137 10755 13137
14055 3513 14745 3499 14757 4117 14068 4130
2488 9044 3581 9044 3581 9433 2488 9433
11171 8971 11985 8971 11985 9489 11171 9489
14909 6654 15662 6501 15770 7033 15017 7187
14081 6299 14778 6152 14899 6725 14202 6872
8680 12354 9707 12183 9772 12568 8744 12740
12756 9076 13383 9076 13383 9725 12756 9725
7331 10065 7331 9515 8066 9515 8066 10065
12171 2713 12171 2019 12753 2019 12753 2713
13085 11606 13696 11562 13743 12218 13132 12262
6932 3388 7545 3388 7545 4042 6932 4042
13078 5840 13871 5672 13973 6152 13180 6320
9220 3089 9220 2516 9905 2516 9905 3089
13944 5034 13944 4611 14862 4612 14862 5034
12904 13133 13712 12997 13790 13461 12982 13597
7267 9393 7267 8931 8081 8931 8081 9393
16421 9660 17221 9660 17221 10129 16421 10129
3900 10439 4546 10409 4573 10987 3927 11017
14524 11171 14978 11171 14978 11993 14524 11993
4942 12114 5464 12093 5492 12795 4970 12816
5463 12324 6007 12223 6129 12873 5585 12975
10494 11528 10988 11409 11156 12109 10663 12228
6435 7861 6460 7419 7271 7465 7246 7906
10608 3921 11154 3774 11315 4371 10769 4519
10588 7371 11261 7371 11261 7889 10588 7889
6748 13212 7170 13212 7170 14033 6748 14033
13827 4935 14333 4935 14333 5617 13827 5617
8382 3473 8906 3321 9082 3927 8558 4079
15363 7124 16104 7124 16104 7586 15363 7586
12380 13329 12380 12732 12953 12732 12953 13329
4604 10725 5162 10649 5244 11250 4685 11326
8696 2758 9211 2638 9357 3264 8843 3384
14932 10268 15449 10268 15449 10922 14932 10922
12601 1876 13131 1523 13425 1961 12895 2316
12021 8788 12561 8597 12757 9151 12217 9342
8199 2878 8766 2740 8900 3290 8333 3429
7403 7964 8096 7964 8096 8441 7403 8441
11432 12757 11895 12700 11982 13401 11519 13458
6323 3697 6323 3076 6850 3076 6850 3697
12663 8614 13186 8518 13297 9120 12774 9216
6303 4269 6695 4159 6907 4915 6515 5025
1540 12756 2050 12756 2050 13378 1540 13378
6371 13308 6826 13308 6826 13998 6371 13998
7223 3386 7705 3213 7912 3790 7430 3963
10730 2834 11157 2637 11436 3241 11008 3439
13307 7854 13859 7707 14000 8235 13447 8382
35 4267 401 4267 401 5117 35 5117
6716 2915 7202 2915 7202 3554 6716 3554
13446 10187 14270 10119 14300 10488 13477 10556
8441 11381 8947 11278 9064 11858 8559 11960
12292 4651 12943 4651 12943 5117 12292 5117
2778 2661 3168 2634 3220 3402 2830 3429
11612 5689 12177 5689 12177 6218 11612 6218
12060 4825 12060 4419 12793 4419 12793 4825
9739 6940 10289 6940 10289 7481 9739 7481
14812 8994 15217 8994 15217 9725 14812 9725
7563 11545 7563 11083 8189 11083 8189 11545
10467 4540 11089 4540 11089 5002 10467 5002
6148 10851 6769 10851 6769 11313 6148 11313
7380 10117 8086 10090 8101 10494 7396 10521
13646 6869 14264 6765 14340 7212 13722 7316
7783 13081 8324 13005 8396 13517 7855 13593
9820 3740 10353 3740 10353 4266 9820 4266
2115 11402 2115 10796 2577 10796 2577 11402
11638 5229 12140 4967 12368 5406 11866 5667
6727 4252 7042 4146 7310 4939 6994 5046
6603 3563 7065 3563 7065 4153 6603 4153
14084 7857 14601 7750 14706 8255 14188 8361
14662 7772 15177 7745 15205 8265 14690 8292
15124 8162 15124 7683 15682 7684 15682 8162
14390 9110 14802 9081 14847 9725 14435 9754
13289 5295 13754 5111 13948 5601 13483 5786
15360 12249 15360 11783 15925 11783 15925 12249
8355 6198 8987 6060 9073 6454 8441 6592
8651 8572 9561 8572 9561 8857 8651 8857
7762 6285 8352 6167 8436 6589 7847 6707
9641 8385 10184 8354 10211 8823 9668 8854
7196 13832 7801 13832 7801 14254 7196 14254
15363 6442 15363 6068 16045 6068 16045 6442
12820 4787 13290 4787 13290 5329 12820 5329
14492 13058 14492 12596 15042 12596 15042 13058
4395 12099 4881 12099 4881 12618 4395 12618
12668 12284 13162 12284 13162 12793 12668 12793
6107 10470 6682 10404 6732 10835 6156 10901
10394 8037 10867 7843 11053 8298 10580 8492
6932 5739 7601 5739 7601 6114 6932 6114
10306 3694 10902 3604 10964 4014 10368 4104
14996 5379 15377 5379 15377 6033 14996 6033
7082 13228 7655 13138 7722 13562 7148 13652
1837 3075 2314 3051 2340 3572 1863 3596
15363 12636 16015 12636 16015 13017 15363 13017
2539 11178 2539 10764 3129 10764 3129 11178
14507 12052 14986 12052 14986 12554 14507 12554
15363 12252 16015 12252 16015 12618 15363 12618
9247 12973 9789 12837 9891 13243 9349 13379
6363 5157 6770 5132 6805 5704 6398 5729
7737 12235 8111 12179 8201 12787 7827 12843
13315 6833 13315 6323 13770 6324 13770 6833
8284 5813 8894 5698 8963 6065 8353 6179
6391 6621 6408 6355 7273 6412 7255 6678
8313 10851 8811 10752 8899 11196 8401 11295
13176 7457 13605 7272 13799 7721 13370 7906
2603 13771 3008 13771 3008 14333 2603 14333
11909 12946 12302 12789 12501 13287 12108 13444
14515 7255 14978 7168 15067 7641 14604 7728
5855 3343 6290 3218 6429 3699 5995 3825
8156 12163 8533 12163 8533 12761 8156 12761
1932 9503 2286 9476 2335 10106 1981 10134
7734 10563 8151 10493 8238 11017 7822 11087
12300 6214 12715 6016 12924 6456 12510 6654
7717 3172 8043 3057 8258 3661 7932 3777
13381 9193 13850 9100 13938 9545 13469 9638
14620 5443 14969 5443 14969 6058 14620 6058
15885 11036 16834 11036 16834 11261 15885 11261
6059 9564 6602 9564 6602 9954 6059 9954
13611 6339 14063 6263 14139 6718 13686 6793
12439 5087 12800 4954 12980 5447 12619 5579
10792 6813 11295 6707 11375 7090 10872 7195
2507 12067 2833 12067 2833 12682 2507 12682
11142 6010 11602 5845 11740 6230 11280 6395
4567 3544 5116 3489 5152 3848 4602 3903
1820 7684 2193 7684 2193 8209 1820 8209
13828 1539 14250 1539 14250 2001 13828 2001
10652 10967 10992 10856 11159 11371 10818 11481
1540 7680 1802 7680 1802 8418 1540 8418
9220 9547 9553 9547 9553 10127 9220 10127
11409 7095 11803 6987 11928 7439 11533 7548
16168 13052 16685 13052 16685 13418 16168 13418
10051 8911 10446 8836 10532 9288 10137 9363
15651 11043 15869 11043 15869 11889 15651 11889
11847 2393 12115 2216 12431 2696 12163 2872
13161 12262 13645 12210 13685 12586 13201 12638
7868 13832 8189 13832 8189 14404 7868 14404
1852 2539 2385 2539 2385 2882 1852 2882
1364 6653 1364 6083 1681 6083 1681 6653
12916 4288 13205 4091 13493 4516 13205 4713
9648 7590 10193 7509 10241 7829 9696 7910
10128 3019 10538 2844 10694 3209 10284 3384
12041 5650 12477 5448 12631 5781 12195 5983
7823 3935 8232 3804 8357 4192 7948 4324
2717 2026 3087 1985 3138 2450 2769 2491
10914 7925 11295 7754 11465 8132 11083 8303
1478 3286 1850 3212 1939 3658 1566 3732
14475 13410 14475 13099 15018 13099 15018 13410
11051 10921 11354 10851 11475 11375 11172 11445
1536 12043 1767 12043 1767 12761 1536 12761
10055 9426 10528 9316 10605 9647 10132 9757
3175 2926 3537 2888 3584 3336 3223 3375
1291 4796 1809 4796 1809 5098 1291 5098
14202 7323 14512 7222 14659 7673 14350 7774
13855 7360 14167 7269 14297 7715 13984 7806
1835 2891 2297 2891 2297 3217 1835 3217
15339 8490 15765 8458 15791 8806 15364 8838
5980 6653 5980 6236 6329 6236 6329 6653
7132 3385 7132 3075 7586 3076 7586 3385
9220 147 9510 147 9510 625 9220 625
5972 13788 6378 13788 6378 14129 5972 14129
2475 13049 2475 12732 2890 12732 2890 13049
4395 12596 4970 12596 4970 12797 4395 12797
7773 6692 8189 6681 8196 6943 7780 6954
6712 6365 6759 6024 7050 6064 7003 6406
3478 2002 3729 1982 3760 2358 3509 2378
15107 11261 15107 11051 15545 11051 15545 11261
2046 13106 2429 13076 2447 13302 2064 13332
11138 13495 11391 13441 11461 13767 11209 13821
3187 2652 3537 2652 3537 2890 3187 2890
1931 9219 2274 9219 2274 9417 1931 9417
12276 9620 12793 9620 12793 9725 12276 9725
1540 8412 1799 8412 1799 8569 1540 8569
14091 13681 14091 13539 14333 13539 14333 13681
