1798.0 956.0 1798.0 962.0 1794.0 966.0 1792.0 966.0 1790.0 968.0 1788.0 968.0 1786.0 970.0 1782.0 970.0 1780.0 972.0 1778.0 972.0 1776.0 974.0 1774.0 974.0 1772.0 976.0 1768.0 976.0 1766.0 978.0 1764.0 978.0 1762.0 980.0 1758.0 980.0 1756.0 982.0 1754.0 982.0 1752.0 984.0 1748.0 984.0 1746.0 986.0 1744.0 986.0 1742.0 988.0 1740.0 988.0 1738.0 990.0 1734.0 990.0 1732.0 992.0 1730.0 992.0 1728.0 994.0 1726.0 994.0 1724.0 996.0 1720.0 996.0 1718.0 998.0 1716.0 998.0 1714.0 1000.0 1712.0 1000.0 1710.0 1002.0 1706.0 1002.0 1704.0 1004.0 1700.0 1004.0 1698.0 1006.0 1696.0 1006.0 1694.0 1008.0 1690.0 1008.0 1688.0 1010.0 1684.0 1010.0 1682.0 1012.0 1680.0 1012.0 1678.0 1014.0 1674.0 1014.0 1672.0 1016.0 1670.0 1016.0 1668.0 1018.0 1664.0 1018.0 1662.0 1020.0 1660.0 1020.0 1658.0 1022.0 1656.0 1022.0 1654.0 1024.0 1650.0 1024.0 1646.0 1028.0 1644.0 1028.0 1642.0 1030.0 1638.0 1030.0 1636.0 1032.0 1632.0 1032.0 1630.0 1034.0 1628.0 1034.0 1626.0 1036.0 1624.0 1036.0 1622.0 1038.0 1620.0 1038.0 1618.0 1040.0 1616.0 1040.0 1614.0 1042.0 1612.0 1042.0 1608.0 1046.0 1606.0 1046.0 1604.0 1048.0 1600.0 1048.0 1598.0 1050.0 1592.0 1050.0 1590.0 1052.0 1584.0 1052.0 1582.0 1054.0 1578.0 1054.0 1576.0 1056.0 1570.0 1056.0 1568.0 1058.0 1562.0 1058.0 1560.0 1060.0 1558.0 1060.0 1556.0 1062.0 1554.0 1062.0 1552.0 1064.0 1548.0 1064.0 1546.0 1066.0 1542.0 1066.0 1540.0 1068.0 1536.0 1068.0 1534.0 1070.0 1532.0 1070.0 1530.0 1072.0 1526.0 1072.0 1524.0 1074.0 1520.0 1074.0 1518.0 1076.0 1516.0 1076.0 1514.0 1078.0 1512.0 1078.0 1510.0 1080.0 1508.0 1080.0 1506.0 1082.0 1502.0 1082.0 1500.0 1084.0 1498.0 1084.0 1496.0 1086.0 1494.0 1086.0 1492.0 1088.0 1488.0 1088.0 1486.0 1090.0 1484.0 1090.0 1482.0 1092.0 1480.0 1092.0 1478.0 1094.0 1476.0 1094.0 1474.0 1096.0 1470.0 1096.0 1468.0 1098.0 1464.0 1098.0 1462.0 1100.0 1460.0 1100.0 1458.0 1102.0 1456.0 1102.0 1454.0 1104.0 1450.0 1104.0 1448.0 1106.0 1444.0 1106.0 1442.0 1108.0 1440.0 1108.0 1438.0 1110.0 1436.0 1110.0 1434.0 1112.0 1432.0 1112.0 1430.0 1114.0 1428.0 1114.0 1426.0 1116.0 1424.0 1116.0 1420.0 1120.0 1412.0 1120.0 1412.0 1168.0 1418.0 1168.0 1422.0 1172.0 1422.0 1174.0 1424.0 1176.0 1424.0 1178.0 1426.0 1180.0 1426.0 1184.0 1428.0 1186.0 1428.0 1188.0 1430.0 1190.0 1430.0 1192.0 1432.0 1194.0 1432.0 1196.0 1434.0 1198.0 1434.0 1202.0 1438.0 1206.0 1438.0 1208.0 1442.0 1212.0 1442.0 1214.0 1444.0 1216.0 1444.0 1218.0 1446.0 1220.0 1446.0 1222.0 1450.0 1226.0 1450.0 1230.0 1452.0 1232.0 1452.0 1234.0 1454.0 1236.0 1454.0 1238.0 1458.0 1242.0 1458.0 1244.0 1460.0 1246.0 1460.0 1250.0 1464.0 1254.0 1464.0 1256.0 1466.0 1258.0 1466.0 1262.0 1468.0 1264.0 1468.0 1266.0 1472.0 1270.0 1472.0 1272.0 1474.0 1274.0 1474.0 1276.0 1476.0 1278.0 1476.0 1280.0 1480.0 1284.0 1480.0 1286.0 1482.0 1288.0 1482.0 1290.0 1484.0 1292.0 1484.0 1294.0 1486.0 1296.0 1486.0 1298.0 1488.0 1300.0 1488.0 1302.0 1492.0 1306.0 1492.0 1308.0 1494.0 1310.0 1494.0 1312.0 1500.0 1318.0 1500.0 1320.0 1508.0 1328.0 1508.0 1330.0 1514.0 1336.0 1514.0 1338.0 1516.0 1340.0 1516.0 1342.0 1518.0 1344.0 1518.0 1346.0 1522.0 1350.0 1522.0 1352.0 1524.0 1354.0 1524.0 1356.0 1526.0 1358.0 1526.0 1360.0 1528.0 1362.0 1528.0 1364.0 1530.0 1366.0 1530.0 1368.0 1532.0 1370.0 1532.0 1372.0 1534.0 1374.0 1534.0 1376.0 1536.0 1378.0 1536.0 1380.0 1542.0 1386.0 1542.0 1388.0 1544.0 1390.0 1544.0 1392.0 1546.0 1394.0 1546.0 1396.0 1548.0 1398.0 1548.0 1400.0 1550.0 1402.0 1550.0 1404.0 1552.0 1406.0 1552.0 1408.0 1554.0 1410.0 1554.0 1412.0 1560.0 1418.0 1560.0 1420.0 1562.0 1422.0 1562.0 1424.0 1564.0 1426.0 1564.0 1428.0 1568.0 1432.0 1568.0 1434.0 1570.0 1436.0 1570.0 1438.0 1572.0 1440.0 1572.0 1444.0 1576.0 1448.0 1576.0 1452.0 1578.0 1454.0 1578.0 1458.0 1580.0 1460.0 1580.0 1462.0 1584.0 1466.0 1584.0 1468.0 1586.0 1470.0 1586.0 1472.0 1592.0 1478.0 1592.0 1480.0 1596.0 1484.0 1596.0 1486.0 1600.0 1490.0 1600.0 1492.0 1606.0 1498.0 1606.0 1500.0 1608.0 1502.0 1608.0 1504.0 1610.0 1506.0 1610.0 1508.0 1612.0 1510.0 1612.0 1512.0 1616.0 1516.0 1616.0 1518.0 1618.0 1520.0 1618.0 1522.0 1620.0 1524.0 1620.0 1526.0 1624.0 1530.0 1624.0 1532.0 1626.0 1534.0 1626.0 1536.0 1630.0 1540.0 1632.0 1540.0 1636.0 1544.0 1636.0 1546.0 1638.0 1546.0 1640.0 1548.0 1642.0 1548.0 1644.0 1550.0 1656.0 1550.0 1658.0 1548.0 1660.0 1548.0 1662.0 1546.0 1664.0 1546.0 1670.0 1540.0 1672.0 1540.0 1674.0 1538.0 1676.0 1538.0 1682.0 1532.0 1686.0 1532.0 1688.0 1530.0 1690.0 1530.0 1690.0 1528.0 1680.0 1528.0 1678.0 1526.0 1666.0 1526.0 1662.0 1522.0 1666.0 1518.0 1670.0 1518.0 1672.0 1520.0 1676.0 1520.0 1680.0 1516.0 1680.0 1514.0 1678.0 1514.0 1676.0 1512.0 1666.0 1512.0 1664.0 1510.0 1664.0 1504.0 1668.0 1500.0 1670.0 1500.0 1670.0 1496.0 1668.0 1494.0 1668.0 1492.0 1674.0 1486.0 1676.0 1486.0 1680.0 1482.0 1682.0 1482.0 1684.0 1480.0 1688.0 1480.0 1690.0 1478.0 1692.0 1478.0 1692.0 1476.0 1694.0 1474.0 1696.0 1474.0 1698.0 1472.0 1716.0 1472.0 1720.0 1476.0 1720.0 1482.0 1724.0 1486.0 1726.0 1484.0 1730.0 1484.0 1732.0 1486.0 1734.0 1486.0 1738.0 1490.0 1742.0 1490.0 1744.0 1488.0 1760.0 1488.0 1762.0 1486.0 1766.0 1486.0 1768.0 1484.0 1772.0 1484.0 1774.0 1482.0 1776.0 1482.0 1778.0 1480.0 1780.0 1480.0 1784.0 1476.0 1786.0 1476.0 1788.0 1474.0 1790.0 1474.0 1796.0 1468.0 1798.0 1468.0 1806.0 1460.0 1808.0 1460.0 1812.0 1456.0 1814.0 1456.0 1818.0 1452.0 1820.0 1452.0 1834.0 1438.0 1836.0 1438.0 1838.0 1436.0 1840.0 1436.0 1842.0 1434.0 1860.0 1434.0 1862.0 1436.0 1864.0 1436.0 1866.0 1438.0 1868.0 1438.0 1870.0 1436.0 1876.0 1436.0 1878.0 1434.0 1884.0 1434.0 1890.0 1428.0 1892.0 1428.0 1894.0 1426.0 1898.0 1426.0 1902.0 1422.0 1904.0 1422.0 1906.0 1420.0 1908.0 1420.0 1910.0 1418.0 1912.0 1418.0 1916.0 1414.0 1918.0 1414.0 1920.0 1412.0 1924.0 1412.0 1926.0 1410.0 1928.0 1410.0 1932.0 1406.0 1934.0 1406.0 1936.0 1404.0 1938.0 1404.0 1940.0 1402.0 1942.0 1402.0 1944.0 1400.0 1946.0 1400.0 1950.0 1396.0 1954.0 1396.0 1956.0 1394.0 1958.0 1394.0 1960.0 1392.0 1962.0 1392.0 1964.0 1390.0 1966.0 1390.0 1968.0 1388.0 1972.0 1388.0 1974.0 1386.0 1978.0 1386.0 1980.0 1384.0 1982.0 1384.0 1984.0 1382.0 1988.0 1382.0 1990.0 1380.0 1992.0 1380.0 1994.0 1378.0 1996.0 1378.0 2000.0 1374.0 2002.0 1374.0 2004.0 1372.0 2006.0 1372.0 2010.0 1368.0 2012.0 1368.0 2014.0 1366.0 2016.0 1366.0 2018.0 1364.0 2020.0 1364.0 2022.0 1362.0 2024.0 1362.0 2026.0 1360.0 2028.0 1360.0 2030.0 1358.0 2032.0 1358.0 2034.0 1356.0 2036.0 1356.0 2038.0 1354.0 2040.0 1354.0 2044.0 1350.0 2046.0 1350.0 2046.0 1016.0 2044.0 1016.0 2040.0 1012.0 2040.0 1010.0 2038.0 1008.0 2038.0 1000.0 2036.0 998.0 2036.0 994.0 2034.0 992.0 2034.0 988.0 2030.0 984.0 2030.0 982.0 2028.0 980.0 2026.0 980.0 2024.0 978.0 2022.0 978.0 2020.0 976.0 2018.0 976.0 2012.0 970.0 2008.0 974.0 2008.0 978.0 2006.0 980.0 2006.0 984.0 2000.0 990.0 2000.0 992.0 1998.0 994.0 2006.0 1002.0 2006.0 1006.0 2008.0 1008.0 2008.0 1022.0 2006.0 1024.0 2006.0 1026.0 2002.0 1030.0 1996.0 1030.0 1994.0 1028.0 1986.0 1028.0 1984.0 1026.0 1972.0 1026.0 1970.0 1024.0 1968.0 1024.0 1966.0 1022.0 1964.0 1022.0 1946.0 1004.0 1946.0 1002.0 1944.0 1000.0 1942.0 1000.0 1922.0 980.0 1920.0 980.0 1914.0 974.0 1912.0 974.0 1908.0 970.0 1900.0 970.0 1898.0 968.0 1888.0 968.0 1886.0 970.0 1884.0 970.0 1880.0 974.0 1878.0 974.0 1876.0 976.0 1864.0 976.0 1862.0 974.0 1854.0 974.0 1852.0 972.0 1850.0 972.0 1844.0 966.0 1842.0 966.0 1838.0 962.0 1838.0 956.0 0.9516823887825012
1312.0 1764.0 1312.0 1770.0 1310.0 1772.0 1308.0 1772.0 1306.0 1774.0 1304.0 1774.0 1302.0 1776.0 1300.0 1776.0 1298.0 1778.0 1294.0 1778.0 1292.0 1780.0 1288.0 1780.0 1286.0 1782.0 1284.0 1782.0 1282.0 1784.0 1280.0 1784.0 1276.0 1788.0 1274.0 1788.0 1268.0 1794.0 1266.0 1794.0 1264.0 1796.0 1262.0 1796.0 1260.0 1798.0 1258.0 1798.0 1256.0 1800.0 1254.0 1800.0 1252.0 1802.0 1248.0 1802.0 1246.0 1804.0 1242.0 1804.0 1240.0 1806.0 1236.0 1806.0 1234.0 1808.0 1230.0 1808.0 1228.0 1810.0 1224.0 1810.0 1222.0 1812.0 1218.0 1812.0 1216.0 1814.0 1212.0 1814.0 1210.0 1816.0 1204.0 1816.0 1202.0 1818.0 1194.0 1818.0 1192.0 1820.0 1186.0 1820.0 1184.0 1822.0 1180.0 1822.0 1178.0 1824.0 1172.0 1824.0 1170.0 1826.0 1162.0 1826.0 1160.0 1828.0 1152.0 1828.0 1150.0 1830.0 1144.0 1830.0 1142.0 1832.0 1136.0 1832.0 1134.0 1834.0 1128.0 1834.0 1126.0 1836.0 1122.0 1836.0 1120.0 1838.0 1116.0 1838.0 1114.0 1840.0 1112.0 1840.0 1110.0 1842.0 1106.0 1842.0 1104.0 1844.0 1102.0 1844.0 1100.0 1846.0 1098.0 1846.0 1096.0 1848.0 1094.0 1848.0 1092.0 1850.0 1088.0 1850.0 1086.0 1852.0 1084.0 1852.0 1082.0 1854.0 1080.0 1854.0 1078.0 1856.0 1076.0 1856.0 1074.0 1858.0 1070.0 1858.0 1068.0 1860.0 1064.0 1860.0 1062.0 1862.0 1054.0 1862.0 1052.0 1864.0 1044.0 1864.0 1042.0 1866.0 1036.0 1866.0 1034.0 1868.0 1032.0 1868.0 1030.0 1870.0 1026.0 1870.0 1024.0 1872.0 1022.0 1872.0 1020.0 1874.0 1018.0 1874.0 1016.0 1876.0 1014.0 1876.0 1012.0 1878.0 1008.0 1878.0 1006.0 1880.0 1004.0 1880.0 1002.0 1882.0 1000.0 1882.0 998.0 1884.0 996.0 1884.0 994.0 1886.0 992.0 1886.0 990.0 1888.0 986.0 1888.0 984.0 1890.0 982.0 1890.0 980.0 1892.0 976.0 1892.0 974.0 1894.0 970.0 1894.0 968.0 1896.0 962.0 1896.0 960.0 1898.0 952.0 1898.0 950.0 1900.0 946.0 1900.0 944.0 1902.0 940.0 1902.0 938.0 1904.0 936.0 1904.0 934.0 1906.0 932.0 1906.0 930.0 1908.0 924.0 1908.0 924.0 1950.0 930.0 1950.0 934.0 1954.0 934.0 1958.0 936.0 1960.0 936.0 1966.0 938.0 1968.0 938.0 1974.0 940.0 1976.0 940.0 1980.0 942.0 1982.0 942.0 1988.0 944.0 1990.0 944.0 1994.0 946.0 1996.0 946.0 2000.0 948.0 2002.0 948.0 2006.0 950.0 2008.0 950.0 2016.0 952.0 2018.0 952.0 2026.0 954.0 2028.0 954.0 2034.0 956.0 2036.0 956.0 2046.0 1466.0 2046.0 1466.0 2044.0 1460.0 2044.0 1458.0 2042.0 1458.0 2040.0 1456.0 2038.0 1456.0 2034.0 1454.0 2032.0 1454.0 2028.0 1452.0 2026.0 1452.0 2022.0 1450.0 2020.0 1450.0 2016.0 1448.0 2014.0 1448.0 2012.0 1446.0 2010.0 1446.0 2006.0 1444.0 2004.0 1444.0 1998.0 1442.0 1996.0 1442.0 1990.0 1440.0 1988.0 1440.0 1982.0 1438.0 1980.0 1438.0 1974.0 1436.0 1972.0 1436.0 1968.0 1434.0 1966.0 1434.0 1964.0 1432.0 1962.0 1432.0 1960.0 1430.0 1958.0 1430.0 1954.0 1428.0 1952.0 1428.0 1950.0 1426.0 1948.0 1426.0 1944.0 1424.0 1942.0 1424.0 1938.0 1422.0 1936.0 1422.0 1932.0 1420.0 1930.0 1420.0 1926.0 1418.0 1924.0 1418.0 1920.0 1416.0 1918.0 1416.0 1916.0 1414.0 1914.0 1414.0 1910.0 1412.0 1908.0 1412.0 1904.0 1410.0 1902.0 1410.0 1898.0 1408.0 1896.0 1408.0 1892.0 1406.0 1890.0 1406.0 1884.0 1404.0 1882.0 1404.0 1876.0 1402.0 1874.0 1402.0 1870.0 1400.0 1868.0 1400.0 1866.0 1398.0 1864.0 1398.0 1860.0 1396.0 1858.0 1396.0 1852.0 1394.0 1850.0 1394.0 1846.0 1392.0 1844.0 1392.0 1840.0 1390.0 1838.0 1390.0 1832.0 1388.0 1830.0 1388.0 1824.0 1386.0 1822.0 1386.0 1820.0 1384.0 1818.0 1384.0 1814.0 1382.0 1812.0 1382.0 1808.0 1380.0 1806.0 1380.0 1802.0 1378.0 1800.0 1378.0 1796.0 1376.0 1794.0 1376.0 1786.0 1374.0 1784.0 1374.0 1778.0 1372.0 1776.0 1372.0 1774.0 1370.0 1772.0 1370.0 1764.0 0.9420121908187866
1752.0 1564.0 1752.0 1570.0 1750.0 1572.0 1748.0 1572.0 1746.0 1574.0 1744.0 1574.0 1742.0 1576.0 1740.0 1576.0 1738.0 1578.0 1734.0 1578.0 1732.0 1580.0 1730.0 1580.0 1728.0 1582.0 1726.0 1582.0 1722.0 1586.0 1720.0 1586.0 1718.0 1588.0 1716.0 1588.0 1714.0 1590.0 1712.0 1590.0 1710.0 1592.0 1708.0 1592.0 1706.0 1594.0 1702.0 1594.0 1700.0 1596.0 1698.0 1596.0 1696.0 1598.0 1694.0 1598.0 1692.0 1600.0 1688.0 1600.0 1686.0 1602.0 1684.0 1602.0 1682.0 1604.0 1680.0 1604.0 1678.0 1606.0 1676.0 1606.0 1674.0 1608.0 1670.0 1608.0 1668.0 1610.0 1666.0 1610.0 1664.0 1612.0 1660.0 1612.0 1658.0 1614.0 1656.0 1614.0 1654.0 1616.0 1652.0 1616.0 1650.0 1618.0 1648.0 1618.0 1646.0 1620.0 1642.0 1620.0 1640.0 1622.0 1638.0 1622.0 1636.0 1624.0 1634.0 1624.0 1632.0 1626.0 1626.0 1626.0 1624.0 1628.0 1620.0 1628.0 1618.0 1630.0 1616.0 1630.0 1614.0 1632.0 1612.0 1632.0 1610.0 1634.0 1608.0 1634.0 1606.0 1636.0 1602.0 1636.0 1600.0 1638.0 1596.0 1638.0 1594.0 1640.0 1588.0 1640.0 1586.0 1642.0 1582.0 1642.0 1580.0 1644.0 1578.0 1644.0 1576.0 1646.0 1574.0 1646.0 1572.0 1648.0 1570.0 1648.0 1568.0 1650.0 1564.0 1650.0 1562.0 1652.0 1560.0 1652.0 1556.0 1656.0 1552.0 1656.0 1550.0 1658.0 1546.0 1658.0 1544.0 1660.0 1540.0 1660.0 1538.0 1662.0 1536.0 1662.0 1534.0 1664.0 1532.0 1664.0 1530.0 1666.0 1528.0 1666.0 1526.0 1668.0 1524.0 1668.0 1522.0 1670.0 1520.0 1670.0 1518.0 1672.0 1516.0 1672.0 1514.0 1674.0 1512.0 1674.0 1510.0 1676.0 1508.0 1676.0 1506.0 1678.0 1504.0 1678.0 1502.0 1680.0 1498.0 1680.0 1494.0 1684.0 1492.0 1684.0 1488.0 1688.0 1486.0 1688.0 1484.0 1690.0 1482.0 1690.0 1478.0 1694.0 1476.0 1694.0 1474.0 1696.0 1470.0 1696.0 1468.0 1698.0 1466.0 1698.0 1464.0 1700.0 1462.0 1700.0 1460.0 1702.0 1456.0 1702.0 1454.0 1704.0 1450.0 1704.0 1448.0 1706.0 1444.0 1706.0 1442.0 1708.0 1436.0 1708.0 1434.0 1710.0 1428.0 1710.0 1426.0 1712.0 1422.0 1712.0 1420.0 1714.0 1418.0 1714.0 1416.0 1716.0 1414.0 1716.0 1412.0 1718.0 1410.0 1718.0 1408.0 1720.0 1404.0 1720.0 1402.0 1722.0 1398.0 1722.0 1396.0 1724.0 1390.0 1724.0 1388.0 1726.0 1386.0 1726.0 1384.0 1728.0 1382.0 1728.0 1380.0 1730.0 1372.0 1730.0 1372.0 1766.0 1380.0 1766.0 1386.0 1772.0 1386.0 1774.0 1388.0 1776.0 1388.0 1778.0 1390.0 1780.0 1392.0 1780.0 1398.0 1786.0 1398.0 1790.0 1400.0 1792.0 1400.0 1798.0 1402.0 1800.0 1402.0 1806.0 1404.0 1808.0 1404.0 1812.0 1406.0 1814.0 1406.0 1816.0 1408.0 1818.0 1408.0 1820.0 1410.0 1822.0 1410.0 1826.0 1414.0 1830.0 1414.0 1832.0 1416.0 1834.0 1416.0 1838.0 1418.0 1840.0 1418.0 1844.0 1420.0 1846.0 1420.0 1848.0 1426.0 1854.0 1426.0 1856.0 1442.0 1872.0 1442.0 1874.0 1450.0 1874.0 1458.0 1866.0 1464.0 1866.0 1466.0 1864.0 1472.0 1864.0 1474.0 1866.0 1476.0 1866.0 1478.0 1868.0 1478.0 1870.0 1476.0 1872.0 1476.0 1874.0 1472.0 1878.0 1470.0 1878.0 1470.0 1880.0 1454.0 1896.0 1454.0 1926.0 1456.0 1928.0 1456.0 1934.0 1458.0 1936.0 1458.0 1940.0 1460.0 1942.0 1460.0 1944.0 1462.0 1946.0 1462.0 1952.0 1464.0 1954.0 1464.0 1958.0 1466.0 1960.0 1466.0 1972.0 1468.0 1974.0 1468.0 1986.0 1470.0 1988.0 1470.0 1990.0 1472.0 1992.0 1472.0 1998.0 1474.0 2000.0 1474.0 2004.0 1476.0 2006.0 1476.0 2008.0 1482.0 2014.0 1482.0 2018.0 1484.0 2020.0 1484.0 2022.0 1492.0 2030.0 1492.0 2032.0 1494.0 2034.0 1494.0 2036.0 1500.0 2042.0 1500.0 2046.0 1726.0 2046.0 1726.0 2044.0 1728.0 2042.0 1734.0 2042.0 1736.0 2040.0 1768.0 2040.0 1770.0 2038.0 1776.0 2038.0 1778.0 2036.0 1780.0 2036.0 1782.0 2034.0 1784.0 2034.0 1786.0 2032.0 1788.0 2032.0 1790.0 2030.0 1792.0 2030.0 1794.0 2028.0 1796.0 2028.0 1800.0 2024.0 1800.0 2022.0 1810.0 2012.0 1812.0 2012.0 1816.0 2008.0 1818.0 2008.0 1820.0 2006.0 1822.0 2006.0 1824.0 2004.0 1826.0 2004.0 1834.0 1996.0 1836.0 1996.0 1840.0 1992.0 1842.0 1992.0 1844.0 1990.0 1846.0 1990.0 1848.0 1988.0 1850.0 1988.0 1852.0 1986.0 1854.0 1986.0 1858.0 1982.0 1860.0 1982.0 1862.0 1980.0 1870.0 1980.0 1872.0 1978.0 1878.0 1978.0 1880.0 1976.0 1884.0 1976.0 1886.0 1974.0 1888.0 1974.0 1890.0 1972.0 1892.0 1972.0 1894.0 1970.0 1894.0 1968.0 1900.0 1962.0 1900.0 1960.0 1904.0 1956.0 1904.0 1950.0 1906.0 1948.0 1906.0 1940.0 1912.0 1934.0 1914.0 1934.0 1914.0 1932.0 1922.0 1924.0 1930.0 1924.0 1930.0 1876.0 1924.0 1876.0 1920.0 1872.0 1920.0 1870.0 1918.0 1868.0 1918.0 1862.0 1916.0 1860.0 1916.0 1850.0 1914.0 1848.0 1914.0 1840.0 1912.0 1838.0 1912.0 1836.0 1910.0 1834.0 1910.0 1832.0 1908.0 1830.0 1908.0 1826.0 1904.0 1822.0 1904.0 1820.0 1898.0 1814.0 1898.0 1812.0 1892.0 1806.0 1892.0 1802.0 1890.0 1800.0 1890.0 1798.0 1886.0 1794.0 1886.0 1792.0 1884.0 1790.0 1884.0 1786.0 1882.0 1784.0 1882.0 1780.0 1878.0 1776.0 1878.0 1774.0 1876.0 1772.0 1876.0 1768.0 1874.0 1766.0 1874.0 1762.0 1872.0 1760.0 1872.0 1758.0 1870.0 1756.0 1870.0 1754.0 1868.0 1752.0 1868.0 1748.0 1866.0 1746.0 1866.0 1744.0 1864.0 1742.0 1864.0 1740.0 1860.0 1736.0 1860.0 1734.0 1856.0 1730.0 1856.0 1728.0 1854.0 1726.0 1854.0 1724.0 1852.0 1722.0 1852.0 1720.0 1850.0 1718.0 1850.0 1716.0 1846.0 1712.0 1846.0 1708.0 1844.0 1706.0 1844.0 1704.0 1842.0 1702.0 1842.0 1698.0 1838.0 1694.0 1838.0 1690.0 1836.0 1688.0 1836.0 1686.0 1834.0 1684.0 1834.0 1682.0 1830.0 1678.0 1830.0 1674.0 1828.0 1672.0 1828.0 1670.0 1826.0 1668.0 1826.0 1666.0 1824.0 1664.0 1824.0 1662.0 1822.0 1660.0 1822.0 1658.0 1820.0 1656.0 1820.0 1652.0 1818.0 1650.0 1818.0 1646.0 1816.0 1644.0 1816.0 1642.0 1814.0 1640.0 1814.0 1638.0 1812.0 1636.0 1812.0 1630.0 1810.0 1628.0 1810.0 1626.0 1808.0 1624.0 1808.0 1620.0 1806.0 1618.0 1806.0 1612.0 1804.0 1610.0 1804.0 1600.0 1802.0 1598.0 1802.0 1592.0 1800.0 1590.0 1800.0 1588.0 1796.0 1584.0 1796.0 1582.0 1794.0 1580.0 1794.0 1578.0 1792.0 1578.0 1784.0 1570.0 1784.0 1564.0 0.9139291048049927
1364.0 700.0 1364.0 706.0 1362.0 708.0 1358.0 708.0 1356.0 710.0 1350.0 710.0 1348.0 712.0 1344.0 712.0 1342.0 714.0 1336.0 714.0 1334.0 716.0 1330.0 716.0 1328.0 718.0 1324.0 718.0 1322.0 720.0 1318.0 720.0 1316.0 722.0 1312.0 722.0 1310.0 724.0 1306.0 724.0 1304.0 726.0 1302.0 726.0 1300.0 728.0 1298.0 728.0 1296.0 730.0 1292.0 730.0 1290.0 732.0 1286.0 732.0 1284.0 734.0 1278.0 734.0 1276.0 736.0 1272.0 736.0 1270.0 738.0 1266.0 738.0 1264.0 740.0 1258.0 740.0 1256.0 742.0 1246.0 742.0 1244.0 744.0 1240.0 744.0 1238.0 746.0 1236.0 746.0 1234.0 748.0 1232.0 748.0 1230.0 750.0 1228.0 750.0 1226.0 752.0 1224.0 752.0 1222.0 754.0 1220.0 754.0 1218.0 756.0 1212.0 756.0 1210.0 758.0 1208.0 758.0 1206.0 760.0 1202.0 760.0 1200.0 762.0 1138.0 762.0 1136.0 760.0 1130.0 760.0 1128.0 758.0 1118.0 758.0 1116.0 760.0 1108.0 760.0 1106.0 762.0 1102.0 762.0 1100.0 764.0 1094.0 764.0 1088.0 770.0 1086.0 770.0 1084.0 772.0 1076.0 772.0 1070.0 778.0 1068.0 778.0 1066.0 780.0 1064.0 780.0 1062.0 782.0 1060.0 782.0 1058.0 784.0 1056.0 784.0 1054.0 786.0 1052.0 786.0 1050.0 788.0 1040.0 788.0 1038.0 790.0 1034.0 790.0 1032.0 792.0 1030.0 792.0 1028.0 794.0 1026.0 794.0 1024.0 796.0 1022.0 796.0 1020.0 798.0 1018.0 798.0 1016.0 800.0 1014.0 800.0 1012.0 802.0 1004.0 802.0 1002.0 804.0 990.0 804.0 988.0 806.0 982.0 806.0 980.0 808.0 974.0 808.0 972.0 810.0 968.0 810.0 966.0 812.0 962.0 812.0 960.0 814.0 958.0 814.0 956.0 816.0 954.0 816.0 952.0 818.0 950.0 818.0 948.0 820.0 944.0 820.0 942.0 822.0 940.0 822.0 938.0 824.0 936.0 824.0 934.0 826.0 930.0 826.0 928.0 828.0 922.0 828.0 920.0 830.0 916.0 830.0 914.0 832.0 912.0 832.0 910.0 834.0 908.0 834.0 906.0 836.0 904.0 836.0 902.0 838.0 900.0 838.0 898.0 840.0 894.0 840.0 892.0 842.0 890.0 842.0 888.0 844.0 886.0 844.0 884.0 846.0 882.0 846.0 880.0 848.0 878.0 848.0 876.0 850.0 874.0 850.0 872.0 852.0 868.0 852.0 866.0 854.0 856.0 854.0 854.0 856.0 846.0 856.0 844.0 858.0 840.0 858.0 838.0 860.0 832.0 860.0 830.0 862.0 826.0 862.0 824.0 864.0 822.0 864.0 820.0 866.0 818.0 866.0 816.0 868.0 812.0 868.0 810.0 870.0 806.0 870.0 804.0 872.0 800.0 872.0 798.0 874.0 794.0 874.0 792.0 876.0 790.0 876.0 778.0 888.0 778.0 890.0 776.0 892.0 774.0 892.0 772.0 894.0 768.0 894.0 766.0 896.0 754.0 896.0 752.0 898.0 750.0 898.0 748.0 900.0 746.0 900.0 744.0 902.0 742.0 902.0 740.0 904.0 732.0 904.0 732.0 962.0 738.0 962.0 742.0 966.0 742.0 968.0 746.0 972.0 746.0 974.0 748.0 976.0 748.0 980.0 750.0 982.0 750.0 986.0 752.0 988.0 752.0 994.0 754.0 996.0 754.0 1000.0 756.0 1002.0 756.0 1006.0 758.0 1008.0 758.0 1012.0 760.0 1014.0 760.0 1018.0 762.0 1020.0 762.0 1024.0 764.0 1026.0 764.0 1030.0 766.0 1032.0 766.0 1034.0 768.0 1036.0 768.0 1038.0 770.0 1040.0 770.0 1042.0 776.0 1048.0 776.0 1074.0 778.0 1076.0 778.0 1086.0 780.0 1088.0 780.0 1094.0 782.0 1096.0 782.0 1102.0 784.0 1104.0 784.0 1108.0 786.0 1110.0 786.0 1116.0 788.0 1118.0 788.0 1120.0 790.0 1122.0 790.0 1126.0 792.0 1128.0 792.0 1130.0 794.0 1132.0 794.0 1136.0 796.0 1138.0 796.0 1140.0 798.0 1142.0 798.0 1146.0 800.0 1148.0 800.0 1152.0 802.0 1154.0 802.0 1156.0 804.0 1158.0 804.0 1162.0 806.0 1164.0 806.0 1168.0 808.0 1170.0 808.0 1174.0 810.0 1176.0 810.0 1184.0 812.0 1186.0 812.0 1192.0 814.0 1194.0 814.0 1206.0 816.0 1208.0 816.0 1234.0 814.0 1236.0 814.0 1242.0 900.0 1242.0 900.0 1236.0 902.0 1234.0 914.0 1234.0 916.0 1232.0 922.0 1232.0 924.0 1230.0 926.0 1230.0 930.0 1226.0 932.0 1226.0 934.0 1224.0 938.0 1224.0 940.0 1222.0 942.0 1222.0 944.0 1220.0 946.0 1220.0 948.0 1218.0 950.0 1218.0 952.0 1216.0 954.0 1216.0 956.0 1214.0 958.0 1214.0 960.0 1212.0 964.0 1212.0 966.0 1210.0 970.0 1210.0 972.0 1208.0 978.0 1208.0 980.0 1206.0 1032.0 1206.0 1034.0 1208.0 1042.0 1208.0 1044.0 1206.0 1058.0 1206.0 1060.0 1204.0 1066.0 1204.0 1068.0 1202.0 1078.0 1202.0 1080.0 1200.0 1084.0 1200.0 1086.0 1198.0 1090.0 1198.0 1092.0 1196.0 1094.0 1196.0 1096.0 1194.0 1098.0 1194.0 1122.0 1170.0 1124.0 1170.0 1126.0 1168.0 1130.0 1168.0 1132.0 1166.0 1150.0 1166.0 1152.0 1168.0 1156.0 1168.0 1162.0 1174.0 1170.0 1174.0 1174.0 1170.0 1174.0 1164.0 1176.0 1162.0 1178.0 1162.0 1180.0 1160.0 1182.0 1160.0 1184.0 1158.0 1186.0 1158.0 1192.0 1152.0 1194.0 1152.0 1202.0 1144.0 1204.0 1144.0 1206.0 1142.0 1208.0 1142.0 1212.0 1138.0 1214.0 1138.0 1216.0 1136.0 1220.0 1136.0 1222.0 1134.0 1226.0 1134.0 1228.0 1132.0 1234.0 1132.0 1236.0 1130.0 1240.0 1130.0 1242.0 1128.0 1250.0 1128.0 1252.0 1126.0 1256.0 1126.0 1258.0 1124.0 1264.0 1124.0 1266.0 1122.0 1286.0 1122.0 1288.0 1124.0 1294.0 1124.0 1296.0 1122.0 1302.0 1122.0 1306.0 1118.0 1316.0 1118.0 1318.0 1116.0 1334.0 1116.0 1336.0 1114.0 1342.0 1114.0 1344.0 1112.0 1348.0 1112.0 1350.0 1110.0 1354.0 1110.0 1356.0 1108.0 1364.0 1108.0 1366.0 1106.0 1370.0 1106.0 1372.0 1104.0 1374.0 1104.0 1376.0 1102.0 1378.0 1102.0 1380.0 1100.0 1382.0 1100.0 1384.0 1098.0 1386.0 1098.0 1398.0 1086.0 1400.0 1086.0 1404.0 1082.0 1410.0 1082.0 1412.0 1080.0 1426.0 1080.0 1428.0 1078.0 1446.0 1078.0 1448.0 1076.0 1460.0 1076.0 1462.0 1074.0 1466.0 1074.0 1468.0 1072.0 1474.0 1072.0 1476.0 1070.0 1478.0 1070.0 1480.0 1068.0 1482.0 1068.0 1484.0 1066.0 1488.0 1066.0 1490.0 1064.0 1492.0 1064.0 1494.0 1062.0 1496.0 1062.0 1498.0 1060.0 1500.0 1060.0 1502.0 1058.0 1506.0 1058.0 1518.0 1046.0 1520.0 1046.0 1524.0 1042.0 1526.0 1042.0 1526.0 1040.0 1530.0 1036.0 1530.0 1034.0 1536.0 1028.0 1546.0 1028.0 1546.0 972.0 1540.0 972.0 1534.0 966.0 1534.0 964.0 1532.0 962.0 1532.0 960.0 1530.0 958.0 1530.0 954.0 1528.0 952.0 1528.0 950.0 1526.0 948.0 1526.0 944.0 1524.0 942.0 1524.0 938.0 1522.0 936.0 1522.0 934.0 1520.0 932.0 1520.0 928.0 1518.0 926.0 1518.0 920.0 1516.0 918.0 1516.0 916.0 1514.0 914.0 1514.0 904.0 1512.0 902.0 1512.0 890.0 1522.0 880.0 1526.0 880.0 1528.0 878.0 1530.0 878.0 1532.0 876.0 1532.0 872.0 1534.0 870.0 1534.0 860.0 1532.0 858.0 1532.0 850.0 1530.0 848.0 1530.0 842.0 1528.0 840.0 1528.0 836.0 1526.0 834.0 1526.0 830.0 1524.0 828.0 1524.0 824.0 1522.0 822.0 1522.0 820.0 1520.0 818.0 1520.0 816.0 1518.0 814.0 1518.0 806.0 1516.0 804.0 1516.0 772.0 1514.0 770.0 1514.0 764.0 1512.0 762.0 1512.0 760.0 1510.0 758.0 1510.0 754.0 1508.0 752.0 1508.0 748.0 1506.0 746.0 1506.0 742.0 1504.0 740.0 1504.0 738.0 1502.0 736.0 1502.0 730.0 1500.0 728.0 1500.0 722.0 1498.0 720.0 1498.0 718.0 1488.0 708.0 1488.0 700.0 0.8698082566261292
2022.0 476.0 2022.0 482.0 2016.0 488.0 2014.0 488.0 2012.0 490.0 2010.0 490.0 2008.0 492.0 2006.0 492.0 2002.0 496.0 2000.0 496.0 1998.0 498.0 1996.0 498.0 1992.0 502.0 1990.0 502.0 1988.0 504.0 1984.0 504.0 1982.0 506.0 1976.0 506.0 1974.0 508.0 1966.0 508.0 1964.0 510.0 1960.0 510.0 1958.0 512.0 1954.0 512.0 1952.0 514.0 1948.0 514.0 1946.0 516.0 1942.0 516.0 1940.0 518.0 1938.0 518.0 1936.0 520.0 1934.0 520.0 1932.0 522.0 1928.0 522.0 1926.0 524.0 1924.0 524.0 1922.0 526.0 1920.0 526.0 1916.0 530.0 1914.0 530.0 1912.0 532.0 1910.0 532.0 1892.0 550.0 1890.0 550.0 1888.0 552.0 1886.0 552.0 1884.0 554.0 1880.0 554.0 1878.0 556.0 1876.0 556.0 1874.0 558.0 1872.0 558.0 1870.0 560.0 1868.0 560.0 1866.0 562.0 1864.0 562.0 1860.0 566.0 1858.0 566.0 1856.0 568.0 1852.0 568.0 1850.0 570.0 1848.0 570.0 1846.0 572.0 1842.0 572.0 1838.0 576.0 1836.0 576.0 1830.0 582.0 1828.0 582.0 1826.0 584.0 1824.0 584.0 1822.0 586.0 1812.0 586.0 1812.0 612.0 1818.0 612.0 1822.0 616.0 1822.0 618.0 1824.0 620.0 1824.0 622.0 1826.0 624.0 1826.0 626.0 1828.0 628.0 1828.0 630.0 1830.0 632.0 1830.0 634.0 1832.0 636.0 1832.0 640.0 1834.0 642.0 1834.0 644.0 1838.0 648.0 1838.0 650.0 1840.0 652.0 1840.0 654.0 1842.0 656.0 1842.0 658.0 1844.0 660.0 1844.0 662.0 1848.0 666.0 1848.0 668.0 1850.0 670.0 1850.0 672.0 1854.0 676.0 1854.0 678.0 1858.0 682.0 1858.0 684.0 1862.0 688.0 1862.0 690.0 1864.0 692.0 1864.0 694.0 1866.0 696.0 1866.0 698.0 1868.0 700.0 1868.0 702.0 1870.0 704.0 1870.0 706.0 1874.0 710.0 1874.0 712.0 1878.0 716.0 1880.0 716.0 1882.0 718.0 1894.0 718.0 1896.0 716.0 1900.0 716.0 1902.0 714.0 1906.0 714.0 1908.0 712.0 1912.0 712.0 1914.0 710.0 1918.0 710.0 1920.0 708.0 1922.0 708.0 1924.0 706.0 1928.0 706.0 1930.0 704.0 1932.0 704.0 1934.0 702.0 1936.0 702.0 1938.0 700.0 1940.0 700.0 1942.0 698.0 1944.0 698.0 1946.0 696.0 1950.0 696.0 1952.0 694.0 1954.0 694.0 1956.0 692.0 1958.0 692.0 1962.0 688.0 1964.0 688.0 1966.0 686.0 1968.0 686.0 1970.0 684.0 1972.0 684.0 1974.0 682.0 1976.0 682.0 1978.0 680.0 1980.0 680.0 1982.0 678.0 1986.0 678.0 1988.0 676.0 1990.0 676.0 1992.0 674.0 1994.0 674.0 1996.0 672.0 2000.0 672.0 2002.0 670.0 2004.0 670.0 2008.0 666.0 2010.0 666.0 2012.0 664.0 2014.0 664.0 2016.0 662.0 2018.0 662.0 2020.0 660.0 2026.0 660.0 2030.0 664.0 2032.0 664.0 2044.0 676.0 2046.0 676.0 2046.0 476.0 0.8182023167610168
2026.0 476.0 2026.0 482.0 2022.0 486.0 2020.0 486.0 2016.0 490.0 2014.0 490.0 2012.0 492.0 2010.0 492.0 2008.0 494.0 2006.0 494.0 2004.0 496.0 2002.0 496.0 2000.0 498.0 1998.0 498.0 1994.0 502.0 1992.0 502.0 1990.0 504.0 1986.0 504.0 1984.0 506.0 1980.0 506.0 1978.0 508.0 1972.0 508.0 1970.0 510.0 1964.0 510.0 1962.0 512.0 1958.0 512.0 1956.0 514.0 1952.0 514.0 1950.0 516.0 1946.0 516.0 1944.0 518.0 1940.0 518.0 1938.0 520.0 1936.0 520.0 1934.0 522.0 1930.0 522.0 1928.0 524.0 1926.0 524.0 1924.0 526.0 1922.0 526.0 1920.0 528.0 1918.0 528.0 1916.0 530.0 1914.0 530.0 1908.0 536.0 1906.0 536.0 1892.0 550.0 1890.0 550.0 1888.0 552.0 1886.0 552.0 1884.0 554.0 1882.0 554.0 1880.0 556.0 1878.0 556.0 1876.0 558.0 1874.0 558.0 1872.0 560.0 1870.0 560.0 1868.0 562.0 1866.0 562.0 1864.0 564.0 1862.0 564.0 1860.0 566.0 1858.0 566.0 1856.0 568.0 1852.0 568.0 1850.0 570.0 1848.0 570.0 1846.0 572.0 1844.0 572.0 1842.0 574.0 1840.0 574.0 1838.0 576.0 1836.0 576.0 1832.0 580.0 1830.0 580.0 1828.0 582.0 1820.0 582.0 1820.0 630.0 1826.0 630.0 1830.0 634.0 1830.0 638.0 1832.0 640.0 1832.0 642.0 1834.0 644.0 1834.0 646.0 1836.0 648.0 1836.0 650.0 1838.0 652.0 1838.0 654.0 1842.0 658.0 1842.0 660.0 1844.0 662.0 1844.0 664.0 1848.0 668.0 1848.0 670.0 1850.0 672.0 1850.0 674.0 1852.0 676.0 1852.0 678.0 1856.0 682.0 1856.0 684.0 1860.0 688.0 1860.0 690.0 1864.0 694.0 1864.0 696.0 1866.0 698.0 1866.0 702.0 1870.0 706.0 1870.0 708.0 1874.0 712.0 1874.0 714.0 1878.0 718.0 1880.0 718.0 1882.0 720.0 1892.0 720.0 1894.0 718.0 1902.0 718.0 1904.0 716.0 1906.0 716.0 1908.0 714.0 1912.0 714.0 1914.0 712.0 1922.0 712.0 1924.0 710.0 1938.0 710.0 1940.0 708.0 1942.0 708.0 1946.0 704.0 1954.0 704.0 1954.0 700.0 1956.0 698.0 1958.0 698.0 1960.0 696.0 1964.0 696.0 1970.0 690.0 1974.0 690.0 1976.0 688.0 1978.0 688.0 1980.0 686.0 1982.0 688.0 1984.0 688.0 1988.0 692.0 1988.0 700.0 1978.0 710.0 1976.0 710.0 1974.0 712.0 1972.0 712.0 1970.0 714.0 1968.0 714.0 1966.0 716.0 1956.0 716.0 1952.0 720.0 1950.0 720.0 1946.0 724.0 1944.0 724.0 1940.0 728.0 1940.0 730.0 1932.0 738.0 1932.0 752.0 1934.0 754.0 1934.0 770.0 1936.0 772.0 1936.0 774.0 1938.0 776.0 1938.0 778.0 1940.0 780.0 1942.0 780.0 1944.0 782.0 1946.0 782.0 1948.0 784.0 1960.0 784.0 1962.0 786.0 1964.0 784.0 1974.0 784.0 1976.0 786.0 1976.0 788.0 1972.0 792.0 1972.0 794.0 1968.0 798.0 1966.0 798.0 1962.0 802.0 1962.0 814.0 1964.0 816.0 1964.0 818.0 1974.0 828.0 1976.0 828.0 1978.0 830.0 1978.0 832.0 1980.0 834.0 1982.0 834.0 1994.0 846.0 1994.0 848.0 1996.0 850.0 1996.0 852.0 2002.0 858.0 2002.0 860.0 2004.0 862.0 2004.0 864.0 2006.0 866.0 2006.0 868.0 2008.0 870.0 2008.0 872.0 2010.0 874.0 2010.0 876.0 2012.0 878.0 2012.0 880.0 2018.0 886.0 2018.0 888.0 2024.0 894.0 2024.0 896.0 2034.0 906.0 2034.0 908.0 2044.0 918.0 2046.0 918.0 2046.0 792.0 2042.0 792.0 2036.0 798.0 2034.0 798.0 2030.0 802.0 2030.0 804.0 2028.0 806.0 2028.0 810.0 2026.0 812.0 2026.0 814.0 2024.0 816.0 2024.0 818.0 2020.0 822.0 2016.0 822.0 2012.0 818.0 2012.0 816.0 2014.0 814.0 2014.0 810.0 2016.0 808.0 2016.0 804.0 2018.0 802.0 2018.0 794.0 2020.0 792.0 2020.0 790.0 2022.0 788.0 2022.0 786.0 2024.0 784.0 2026.0 784.0 2028.0 782.0 2030.0 782.0 2032.0 780.0 2046.0 780.0 2046.0 476.0 0.7498552203178406
426.0 0.0 426.0 6.0 424.0 8.0 424.0 14.0 426.0 16.0 426.0 24.0 428.0 26.0 428.0 30.0 430.0 32.0 430.0 36.0 432.0 38.0 432.0 42.0 434.0 44.0 434.0 46.0 438.0 50.0 438.0 54.0 440.0 56.0 440.0 60.0 442.0 62.0 442.0 68.0 444.0 70.0 444.0 74.0 446.0 76.0 446.0 80.0 448.0 82.0 448.0 86.0 450.0 88.0 450.0 96.0 452.0 98.0 452.0 104.0 454.0 106.0 454.0 110.0 456.0 112.0 456.0 118.0 458.0 120.0 458.0 130.0 460.0 132.0 460.0 138.0 462.0 140.0 462.0 144.0 464.0 146.0 464.0 150.0 466.0 152.0 466.0 162.0 468.0 164.0 468.0 170.0 470.0 172.0 470.0 174.0 472.0 176.0 472.0 180.0 474.0 182.0 474.0 194.0 476.0 196.0 476.0 200.0 478.0 202.0 478.0 206.0 480.0 208.0 480.0 212.0 482.0 214.0 482.0 220.0 484.0 222.0 484.0 228.0 486.0 230.0 486.0 234.0 488.0 236.0 488.0 244.0 490.0 246.0 490.0 258.0 492.0 260.0 492.0 266.0 494.0 268.0 494.0 272.0 496.0 274.0 496.0 278.0 498.0 280.0 498.0 290.0 500.0 292.0 500.0 298.0 502.0 300.0 502.0 304.0 504.0 306.0 504.0 312.0 506.0 314.0 506.0 324.0 508.0 326.0 508.0 332.0 510.0 334.0 510.0 338.0 512.0 340.0 512.0 348.0 514.0 350.0 514.0 362.0 516.0 364.0 516.0 372.0 518.0 374.0 518.0 384.0 520.0 386.0 520.0 394.0 522.0 396.0 522.0 398.0 524.0 400.0 524.0 402.0 526.0 404.0 528.0 404.0 530.0 406.0 536.0 406.0 538.0 408.0 556.0 408.0 558.0 406.0 570.0 406.0 572.0 404.0 578.0 404.0 580.0 402.0 586.0 402.0 588.0 400.0 594.0 400.0 596.0 398.0 602.0 398.0 604.0 396.0 610.0 396.0 612.0 394.0 618.0 394.0 620.0 392.0 626.0 392.0 628.0 390.0 634.0 390.0 636.0 388.0 640.0 388.0 642.0 386.0 646.0 386.0 648.0 384.0 650.0 384.0 652.0 382.0 656.0 382.0 658.0 380.0 660.0 380.0 662.0 378.0 666.0 378.0 668.0 376.0 674.0 376.0 676.0 374.0 682.0 374.0 684.0 372.0 690.0 372.0 692.0 370.0 696.0 370.0 698.0 368.0 702.0 368.0 704.0 366.0 708.0 366.0 710.0 364.0 716.0 364.0 718.0 362.0 722.0 362.0 724.0 360.0 726.0 360.0 728.0 358.0 730.0 358.0 732.0 356.0 736.0 356.0 738.0 354.0 740.0 354.0 744.0 350.0 746.0 350.0 750.0 346.0 752.0 346.0 754.0 344.0 756.0 344.0 758.0 342.0 760.0 342.0 762.0 340.0 766.0 340.0 768.0 338.0 772.0 338.0 774.0 336.0 778.0 336.0 780.0 334.0 784.0 334.0 786.0 332.0 790.0 332.0 792.0 330.0 796.0 330.0 798.0 328.0 802.0 328.0 804.0 326.0 808.0 326.0 810.0 324.0 816.0 324.0 818.0 322.0 820.0 322.0 822.0 320.0 826.0 320.0 828.0 318.0 832.0 318.0 834.0 316.0 838.0 316.0 840.0 314.0 844.0 314.0 846.0 312.0 850.0 312.0 852.0 310.0 858.0 310.0 860.0 308.0 864.0 308.0 866.0 306.0 868.0 306.0 870.0 304.0 874.0 304.0 876.0 302.0 878.0 302.0 880.0 300.0 882.0 300.0 884.0 298.0 886.0 298.0 888.0 296.0 890.0 296.0 892.0 294.0 894.0 294.0 896.0 292.0 898.0 292.0 900.0 290.0 902.0 290.0 906.0 286.0 908.0 286.0 910.0 284.0 914.0 284.0 916.0 282.0 920.0 282.0 922.0 280.0 926.0 280.0 928.0 278.0 936.0 278.0 938.0 276.0 944.0 276.0 946.0 274.0 950.0 274.0 952.0 272.0 956.0 272.0 958.0 270.0 960.0 270.0 962.0 268.0 966.0 268.0 968.0 266.0 972.0 266.0 974.0 264.0 976.0 264.0 978.0 262.0 980.0 262.0 982.0 260.0 986.0 260.0 990.0 256.0 992.0 256.0 994.0 254.0 998.0 254.0 1000.0 252.0 1004.0 252.0 1006.0 250.0 1012.0 250.0 1014.0 248.0 1036.0 248.0 1038.0 246.0 1056.0 246.0 1058.0 248.0 1064.0 248.0 1066.0 250.0 1074.0 250.0 1076.0 248.0 1088.0 248.0 1090.0 246.0 1096.0 246.0 1098.0 244.0 1104.0 244.0 1106.0 242.0 1110.0 242.0 1112.0 240.0 1118.0 240.0 1120.0 238.0 1124.0 238.0 1126.0 236.0 1128.0 236.0 1130.0 234.0 1138.0 234.0 1152.0 248.0 1154.0 248.0 1172.0 266.0 1172.0 268.0 1174.0 270.0 1174.0 272.0 1184.0 282.0 1184.0 284.0 1190.0 290.0 1190.0 292.0 1192.0 294.0 1192.0 296.0 1198.0 302.0 1198.0 304.0 1204.0 310.0 1204.0 312.0 1208.0 316.0 1208.0 318.0 1210.0 320.0 1210.0 322.0 1212.0 324.0 1212.0 326.0 1214.0 328.0 1214.0 338.0 1216.0 340.0 1216.0 348.0 1212.0 352.0 1208.0 352.0 1206.0 354.0 1200.0 354.0 1198.0 356.0 1194.0 356.0 1192.0 354.0 1190.0 354.0 1188.0 352.0 1186.0 352.0 1182.0 348.0 1180.0 348.0 1178.0 346.0 1176.0 346.0 1172.0 342.0 1160.0 342.0 1158.0 340.0 1148.0 340.0 1146.0 338.0 1144.0 338.0 1142.0 336.0 1136.0 336.0 1132.0 340.0 1132.0 344.0 1134.0 346.0 1134.0 350.0 1136.0 352.0 1136.0 356.0 1138.0 358.0 1138.0 362.0 1140.0 364.0 1140.0 366.0 1142.0 368.0 1142.0 370.0 1144.0 372.0 1144.0 374.0 1146.0 376.0 1146.0 378.0 1150.0 382.0 1150.0 384.0 1154.0 388.0 1154.0 390.0 1156.0 392.0 1156.0 394.0 1158.0 396.0 1158.0 398.0 1160.0 400.0 1160.0 404.0 1162.0 406.0 1162.0 412.0 1164.0 414.0 1164.0 426.0 1444.0 426.0 1444.0 412.0 1442.0 410.0 1442.0 406.0 1440.0 404.0 1440.0 398.0 1438.0 398.0 1430.0 390.0 1430.0 388.0 1428.0 386.0 1428.0 384.0 1426.0 382.0 1426.0 378.0 1424.0 376.0 1424.0 374.0 1422.0 372.0 1422.0 370.0 1426.0 366.0 1434.0 366.0 1440.0 372.0 1438.0 374.0 1438.0 380.0 1440.0 382.0 1440.0 384.0 1444.0 388.0 1446.0 388.0 1448.0 386.0 1452.0 386.0 1454.0 384.0 1456.0 384.0 1458.0 382.0 1458.0 376.0 1456.0 376.0 1452.0 372.0 1452.0 370.0 1454.0 368.0 1454.0 366.0 1456.0 364.0 1452.0 360.0 1450.0 360.0 1444.0 354.0 1446.0 352.0 1446.0 348.0 1444.0 346.0 1442.0 346.0 1440.0 344.0 1438.0 344.0 1434.0 340.0 1434.0 328.0 1432.0 326.0 1432.0 322.0 1434.0 320.0 1434.0 306.0 1432.0 304.0 1432.0 300.0 1430.0 298.0 1430.0 296.0 1424.0 290.0 1424.0 288.0 1426.0 286.0 1450.0 286.0 1452.0 284.0 1456.0 284.0 1464.0 276.0 1466.0 276.0 1472.0 270.0 1474.0 270.0 1476.0 268.0 1478.0 268.0 1480.0 266.0 1482.0 266.0 1486.0 262.0 1488.0 262.0 1490.0 260.0 1494.0 260.0 1496.0 258.0 1500.0 258.0 1502.0 256.0 1504.0 256.0 1506.0 254.0 1508.0 254.0 1510.0 252.0 1512.0 252.0 1516.0 248.0 1518.0 248.0 1522.0 244.0 1522.0 242.0 1526.0 238.0 1526.0 236.0 1528.0 234.0 1528.0 230.0 1532.0 226.0 1534.0 228.0 1538.0 228.0 1544.0 234.0 1544.0 236.0 1556.0 248.0 1556.0 250.0 1558.0 252.0 1558.0 254.0 1560.0 256.0 1560.0 264.0 1562.0 266.0 1562.0 272.0 1564.0 274.0 1564.0 278.0 1568.0 282.0 1568.0 292.0 1570.0 294.0 1570.0 296.0 1572.0 298.0 1572.0 304.0 1570.0 306.0 1570.0 310.0 1568.0 312.0 1568.0 316.0 1564.0 320.0 1564.0 322.0 1562.0 324.0 1562.0 326.0 1558.0 330.0 1558.0 332.0 1556.0 334.0 1556.0 344.0 1558.0 346.0 1558.0 352.0 1560.0 354.0 1560.0 356.0 1562.0 358.0 1562.0 362.0 1564.0 364.0 1564.0 366.0 1566.0 368.0 1566.0 370.0 1570.0 374.0 1570.0 376.0 1572.0 378.0 1572.0 380.0 1574.0 382.0 1574.0 384.0 1576.0 386.0 1576.0 388.0 1578.0 390.0 1578.0 392.0 1582.0 396.0 1582.0 398.0 1586.0 402.0 1586.0 404.0 1590.0 408.0 1590.0 410.0 1594.0 414.0 1594.0 416.0 1596.0 418.0 1596.0 426.0 1626.0 426.0 1626.0 0.0 1368.0 0.0 1368.0 2.0 1364.0 6.0 1362.0 6.0 1360.0 8.0 1356.0 8.0 1352.0 12.0 1348.0 12.0 1346.0 14.0 1342.0 14.0 1340.0 16.0 1338.0 16.0 1332.0 22.0 1328.0 22.0 1326.0 24.0 1324.0 24.0 1322.0 26.0 1320.0 26.0 1316.0 30.0 1312.0 30.0 1308.0 34.0 1306.0 34.0 1304.0 36.0 1302.0 36.0 1300.0 38.0 1298.0 38.0 1296.0 40.0 1294.0 40.0 1290.0 44.0 1288.0 44.0 1286.0 46.0 1284.0 46.0 1282.0 48.0 1280.0 48.0 1278.0 50.0 1276.0 50.0 1272.0 54.0 1270.0 54.0 1266.0 58.0 1264.0 58.0 1258.0 64.0 1256.0 62.0 1248.0 62.0 1246.0 60.0 1242.0 60.0 1238.0 56.0 1236.0 56.0 1232.0 52.0 1232.0 50.0 1230.0 48.0 1230.0 42.0 1232.0 40.0 1234.0 40.0 1240.0 34.0 1242.0 34.0 1244.0 32.0 1248.0 32.0 1250.0 30.0 1252.0 30.0 1256.0 26.0 1256.0 8.0 1254.0 6.0 1254.0 0.0 0.7389916777610779
4.0 4.0 4.0 114.0 16.0 114.0 16.0 108.0 20.0 104.0 30.0 104.0 32.0 102.0 44.0 102.0 46.0 100.0 54.0 100.0 56.0 98.0 60.0 98.0 64.0 94.0 66.0 94.0 68.0 92.0 72.0 92.0 74.0 90.0 76.0 90.0 78.0 88.0 80.0 88.0 82.0 86.0 86.0 86.0 88.0 84.0 92.0 84.0 94.0 82.0 96.0 82.0 98.0 80.0 100.0 80.0 102.0 78.0 104.0 78.0 106.0 76.0 114.0 76.0 114.0 22.0 108.0 22.0 104.0 18.0 104.0 14.0 102.0 12.0 102.0 4.0 0.675444483757019
4.0 4.0 4.0 242.0 110.0 242.0 110.0 236.0 114.0 232.0 124.0 232.0 140.0 216.0 146.0 216.0 146.0 172.0 140.0 172.0 132.0 164.0 124.0 164.0 122.0 166.0 114.0 166.0 112.0 168.0 108.0 168.0 104.0 172.0 100.0 172.0 98.0 174.0 92.0 174.0 90.0 176.0 62.0 176.0 60.0 174.0 50.0 174.0 48.0 172.0 44.0 172.0 42.0 170.0 42.0 168.0 48.0 162.0 48.0 158.0 50.0 156.0 46.0 152.0 46.0 150.0 42.0 146.0 42.0 132.0 50.0 124.0 50.0 122.0 48.0 122.0 42.0 116.0 40.0 116.0 38.0 114.0 36.0 114.0 34.0 112.0 32.0 112.0 30.0 110.0 28.0 110.0 26.0 108.0 28.0 106.0 34.0 106.0 36.0 104.0 50.0 104.0 52.0 102.0 56.0 102.0 58.0 100.0 60.0 100.0 64.0 96.0 66.0 96.0 68.0 94.0 72.0 94.0 74.0 92.0 76.0 92.0 78.0 90.0 80.0 90.0 82.0 88.0 86.0 88.0 88.0 86.0 90.0 86.0 92.0 84.0 96.0 84.0 98.0 82.0 100.0 82.0 102.0 80.0 104.0 80.0 108.0 76.0 108.0 74.0 110.0 72.0 110.0 70.0 112.0 68.0 112.0 42.0 110.0 40.0 110.0 36.0 108.0 34.0 108.0 26.0 106.0 24.0 106.0 16.0 104.0 14.0 104.0 4.0 0.6509637832641602
2016.0 1452.0 2016.0 1458.0 2010.0 1464.0 2008.0 1464.0 2006.0 1466.0 2004.0 1466.0 2002.0 1468.0 2000.0 1468.0 1998.0 1470.0 1994.0 1470.0 1992.0 1472.0 1990.0 1472.0 1988.0 1474.0 1986.0 1474.0 1984.0 1476.0 1982.0 1476.0 1980.0 1478.0 1978.0 1478.0 1976.0 1480.0 1974.0 1480.0 1972.0 1482.0 1968.0 1482.0 1966.0 1484.0 1962.0 1484.0 1960.0 1486.0 1958.0 1486.0 1956.0 1488.0 1952.0 1488.0 1950.0 1490.0 1948.0 1490.0 1946.0 1492.0 1942.0 1492.0 1940.0 1494.0 1936.0 1494.0 1934.0 1496.0 1928.0 1496.0 1926.0 1498.0 1922.0 1498.0 1920.0 1500.0 1918.0 1500.0 1916.0 1502.0 1914.0 1502.0 1912.0 1504.0 1910.0 1504.0 1908.0 1506.0 1906.0 1506.0 1904.0 1508.0 1902.0 1508.0 1900.0 1510.0 1898.0 1510.0 1896.0 1512.0 1894.0 1512.0 1892.0 1514.0 1888.0 1514.0 1886.0 1516.0 1884.0 1516.0 1882.0 1518.0 1878.0 1518.0 1876.0 1520.0 1874.0 1520.0 1872.0 1522.0 1870.0 1522.0 1868.0 1524.0 1866.0 1524.0 1864.0 1526.0 1862.0 1526.0 1860.0 1528.0 1856.0 1528.0 1854.0 1530.0 1850.0 1530.0 1848.0 1532.0 1846.0 1532.0 1844.0 1534.0 1842.0 1534.0 1840.0 1536.0 1838.0 1536.0 1836.0 1538.0 1834.0 1538.0 1828.0 1544.0 1820.0 1544.0 1820.0 1600.0 1826.0 1600.0 1830.0 1604.0 1830.0 1608.0 1832.0 1610.0 1832.0 1612.0 1834.0 1614.0 1834.0 1618.0 1836.0 1620.0 1836.0 1622.0 1838.0 1624.0 1838.0 1626.0 1840.0 1628.0 1840.0 1630.0 1842.0 1632.0 1842.0 1636.0 1846.0 1640.0 1846.0 1642.0 1848.0 1644.0 1848.0 1648.0 1850.0 1650.0 1850.0 1652.0 1856.0 1658.0 1856.0 1660.0 1862.0 1666.0 1862.0 1668.0 1866.0 1672.0 1866.0 1674.0 1870.0 1678.0 1870.0 1680.0 1872.0 1682.0 1872.0 1684.0 1874.0 1686.0 1874.0 1688.0 1878.0 1692.0 1878.0 1694.0 1880.0 1696.0 1880.0 1698.0 1882.0 1700.0 1882.0 1702.0 1886.0 1706.0 1886.0 1708.0 1888.0 1710.0 1888.0 1712.0 1890.0 1714.0 1890.0 1716.0 1892.0 1718.0 1892.0 1720.0 1894.0 1722.0 1894.0 1724.0 1896.0 1726.0 1896.0 1730.0 1898.0 1732.0 1898.0 1736.0 1900.0 1738.0 1900.0 1742.0 1902.0 1744.0 1902.0 1746.0 1904.0 1748.0 1904.0 1750.0 1906.0 1752.0 1906.0 1754.0 1908.0 1756.0 1908.0 1758.0 1910.0 1760.0 1910.0 1764.0 1912.0 1766.0 1912.0 1768.0 1914.0 1770.0 1914.0 1778.0 1970.0 1778.0 1970.0 1772.0 1976.0 1766.0 1976.0 1764.0 1978.0 1762.0 1980.0 1762.0 1984.0 1758.0 1986.0 1758.0 1992.0 1752.0 1994.0 1752.0 1996.0 1750.0 2000.0 1750.0 2002.0 1748.0 2004.0 1748.0 2006.0 1746.0 2010.0 1746.0 2012.0 1744.0 2024.0 1744.0 2026.0 1742.0 2046.0 1742.0 2046.0 1452.0 0.5086765885353088
