208.0 420.0 208.0 428.0 196.0 440.0 194.0 440.0 190.0 444.0 188.0 444.0 186.0 446.0 182.0 446.0 178.0 450.0 172.0 450.0 170.0 452.0 166.0 452.0 164.0 454.0 162.0 454.0 160.0 456.0 158.0 456.0 156.0 458.0 154.0 458.0 152.0 460.0 150.0 460.0 146.0 464.0 144.0 464.0 140.0 468.0 138.0 468.0 136.0 470.0 134.0 470.0 132.0 472.0 128.0 472.0 126.0 474.0 120.0 474.0 118.0 476.0 114.0 476.0 112.0 478.0 108.0 478.0 106.0 480.0 100.0 480.0 98.0 482.0 96.0 482.0 94.0 484.0 90.0 484.0 88.0 486.0 84.0 486.0 82.0 488.0 78.0 488.0 76.0 490.0 68.0 490.0 66.0 492.0 62.0 492.0 60.0 494.0 56.0 494.0 54.0 496.0 48.0 496.0 46.0 498.0 40.0 498.0 38.0 500.0 34.0 500.0 32.0 502.0 30.0 502.0 28.0 504.0 22.0 504.0 20.0 506.0 14.0 506.0 12.0 508.0 4.0 508.0 4.0 1102.0 16.0 1102.0 18.0 1100.0 26.0 1100.0 28.0 1098.0 32.0 1098.0 34.0 1096.0 38.0 1096.0 40.0 1094.0 44.0 1094.0 46.0 1092.0 48.0 1092.0 50.0 1090.0 54.0 1090.0 56.0 1088.0 60.0 1088.0 62.0 1086.0 66.0 1086.0 68.0 1084.0 72.0 1084.0 74.0 1082.0 78.0 1082.0 80.0 1080.0 86.0 1080.0 88.0 1078.0 94.0 1078.0 96.0 1076.0 102.0 1076.0 104.0 1074.0 110.0 1074.0 112.0 1072.0 118.0 1072.0 120.0 1070.0 126.0 1070.0 128.0 1068.0 134.0 1068.0 136.0 1066.0 142.0 1066.0 144.0 1064.0 150.0 1064.0 152.0 1062.0 160.0 1062.0 162.0 1060.0 172.0 1060.0 174.0 1058.0 180.0 1058.0 182.0 1056.0 188.0 1056.0 190.0 1054.0 192.0 1054.0 194.0 1052.0 198.0 1052.0 200.0 1050.0 202.0 1050.0 204.0 1048.0 210.0 1048.0 212.0 1046.0 216.0 1046.0 218.0 1044.0 222.0 1044.0 224.0 1042.0 228.0 1042.0 230.0 1040.0 234.0 1040.0 236.0 1038.0 238.0 1038.0 240.0 1036.0 242.0 1036.0 244.0 1034.0 248.0 1034.0 250.0 1032.0 254.0 1032.0 256.0 1030.0 260.0 1030.0 262.0 1028.0 264.0 1028.0 266.0 1026.0 268.0 1026.0 270.0 1024.0 272.0 1024.0 274.0 1022.0 276.0 1022.0 278.0 1020.0 282.0 1020.0 284.0 1018.0 288.0 1018.0 290.0 1016.0 296.0 1016.0 298.0 1014.0 302.0 1014.0 304.0 1012.0 306.0 1012.0 308.0 1010.0 312.0 1010.0 314.0 1008.0 320.0 1008.0 322.0 1006.0 326.0 1006.0 328.0 1004.0 330.0 1004.0 332.0 1002.0 336.0 1002.0 338.0 1000.0 346.0 1000.0 348.0 998.0 356.0 998.0 358.0 996.0 364.0 996.0 366.0 994.0 370.0 994.0 372.0 992.0 378.0 992.0 380.0 990.0 386.0 990.0 388.0 988.0 392.0 988.0 394.0 986.0 396.0 986.0 398.0 984.0 400.0 984.0 402.0 982.0 404.0 982.0 412.0 974.0 418.0 974.0 418.0 936.0 412.0 936.0 410.0 934.0 410.0 932.0 408.0 930.0 408.0 914.0 410.0 912.0 410.0 910.0 412.0 908.0 418.0 908.0 418.0 874.0 412.0 874.0 408.0 870.0 408.0 866.0 406.0 864.0 406.0 860.0 404.0 858.0 404.0 854.0 402.0 852.0 402.0 846.0 400.0 844.0 400.0 840.0 398.0 838.0 398.0 836.0 396.0 834.0 396.0 828.0 394.0 826.0 394.0 824.0 392.0 822.0 392.0 818.0 390.0 816.0 390.0 814.0 388.0 812.0 388.0 804.0 386.0 802.0 386.0 786.0 384.0 784.0 384.0 778.0 382.0 776.0 382.0 770.0 380.0 768.0 380.0 762.0 378.0 760.0 378.0 756.0 376.0 754.0 376.0 750.0 374.0 748.0 374.0 742.0 372.0 740.0 372.0 728.0 370.0 726.0 370.0 692.0 368.0 690.0 368.0 688.0 366.0 686.0 366.0 682.0 364.0 680.0 364.0 676.0 362.0 674.0 362.0 670.0 360.0 668.0 360.0 664.0 358.0 662.0 358.0 660.0 356.0 658.0 356.0 652.0 354.0 650.0 354.0 646.0 352.0 644.0 352.0 640.0 350.0 638.0 350.0 634.0 348.0 632.0 348.0 628.0 346.0 626.0 346.0 622.0 344.0 620.0 344.0 618.0 342.0 616.0 342.0 612.0 340.0 610.0 340.0 604.0 338.0 602.0 338.0 596.0 334.0 592.0 334.0 588.0 332.0 586.0 332.0 582.0 330.0 580.0 330.0 576.0 328.0 574.0 328.0 572.0 326.0 570.0 326.0 566.0 324.0 564.0 324.0 556.0 322.0 554.0 322.0 546.0 320.0 544.0 320.0 540.0 318.0 538.0 318.0 530.0 316.0 528.0 316.0 520.0 314.0 518.0 314.0 514.0 310.0 510.0 310.0 508.0 308.0 506.0 308.0 504.0 306.0 502.0 306.0 500.0 302.0 496.0 302.0 494.0 300.0 492.0 300.0 490.0 298.0 488.0 298.0 486.0 294.0 482.0 294.0 480.0 292.0 478.0 292.0 474.0 290.0 472.0 290.0 468.0 288.0 466.0 288.0 448.0 286.0 446.0 286.0 440.0 284.0 438.0 284.0 434.0 278.0 428.0 278.0 420.0 0.9574564099311829
944.0 892.0 944.0 898.0 942.0 900.0 940.0 900.0 938.0 902.0 936.0 902.0 934.0 904.0 930.0 904.0 928.0 906.0 922.0 906.0 920.0 908.0 914.0 908.0 912.0 910.0 902.0 910.0 900.0 912.0 888.0 912.0 886.0 914.0 878.0 914.0 876.0 916.0 866.0 916.0 864.0 918.0 854.0 918.0 852.0 920.0 838.0 920.0 836.0 922.0 824.0 922.0 822.0 924.0 814.0 924.0 812.0 926.0 800.0 926.0 798.0 928.0 782.0 928.0 780.0 930.0 772.0 930.0 770.0 932.0 764.0 932.0 762.0 934.0 752.0 934.0 750.0 936.0 740.0 936.0 738.0 938.0 724.0 938.0 722.0 940.0 714.0 940.0 712.0 942.0 708.0 942.0 706.0 944.0 702.0 944.0 700.0 946.0 698.0 946.0 694.0 950.0 692.0 950.0 688.0 954.0 686.0 954.0 684.0 956.0 682.0 956.0 680.0 958.0 678.0 958.0 676.0 960.0 674.0 960.0 672.0 962.0 658.0 962.0 656.0 964.0 638.0 964.0 636.0 966.0 628.0 966.0 626.0 968.0 620.0 968.0 618.0 970.0 612.0 970.0 610.0 972.0 604.0 972.0 602.0 974.0 598.0 974.0 596.0 976.0 592.0 976.0 590.0 978.0 584.0 978.0 582.0 980.0 578.0 980.0 576.0 982.0 560.0 982.0 558.0 984.0 546.0 984.0 544.0 986.0 532.0 986.0 530.0 988.0 520.0 988.0 518.0 990.0 504.0 990.0 502.0 992.0 496.0 992.0 494.0 994.0 492.0 994.0 490.0 996.0 486.0 996.0 484.0 998.0 480.0 998.0 478.0 1000.0 468.0 1000.0 468.0 1040.0 474.0 1040.0 476.0 1042.0 476.0 1044.0 478.0 1046.0 478.0 1052.0 480.0 1054.0 480.0 1068.0 482.0 1070.0 482.0 1086.0 484.0 1088.0 484.0 1098.0 486.0 1100.0 486.0 1102.0 484.0 1104.0 484.0 1108.0 478.0 1114.0 476.0 1114.0 474.0 1116.0 468.0 1116.0 468.0 1158.0 474.0 1158.0 476.0 1160.0 476.0 1162.0 478.0 1164.0 478.0 1174.0 480.0 1176.0 480.0 1186.0 482.0 1188.0 482.0 1194.0 484.0 1196.0 484.0 1200.0 486.0 1202.0 486.0 1206.0 488.0 1208.0 488.0 1214.0 490.0 1216.0 490.0 1222.0 492.0 1224.0 492.0 1228.0 496.0 1232.0 496.0 1234.0 498.0 1236.0 498.0 1238.0 500.0 1240.0 502.0 1240.0 504.0 1242.0 506.0 1242.0 508.0 1244.0 510.0 1244.0 518.0 1252.0 518.0 1258.0 520.0 1260.0 520.0 1274.0 522.0 1276.0 522.0 1286.0 524.0 1288.0 524.0 1296.0 526.0 1298.0 526.0 1302.0 528.0 1304.0 528.0 1308.0 530.0 1310.0 530.0 1316.0 532.0 1318.0 532.0 1324.0 534.0 1326.0 534.0 1330.0 536.0 1332.0 536.0 1340.0 538.0 1342.0 538.0 1356.0 540.0 1358.0 540.0 1372.0 542.0 1374.0 542.0 1380.0 544.0 1382.0 544.0 1386.0 546.0 1388.0 546.0 1394.0 548.0 1396.0 548.0 1398.0 550.0 1400.0 550.0 1404.0 552.0 1406.0 552.0 1410.0 554.0 1412.0 554.0 1418.0 556.0 1420.0 556.0 1424.0 558.0 1426.0 558.0 1432.0 560.0 1434.0 560.0 1446.0 562.0 1448.0 562.0 1464.0 564.0 1466.0 564.0 1478.0 566.0 1480.0 566.0 1488.0 568.0 1490.0 568.0 1498.0 570.0 1500.0 570.0 1532.0 572.0 1534.0 572.0 1538.0 574.0 1540.0 574.0 1544.0 578.0 1548.0 578.0 1550.0 580.0 1552.0 584.0 1552.0 588.0 1556.0 588.0 1562.0 628.0 1562.0 628.0 1556.0 630.0 1554.0 636.0 1554.0 638.0 1552.0 652.0 1552.0 654.0 1550.0 668.0 1550.0 670.0 1548.0 680.0 1548.0 682.0 1546.0 690.0 1546.0 692.0 1544.0 708.0 1544.0 710.0 1546.0 720.0 1546.0 722.0 1548.0 740.0 1548.0 742.0 1546.0 748.0 1546.0 750.0 1544.0 756.0 1544.0 758.0 1542.0 762.0 1542.0 764.0 1540.0 770.0 1540.0 772.0 1538.0 780.0 1538.0 782.0 1536.0 792.0 1536.0 794.0 1534.0 804.0 1534.0 806.0 1532.0 814.0 1532.0 816.0 1530.0 822.0 1530.0 824.0 1528.0 828.0 1528.0 830.0 1526.0 834.0 1526.0 836.0 1524.0 838.0 1524.0 840.0 1522.0 842.0 1522.0 844.0 1520.0 846.0 1520.0 852.0 1514.0 854.0 1514.0 858.0 1510.0 860.0 1510.0 862.0 1508.0 878.0 1508.0 880.0 1510.0 888.0 1510.0 890.0 1512.0 900.0 1512.0 902.0 1510.0 910.0 1510.0 912.0 1508.0 918.0 1508.0 920.0 1506.0 930.0 1506.0 932.0 1504.0 940.0 1504.0 942.0 1502.0 948.0 1502.0 950.0 1500.0 958.0 1500.0 960.0 1498.0 966.0 1498.0 968.0 1496.0 976.0 1496.0 978.0 1494.0 982.0 1494.0 984.0 1492.0 988.0 1492.0 990.0 1490.0 992.0 1490.0 994.0 1488.0 996.0 1488.0 1006.0 1478.0 1008.0 1478.0 1012.0 1474.0 1016.0 1474.0 1018.0 1472.0 1024.0 1472.0 1026.0 1470.0 1038.0 1470.0 1040.0 1468.0 1052.0 1468.0 1054.0 1466.0 1062.0 1466.0 1064.0 1464.0 1070.0 1464.0 1072.0 1462.0 1076.0 1462.0 1078.0 1460.0 1082.0 1460.0 1084.0 1458.0 1086.0 1458.0 1088.0 1456.0 1092.0 1456.0 1094.0 1454.0 1096.0 1454.0 1098.0 1452.0 1102.0 1452.0 1104.0 1450.0 1106.0 1450.0 1108.0 1448.0 1110.0 1448.0 1112.0 1446.0 1116.0 1446.0 1120.0 1442.0 1122.0 1442.0 1122.0 1440.0 1124.0 1438.0 1124.0 1436.0 1126.0 1434.0 1126.0 1424.0 1124.0 1422.0 1124.0 1418.0 1122.0 1416.0 1122.0 1412.0 1120.0 1410.0 1120.0 1406.0 1118.0 1404.0 1118.0 1378.0 1116.0 1376.0 1116.0 1366.0 1114.0 1364.0 1114.0 1350.0 1112.0 1348.0 1112.0 1344.0 1110.0 1342.0 1110.0 1336.0 1108.0 1334.0 1108.0 1324.0 1106.0 1322.0 1106.0 1308.0 1104.0 1306.0 1104.0 1296.0 1102.0 1294.0 1102.0 1290.0 1100.0 1288.0 1100.0 1282.0 1098.0 1280.0 1098.0 1270.0 1096.0 1268.0 1096.0 1266.0 1098.0 1264.0 1098.0 1248.0 1096.0 1246.0 1096.0 1242.0 1094.0 1240.0 1094.0 1238.0 1092.0 1236.0 1092.0 1232.0 1090.0 1230.0 1090.0 1226.0 1088.0 1224.0 1088.0 1220.0 1086.0 1218.0 1086.0 1196.0 1084.0 1194.0 1084.0 1180.0 1082.0 1178.0 1082.0 1168.0 1080.0 1166.0 1080.0 1164.0 1078.0 1162.0 1078.0 1160.0 1076.0 1158.0 1076.0 1154.0 1074.0 1152.0 1074.0 1150.0 1070.0 1146.0 1068.0 1146.0 1066.0 1144.0 1058.0 1144.0 1056.0 1142.0 1052.0 1142.0 1044.0 1134.0 1044.0 1132.0 1040.0 1128.0 1040.0 1126.0 1038.0 1124.0 1038.0 1120.0 1036.0 1118.0 1036.0 1110.0 1034.0 1108.0 1034.0 1098.0 1032.0 1096.0 1032.0 1082.0 1030.0 1080.0 1030.0 1070.0 1028.0 1068.0 1028.0 1060.0 1026.0 1058.0 1026.0 1052.0 1024.0 1050.0 1024.0 1044.0 1022.0 1042.0 1022.0 1032.0 1020.0 1030.0 1020.0 1018.0 1018.0 1016.0 1018.0 1010.0 1016.0 1008.0 1016.0 996.0 1014.0 994.0 1014.0 968.0 1016.0 966.0 1016.0 956.0 1018.0 954.0 1018.0 944.0 1016.0 942.0 1016.0 936.0 1014.0 934.0 1014.0 908.0 1012.0 906.0 1012.0 900.0 1010.0 898.0 1010.0 892.0 0.9573493599891663
1392.0 932.0 1392.0 938.0 1390.0 940.0 1388.0 940.0 1386.0 942.0 1382.0 942.0 1380.0 944.0 1372.0 944.0 1370.0 946.0 1364.0 946.0 1362.0 948.0 1358.0 948.0 1356.0 950.0 1354.0 950.0 1352.0 952.0 1348.0 952.0 1346.0 954.0 1340.0 954.0 1338.0 956.0 1334.0 956.0 1332.0 958.0 1328.0 958.0 1326.0 960.0 1324.0 960.0 1322.0 962.0 1320.0 962.0 1318.0 964.0 1316.0 964.0 1316.0 966.0 1314.0 968.0 1312.0 968.0 1306.0 974.0 1300.0 974.0 1298.0 976.0 1296.0 976.0 1294.0 978.0 1292.0 978.0 1292.0 992.0 1294.0 994.0 1294.0 996.0 1296.0 998.0 1296.0 1002.0 1298.0 1004.0 1298.0 1020.0 1296.0 1022.0 1296.0 1026.0 1288.0 1034.0 1286.0 1034.0 1284.0 1036.0 1280.0 1036.0 1278.0 1038.0 1268.0 1038.0 1266.0 1040.0 1252.0 1040.0 1250.0 1042.0 1240.0 1042.0 1238.0 1044.0 1232.0 1044.0 1230.0 1046.0 1228.0 1046.0 1226.0 1048.0 1222.0 1048.0 1220.0 1050.0 1216.0 1050.0 1214.0 1052.0 1212.0 1052.0 1210.0 1054.0 1208.0 1054.0 1206.0 1056.0 1204.0 1056.0 1202.0 1058.0 1200.0 1058.0 1198.0 1060.0 1196.0 1060.0 1194.0 1062.0 1192.0 1062.0 1190.0 1064.0 1186.0 1064.0 1182.0 1068.0 1180.0 1068.0 1174.0 1074.0 1172.0 1074.0 1172.0 1076.0 1162.0 1086.0 1162.0 1088.0 1160.0 1090.0 1160.0 1092.0 1158.0 1094.0 1158.0 1098.0 1156.0 1100.0 1156.0 1104.0 1154.0 1106.0 1154.0 1130.0 1156.0 1132.0 1156.0 1142.0 1158.0 1144.0 1158.0 1212.0 1160.0 1214.0 1160.0 1242.0 1162.0 1244.0 1162.0 1264.0 1164.0 1266.0 1164.0 1296.0 1166.0 1298.0 1166.0 1312.0 1168.0 1314.0 1168.0 1342.0 1170.0 1344.0 1170.0 1380.0 1172.0 1382.0 1172.0 1394.0 1174.0 1396.0 1174.0 1410.0 1176.0 1412.0 1176.0 1416.0 1178.0 1418.0 1178.0 1420.0 1180.0 1422.0 1180.0 1424.0 1184.0 1428.0 1184.0 1434.0 1230.0 1434.0 1230.0 1428.0 1232.0 1426.0 1236.0 1426.0 1238.0 1424.0 1254.0 1424.0 1256.0 1422.0 1268.0 1422.0 1270.0 1420.0 1276.0 1420.0 1278.0 1418.0 1286.0 1418.0 1288.0 1416.0 1298.0 1416.0 1300.0 1414.0 1310.0 1414.0 1312.0 1412.0 1320.0 1412.0 1322.0 1410.0 1326.0 1410.0 1328.0 1408.0 1336.0 1408.0 1338.0 1406.0 1354.0 1406.0 1356.0 1404.0 1374.0 1404.0 1376.0 1402.0 1384.0 1402.0 1386.0 1400.0 1392.0 1400.0 1394.0 1398.0 1404.0 1398.0 1406.0 1396.0 1416.0 1396.0 1418.0 1394.0 1426.0 1394.0 1428.0 1392.0 1436.0 1392.0 1438.0 1390.0 1450.0 1390.0 1452.0 1388.0 1464.0 1388.0 1466.0 1386.0 1472.0 1386.0 1474.0 1384.0 1478.0 1384.0 1480.0 1382.0 1486.0 1382.0 1488.0 1380.0 1496.0 1380.0 1498.0 1378.0 1516.0 1378.0 1518.0 1376.0 1528.0 1376.0 1530.0 1374.0 1538.0 1374.0 1540.0 1372.0 1552.0 1372.0 1554.0 1370.0 1564.0 1370.0 1566.0 1368.0 1574.0 1368.0 1576.0 1366.0 1590.0 1366.0 1592.0 1364.0 1602.0 1364.0 1604.0 1362.0 1608.0 1362.0 1610.0 1360.0 1614.0 1360.0 1616.0 1358.0 1620.0 1358.0 1622.0 1356.0 1628.0 1356.0 1630.0 1354.0 1642.0 1354.0 1642.0 1314.0 1636.0 1314.0 1634.0 1312.0 1634.0 1310.0 1632.0 1308.0 1632.0 1302.0 1630.0 1300.0 1630.0 1292.0 1628.0 1290.0 1628.0 1278.0 1626.0 1276.0 1626.0 1270.0 1624.0 1268.0 1624.0 1266.0 1622.0 1264.0 1622.0 1260.0 1620.0 1258.0 1620.0 1250.0 1618.0 1248.0 1618.0 1242.0 1614.0 1238.0 1614.0 1236.0 1612.0 1234.0 1612.0 1230.0 1610.0 1228.0 1610.0 1224.0 1608.0 1226.0 1606.0 1226.0 1604.0 1228.0 1602.0 1226.0 1602.0 1220.0 1600.0 1218.0 1600.0 1204.0 1598.0 1202.0 1598.0 1198.0 1594.0 1194.0 1594.0 1188.0 1592.0 1186.0 1592.0 1182.0 1590.0 1180.0 1590.0 1174.0 1588.0 1172.0 1588.0 1168.0 1586.0 1166.0 1586.0 1156.0 1584.0 1154.0 1584.0 1140.0 1582.0 1138.0 1582.0 1128.0 1580.0 1126.0 1580.0 1116.0 1578.0 1114.0 1578.0 1108.0 1576.0 1106.0 1576.0 1100.0 1574.0 1098.0 1574.0 1094.0 1572.0 1092.0 1572.0 1088.0 1570.0 1086.0 1570.0 1082.0 1568.0 1080.0 1568.0 1074.0 1566.0 1072.0 1566.0 1062.0 1564.0 1060.0 1564.0 1054.0 1562.0 1052.0 1562.0 1050.0 1558.0 1046.0 1558.0 1044.0 1556.0 1044.0 1550.0 1038.0 1546.0 1038.0 1542.0 1034.0 1542.0 1032.0 1540.0 1030.0 1540.0 1028.0 1538.0 1026.0 1532.0 1026.0 1530.0 1024.0 1520.0 1024.0 1518.0 1026.0 1506.0 1026.0 1504.0 1028.0 1498.0 1028.0 1496.0 1026.0 1496.0 1020.0 1494.0 1018.0 1494.0 1012.0 1492.0 1010.0 1492.0 1006.0 1490.0 1004.0 1490.0 1000.0 1488.0 998.0 1488.0 990.0 1486.0 988.0 1486.0 974.0 1484.0 972.0 1484.0 954.0 1482.0 952.0 1482.0 946.0 1476.0 940.0 1476.0 932.0 0.9370173811912537
212.0 0.0 212.0 50.0 218.0 50.0 222.0 54.0 222.0 58.0 224.0 60.0 224.0 62.0 226.0 64.0 226.0 68.0 228.0 70.0 228.0 74.0 230.0 76.0 230.0 78.0 232.0 80.0 232.0 82.0 234.0 84.0 234.0 88.0 236.0 90.0 236.0 94.0 238.0 96.0 238.0 98.0 242.0 102.0 242.0 106.0 244.0 108.0 244.0 110.0 246.0 112.0 246.0 114.0 248.0 116.0 248.0 118.0 250.0 120.0 250.0 122.0 252.0 124.0 252.0 126.0 254.0 128.0 254.0 130.0 256.0 132.0 256.0 134.0 258.0 136.0 258.0 138.0 260.0 140.0 260.0 142.0 264.0 146.0 264.0 148.0 266.0 150.0 266.0 152.0 268.0 154.0 268.0 156.0 270.0 158.0 270.0 160.0 272.0 162.0 272.0 164.0 274.0 166.0 274.0 168.0 276.0 170.0 276.0 172.0 278.0 174.0 278.0 176.0 280.0 178.0 280.0 180.0 284.0 184.0 284.0 186.0 288.0 190.0 288.0 192.0 292.0 196.0 294.0 196.0 298.0 200.0 300.0 200.0 316.0 216.0 316.0 218.0 318.0 220.0 318.0 222.0 324.0 228.0 324.0 230.0 328.0 234.0 328.0 242.0 380.0 242.0 380.0 236.0 382.0 234.0 384.0 234.0 386.0 232.0 392.0 232.0 394.0 230.0 396.0 230.0 400.0 226.0 404.0 226.0 406.0 224.0 412.0 224.0 414.0 222.0 416.0 222.0 418.0 220.0 422.0 220.0 424.0 218.0 426.0 218.0 428.0 216.0 430.0 216.0 432.0 214.0 434.0 214.0 436.0 212.0 440.0 212.0 442.0 210.0 444.0 210.0 448.0 206.0 450.0 206.0 452.0 204.0 454.0 204.0 458.0 200.0 460.0 200.0 462.0 198.0 464.0 198.0 468.0 194.0 470.0 194.0 472.0 192.0 474.0 192.0 476.0 190.0 478.0 190.0 484.0 184.0 486.0 184.0 496.0 174.0 498.0 174.0 502.0 170.0 504.0 170.0 506.0 168.0 508.0 168.0 510.0 166.0 512.0 166.0 514.0 164.0 516.0 164.0 518.0 162.0 522.0 162.0 524.0 160.0 526.0 160.0 528.0 158.0 530.0 158.0 532.0 156.0 536.0 156.0 538.0 154.0 544.0 154.0 546.0 152.0 548.0 154.0 550.0 154.0 556.0 160.0 560.0 160.0 562.0 162.0 566.0 162.0 568.0 160.0 580.0 160.0 582.0 158.0 590.0 158.0 592.0 156.0 598.0 156.0 600.0 154.0 606.0 154.0 608.0 152.0 610.0 152.0 612.0 150.0 616.0 150.0 618.0 148.0 620.0 148.0 622.0 146.0 624.0 146.0 628.0 142.0 632.0 142.0 634.0 140.0 636.0 140.0 638.0 138.0 642.0 138.0 644.0 136.0 666.0 136.0 668.0 138.0 694.0 138.0 696.0 136.0 710.0 136.0 712.0 134.0 720.0 134.0 722.0 132.0 728.0 132.0 730.0 130.0 736.0 130.0 738.0 128.0 746.0 128.0 748.0 126.0 754.0 126.0 756.0 124.0 760.0 124.0 762.0 122.0 766.0 122.0 768.0 120.0 770.0 120.0 772.0 118.0 774.0 118.0 776.0 116.0 778.0 116.0 780.0 114.0 784.0 114.0 786.0 112.0 788.0 112.0 790.0 110.0 794.0 110.0 796.0 108.0 798.0 108.0 800.0 106.0 804.0 106.0 806.0 104.0 808.0 104.0 810.0 102.0 812.0 102.0 814.0 100.0 818.0 100.0 820.0 98.0 824.0 98.0 826.0 96.0 828.0 96.0 830.0 94.0 832.0 94.0 834.0 92.0 838.0 92.0 840.0 90.0 844.0 90.0 846.0 88.0 860.0 88.0 862.0 86.0 872.0 86.0 874.0 84.0 878.0 84.0 880.0 82.0 884.0 82.0 886.0 80.0 890.0 80.0 892.0 78.0 896.0 78.0 898.0 76.0 902.0 76.0 904.0 74.0 910.0 74.0 912.0 72.0 916.0 72.0 918.0 70.0 922.0 70.0 924.0 68.0 928.0 68.0 930.0 66.0 934.0 66.0 936.0 64.0 940.0 64.0 942.0 62.0 946.0 62.0 948.0 60.0 958.0 60.0 960.0 58.0 972.0 58.0 974.0 56.0 982.0 56.0 984.0 54.0 994.0 54.0 996.0 52.0 1002.0 52.0 1006.0 48.0 1008.0 48.0 1010.0 46.0 1012.0 46.0 1016.0 42.0 1018.0 42.0 1022.0 38.0 1024.0 38.0 1026.0 36.0 1034.0 36.0 1034.0 0.0 0.9321784973144531
792.0 360.0 790.0 362.0 778.0 362.0 776.0 364.0 770.0 364.0 768.0 366.0 762.0 366.0 760.0 368.0 752.0 368.0 750.0 370.0 742.0 370.0 740.0 372.0 732.0 372.0 730.0 374.0 724.0 374.0 722.0 376.0 714.0 376.0 712.0 378.0 704.0 378.0 702.0 380.0 686.0 380.0 684.0 378.0 676.0 378.0 674.0 376.0 648.0 376.0 646.0 378.0 634.0 378.0 632.0 380.0 626.0 380.0 624.0 382.0 618.0 382.0 616.0 384.0 614.0 384.0 612.0 386.0 610.0 386.0 608.0 388.0 606.0 388.0 604.0 390.0 604.0 392.0 602.0 394.0 602.0 396.0 596.0 402.0 550.0 402.0 548.0 404.0 538.0 404.0 536.0 406.0 530.0 406.0 528.0 408.0 522.0 408.0 520.0 410.0 514.0 410.0 512.0 412.0 506.0 412.0 504.0 414.0 496.0 414.0 494.0 416.0 474.0 416.0 472.0 418.0 456.0 418.0 454.0 420.0 446.0 420.0 444.0 422.0 436.0 422.0 434.0 424.0 424.0 424.0 422.0 426.0 410.0 426.0 408.0 428.0 402.0 428.0 400.0 430.0 398.0 430.0 396.0 432.0 388.0 432.0 388.0 480.0 394.0 480.0 396.0 482.0 396.0 484.0 398.0 486.0 398.0 492.0 400.0 494.0 400.0 504.0 402.0 506.0 402.0 518.0 404.0 520.0 404.0 528.0 406.0 530.0 406.0 540.0 408.0 542.0 408.0 556.0 410.0 558.0 410.0 566.0 412.0 568.0 412.0 576.0 414.0 578.0 414.0 588.0 416.0 590.0 416.0 600.0 418.0 602.0 418.0 612.0 420.0 614.0 420.0 620.0 422.0 622.0 422.0 626.0 424.0 628.0 424.0 640.0 426.0 642.0 426.0 656.0 428.0 658.0 428.0 670.0 430.0 672.0 430.0 682.0 432.0 684.0 432.0 698.0 434.0 700.0 434.0 712.0 436.0 714.0 436.0 724.0 438.0 726.0 438.0 736.0 440.0 738.0 440.0 750.0 442.0 752.0 442.0 762.0 444.0 764.0 444.0 770.0 446.0 772.0 446.0 780.0 448.0 782.0 448.0 798.0 450.0 800.0 450.0 812.0 452.0 814.0 452.0 824.0 454.0 826.0 454.0 844.0 456.0 846.0 456.0 862.0 458.0 864.0 458.0 872.0 460.0 874.0 460.0 880.0 462.0 882.0 462.0 894.0 464.0 896.0 464.0 908.0 466.0 910.0 466.0 914.0 468.0 916.0 468.0 918.0 472.0 922.0 472.0 930.0 504.0 930.0 504.0 924.0 508.0 920.0 514.0 920.0 516.0 918.0 520.0 918.0 522.0 916.0 528.0 916.0 530.0 914.0 534.0 914.0 536.0 912.0 546.0 912.0 548.0 910.0 558.0 910.0 560.0 908.0 568.0 908.0 570.0 906.0 576.0 906.0 578.0 904.0 584.0 904.0 586.0 902.0 596.0 902.0 598.0 900.0 612.0 900.0 614.0 898.0 620.0 898.0 622.0 896.0 630.0 896.0 632.0 894.0 642.0 894.0 644.0 892.0 658.0 892.0 660.0 890.0 666.0 890.0 668.0 888.0 674.0 888.0 676.0 886.0 682.0 886.0 684.0 884.0 688.0 884.0 690.0 882.0 692.0 882.0 696.0 878.0 698.0 878.0 700.0 876.0 700.0 872.0 702.0 870.0 702.0 858.0 700.0 856.0 700.0 852.0 698.0 850.0 698.0 848.0 696.0 846.0 696.0 844.0 694.0 842.0 694.0 836.0 692.0 834.0 692.0 828.0 690.0 826.0 690.0 822.0 688.0 820.0 688.0 812.0 686.0 810.0 686.0 798.0 684.0 796.0 684.0 780.0 682.0 778.0 682.0 772.0 680.0 770.0 680.0 752.0 678.0 750.0 678.0 704.0 676.0 702.0 676.0 696.0 674.0 694.0 674.0 690.0 672.0 688.0 672.0 684.0 670.0 682.0 670.0 680.0 668.0 678.0 666.0 678.0 664.0 676.0 664.0 674.0 666.0 672.0 678.0 672.0 680.0 670.0 688.0 670.0 690.0 668.0 698.0 668.0 700.0 666.0 702.0 668.0 708.0 668.0 712.0 672.0 714.0 672.0 716.0 674.0 718.0 674.0 720.0 676.0 722.0 676.0 724.0 678.0 726.0 678.0 732.0 684.0 732.0 686.0 734.0 688.0 734.0 690.0 736.0 692.0 736.0 710.0 734.0 712.0 734.0 726.0 732.0 728.0 732.0 732.0 734.0 734.0 734.0 736.0 736.0 738.0 736.0 740.0 734.0 742.0 734.0 746.0 732.0 748.0 732.0 750.0 730.0 752.0 730.0 754.0 728.0 756.0 728.0 758.0 724.0 762.0 724.0 764.0 722.0 766.0 722.0 768.0 720.0 770.0 720.0 772.0 718.0 774.0 718.0 776.0 716.0 778.0 716.0 810.0 718.0 812.0 718.0 850.0 720.0 852.0 720.0 860.0 722.0 862.0 722.0 866.0 728.0 872.0 728.0 874.0 730.0 874.0 732.0 876.0 746.0 876.0 748.0 878.0 760.0 878.0 762.0 876.0 768.0 876.0 770.0 874.0 774.0 874.0 776.0 872.0 780.0 872.0 782.0 870.0 792.0 870.0 794.0 868.0 808.0 868.0 810.0 866.0 818.0 866.0 820.0 864.0 826.0 864.0 828.0 862.0 834.0 862.0 836.0 860.0 842.0 860.0 844.0 858.0 848.0 858.0 850.0 856.0 852.0 856.0 854.0 854.0 860.0 854.0 862.0 852.0 872.0 852.0 874.0 850.0 882.0 850.0 884.0 848.0 892.0 848.0 894.0 846.0 902.0 846.0 904.0 844.0 924.0 844.0 926.0 842.0 938.0 842.0 940.0 840.0 946.0 840.0 948.0 838.0 960.0 838.0 962.0 836.0 978.0 836.0 978.0 776.0 972.0 776.0 970.0 774.0 970.0 772.0 968.0 770.0 968.0 768.0 966.0 766.0 966.0 764.0 964.0 762.0 964.0 760.0 962.0 758.0 962.0 756.0 960.0 754.0 960.0 752.0 958.0 750.0 958.0 748.0 952.0 742.0 952.0 740.0 948.0 736.0 948.0 734.0 946.0 732.0 946.0 730.0 944.0 728.0 944.0 726.0 940.0 722.0 940.0 714.0 938.0 712.0 936.0 712.0 934.0 710.0 920.0 710.0 918.0 708.0 916.0 708.0 912.0 704.0 912.0 702.0 910.0 700.0 910.0 696.0 908.0 694.0 908.0 688.0 910.0 686.0 910.0 666.0 912.0 664.0 912.0 654.0 914.0 652.0 912.0 650.0 912.0 646.0 906.0 640.0 902.0 640.0 900.0 638.0 896.0 638.0 894.0 636.0 892.0 636.0 890.0 634.0 890.0 628.0 892.0 626.0 892.0 624.0 894.0 622.0 894.0 620.0 898.0 616.0 898.0 614.0 900.0 612.0 900.0 602.0 902.0 600.0 902.0 598.0 904.0 596.0 904.0 594.0 910.0 588.0 910.0 586.0 912.0 584.0 912.0 582.0 914.0 580.0 914.0 578.0 916.0 576.0 916.0 572.0 918.0 570.0 918.0 554.0 916.0 552.0 916.0 540.0 914.0 538.0 914.0 522.0 916.0 520.0 916.0 510.0 918.0 508.0 918.0 482.0 916.0 480.0 916.0 466.0 914.0 464.0 914.0 420.0 916.0 418.0 916.0 410.0 914.0 408.0 914.0 400.0 912.0 398.0 912.0 396.0 906.0 390.0 904.0 390.0 902.0 388.0 894.0 388.0 892.0 386.0 868.0 386.0 860.0 378.0 858.0 378.0 852.0 372.0 852.0 370.0 850.0 368.0 848.0 368.0 842.0 362.0 838.0 362.0 836.0 360.0 0.9132393002510071
336.0 1428.0 336.0 1434.0 334.0 1436.0 332.0 1436.0 330.0 1438.0 328.0 1438.0 326.0 1440.0 322.0 1440.0 320.0 1442.0 316.0 1442.0 314.0 1444.0 310.0 1444.0 308.0 1446.0 304.0 1446.0 302.0 1448.0 296.0 1448.0 294.0 1450.0 286.0 1450.0 284.0 1452.0 278.0 1452.0 276.0 1454.0 272.0 1454.0 270.0 1456.0 264.0 1456.0 262.0 1458.0 256.0 1458.0 254.0 1460.0 250.0 1460.0 248.0 1462.0 246.0 1462.0 244.0 1464.0 234.0 1464.0 232.0 1466.0 226.0 1466.0 224.0 1464.0 218.0 1464.0 216.0 1462.0 214.0 1462.0 212.0 1460.0 196.0 1460.0 194.0 1462.0 190.0 1462.0 188.0 1464.0 184.0 1464.0 182.0 1466.0 178.0 1466.0 176.0 1468.0 172.0 1468.0 170.0 1470.0 166.0 1470.0 164.0 1472.0 160.0 1472.0 158.0 1474.0 154.0 1474.0 152.0 1476.0 150.0 1476.0 148.0 1478.0 146.0 1478.0 144.0 1480.0 142.0 1480.0 140.0 1482.0 138.0 1482.0 136.0 1484.0 136.0 1486.0 128.0 1494.0 124.0 1494.0 122.0 1496.0 120.0 1496.0 118.0 1498.0 114.0 1498.0 112.0 1500.0 110.0 1500.0 108.0 1502.0 106.0 1502.0 104.0 1504.0 98.0 1504.0 96.0 1506.0 94.0 1506.0 92.0 1508.0 88.0 1508.0 86.0 1510.0 80.0 1510.0 78.0 1512.0 72.0 1512.0 70.0 1514.0 64.0 1514.0 62.0 1516.0 58.0 1516.0 56.0 1518.0 50.0 1518.0 48.0 1520.0 42.0 1520.0 40.0 1522.0 36.0 1522.0 34.0 1524.0 30.0 1524.0 28.0 1526.0 24.0 1526.0 22.0 1528.0 14.0 1528.0 12.0 1530.0 0.0 1530.0 0.0 1684.0 4.0 1684.0 6.0 1682.0 8.0 1682.0 8.0 1680.0 10.0 1678.0 10.0 1676.0 12.0 1674.0 12.0 1668.0 14.0 1666.0 14.0 1664.0 16.0 1662.0 16.0 1660.0 18.0 1658.0 20.0 1660.0 20.0 1666.0 22.0 1668.0 22.0 1672.0 24.0 1674.0 24.0 1676.0 26.0 1676.0 28.0 1678.0 28.0 1680.0 30.0 1682.0 30.0 1684.0 32.0 1686.0 32.0 1688.0 34.0 1690.0 34.0 1694.0 38.0 1698.0 38.0 1700.0 40.0 1702.0 40.0 1704.0 42.0 1706.0 42.0 1708.0 44.0 1710.0 60.0 1710.0 62.0 1708.0 70.0 1708.0 72.0 1706.0 74.0 1706.0 80.0 1700.0 82.0 1700.0 88.0 1694.0 88.0 1692.0 92.0 1688.0 94.0 1688.0 96.0 1686.0 102.0 1686.0 104.0 1684.0 122.0 1684.0 124.0 1682.0 130.0 1682.0 134.0 1678.0 138.0 1678.0 140.0 1676.0 142.0 1676.0 144.0 1674.0 146.0 1674.0 150.0 1670.0 152.0 1670.0 154.0 1668.0 170.0 1668.0 172.0 1670.0 192.0 1670.0 194.0 1668.0 202.0 1668.0 204.0 1666.0 210.0 1666.0 212.0 1664.0 216.0 1664.0 218.0 1662.0 222.0 1662.0 224.0 1660.0 226.0 1660.0 228.0 1658.0 232.0 1658.0 234.0 1656.0 240.0 1656.0 242.0 1654.0 246.0 1654.0 248.0 1652.0 250.0 1652.0 252.0 1650.0 254.0 1650.0 256.0 1648.0 262.0 1648.0 264.0 1646.0 266.0 1646.0 268.0 1644.0 270.0 1644.0 276.0 1638.0 278.0 1638.0 280.0 1636.0 280.0 1632.0 286.0 1626.0 304.0 1626.0 306.0 1624.0 308.0 1624.0 314.0 1618.0 314.0 1616.0 318.0 1612.0 320.0 1612.0 324.0 1608.0 326.0 1608.0 328.0 1606.0 330.0 1606.0 332.0 1604.0 334.0 1604.0 336.0 1602.0 338.0 1602.0 340.0 1600.0 342.0 1600.0 346.0 1596.0 348.0 1596.0 350.0 1594.0 352.0 1594.0 354.0 1592.0 356.0 1592.0 358.0 1590.0 362.0 1590.0 364.0 1588.0 370.0 1588.0 372.0 1586.0 388.0 1586.0 390.0 1584.0 392.0 1584.0 398.0 1578.0 400.0 1578.0 402.0 1576.0 404.0 1576.0 406.0 1574.0 412.0 1574.0 414.0 1572.0 422.0 1572.0 424.0 1570.0 428.0 1570.0 430.0 1568.0 432.0 1568.0 438.0 1562.0 440.0 1562.0 444.0 1558.0 444.0 1556.0 454.0 1546.0 456.0 1546.0 458.0 1544.0 460.0 1544.0 462.0 1542.0 468.0 1542.0 472.0 1546.0 472.0 1550.0 474.0 1552.0 474.0 1558.0 476.0 1560.0 476.0 1572.0 480.0 1572.0 482.0 1574.0 492.0 1574.0 494.0 1572.0 496.0 1572.0 498.0 1570.0 506.0 1570.0 506.0 1532.0 500.0 1532.0 496.0 1528.0 496.0 1520.0 494.0 1518.0 494.0 1508.0 492.0 1506.0 492.0 1498.0 490.0 1496.0 490.0 1490.0 488.0 1488.0 488.0 1484.0 486.0 1482.0 486.0 1478.0 484.0 1476.0 484.0 1472.0 482.0 1470.0 482.0 1466.0 480.0 1464.0 480.0 1460.0 478.0 1458.0 478.0 1454.0 476.0 1452.0 476.0 1448.0 474.0 1446.0 474.0 1444.0 470.0 1440.0 468.0 1440.0 466.0 1438.0 464.0 1438.0 460.0 1434.0 460.0 1428.0 422.0 1428.0 422.0 1434.0 420.0 1436.0 416.0 1436.0 414.0 1434.0 414.0 1428.0 0.879932165145874
1180.0 4.0 1180.0 42.0 1186.0 42.0 1188.0 44.0 1188.0 46.0 1190.0 48.0 1190.0 60.0 1192.0 62.0 1192.0 76.0 1194.0 78.0 1194.0 86.0 1196.0 88.0 1196.0 102.0 1198.0 104.0 1198.0 120.0 1200.0 122.0 1200.0 128.0 1202.0 130.0 1202.0 134.0 1204.0 136.0 1204.0 138.0 1206.0 140.0 1206.0 146.0 1296.0 146.0 1296.0 140.0 1298.0 138.0 1300.0 138.0 1302.0 136.0 1306.0 136.0 1308.0 134.0 1314.0 134.0 1316.0 132.0 1326.0 132.0 1328.0 130.0 1348.0 130.0 1350.0 128.0 1354.0 128.0 1356.0 126.0 1358.0 126.0 1362.0 122.0 1368.0 122.0 1370.0 120.0 1380.0 120.0 1382.0 118.0 1386.0 118.0 1388.0 116.0 1392.0 116.0 1394.0 114.0 1396.0 114.0 1398.0 112.0 1404.0 112.0 1406.0 110.0 1412.0 110.0 1414.0 108.0 1418.0 108.0 1420.0 106.0 1424.0 106.0 1426.0 104.0 1442.0 104.0 1444.0 102.0 1466.0 102.0 1468.0 100.0 1486.0 100.0 1488.0 98.0 1498.0 98.0 1500.0 96.0 1502.0 96.0 1504.0 94.0 1510.0 94.0 1512.0 92.0 1520.0 92.0 1522.0 90.0 1528.0 90.0 1530.0 88.0 1536.0 88.0 1538.0 86.0 1548.0 86.0 1550.0 84.0 1562.0 84.0 1564.0 82.0 1574.0 82.0 1576.0 80.0 1586.0 80.0 1588.0 78.0 1596.0 78.0 1598.0 76.0 1604.0 76.0 1606.0 74.0 1612.0 74.0 1614.0 72.0 1618.0 72.0 1620.0 70.0 1634.0 70.0 1636.0 68.0 1644.0 68.0 1648.0 64.0 1658.0 64.0 1658.0 4.0 0.8415593504905701
1990.0 4.0 1990.0 14.0 1992.0 16.0 1992.0 36.0 1984.0 44.0 1982.0 44.0 1980.0 46.0 1976.0 46.0 1974.0 48.0 1972.0 48.0 1964.0 56.0 1964.0 58.0 1960.0 62.0 1960.0 66.0 1958.0 68.0 1958.0 74.0 1956.0 76.0 1956.0 84.0 1954.0 86.0 1948.0 86.0 1948.0 124.0 1954.0 124.0 1956.0 126.0 1958.0 126.0 1964.0 132.0 1964.0 138.0 1974.0 138.0 1974.0 132.0 1976.0 130.0 1978.0 130.0 1980.0 128.0 1984.0 128.0 1986.0 126.0 1998.0 126.0 2000.0 124.0 2024.0 124.0 2026.0 122.0 2036.0 122.0 2038.0 120.0 2046.0 120.0 2046.0 4.0 0.6705328226089478
1818.0 1940.0 1818.0 1946.0 1816.0 1948.0 1812.0 1948.0 1810.0 1950.0 1804.0 1950.0 1802.0 1952.0 1798.0 1952.0 1796.0 1954.0 1792.0 1954.0 1790.0 1956.0 1782.0 1956.0 1780.0 1958.0 1766.0 1958.0 1764.0 1960.0 1754.0 1960.0 1752.0 1962.0 1742.0 1962.0 1740.0 1964.0 1686.0 1964.0 1684.0 1966.0 1664.0 1966.0 1662.0 1968.0 1652.0 1968.0 1650.0 1970.0 1642.0 1970.0 1640.0 1972.0 1628.0 1972.0 1626.0 1974.0 1600.0 1974.0 1598.0 1976.0 1574.0 1976.0 1572.0 1978.0 1534.0 1978.0 1532.0 1980.0 1346.0 1980.0 1344.0 1982.0 1334.0 1982.0 1332.0 1984.0 1312.0 1984.0 1310.0 1986.0 1284.0 1986.0 1282.0 1988.0 1252.0 1988.0 1250.0 1990.0 1234.0 1990.0 1232.0 1992.0 1220.0 1992.0 1218.0 1994.0 1210.0 1994.0 1208.0 1996.0 1204.0 1996.0 1202.0 1998.0 1200.0 1998.0 1198.0 2000.0 1196.0 2000.0 1190.0 2006.0 1188.0 2006.0 1186.0 2008.0 1180.0 2008.0 1180.0 2046.0 2018.0 2046.0 2018.0 1988.0 2012.0 1988.0 2010.0 1986.0 2010.0 1984.0 2008.0 1982.0 2008.0 1974.0 2006.0 1972.0 2006.0 1966.0 2004.0 1964.0 2004.0 1958.0 2002.0 1956.0 2002.0 1954.0 2000.0 1952.0 2000.0 1950.0 1998.0 1948.0 1998.0 1940.0 0.6264041066169739
2026.0 172.0 2026.0 178.0 2024.0 180.0 2022.0 180.0 2020.0 182.0 2004.0 182.0 2004.0 266.0 2010.0 266.0 2012.0 268.0 2012.0 272.0 2014.0 274.0 2014.0 286.0 2016.0 288.0 2016.0 302.0 2018.0 304.0 2018.0 334.0 2020.0 336.0 2020.0 348.0 2022.0 350.0 2022.0 362.0 2024.0 364.0 2024.0 380.0 2026.0 382.0 2026.0 392.0 2028.0 394.0 2028.0 398.0 2030.0 400.0 2030.0 406.0 2032.0 408.0 2032.0 420.0 2034.0 422.0 2034.0 440.0 2036.0 442.0 2036.0 450.0 2038.0 452.0 2038.0 460.0 2040.0 462.0 2040.0 470.0 2042.0 472.0 2042.0 490.0 2046.0 490.0 2046.0 172.0 0.5740296244621277
1412.0 1676.0 1412.0 1682.0 1408.0 1686.0 1404.0 1686.0 1402.0 1688.0 1398.0 1688.0 1396.0 1690.0 1394.0 1690.0 1392.0 1692.0 1388.0 1692.0 1386.0 1694.0 1380.0 1694.0 1380.0 1778.0 1386.0 1778.0 1388.0 1780.0 1388.0 1784.0 1390.0 1786.0 1390.0 1806.0 1392.0 1808.0 1392.0 1814.0 1394.0 1816.0 1394.0 1820.0 1396.0 1822.0 1396.0 1824.0 1398.0 1824.0 1400.0 1826.0 1402.0 1826.0 1404.0 1828.0 1406.0 1828.0 1408.0 1830.0 1410.0 1830.0 1412.0 1832.0 1414.0 1832.0 1416.0 1834.0 1420.0 1834.0 1422.0 1836.0 1436.0 1836.0 1438.0 1834.0 1454.0 1834.0 1456.0 1832.0 1488.0 1832.0 1490.0 1830.0 1590.0 1830.0 1592.0 1828.0 1602.0 1828.0 1604.0 1826.0 1608.0 1826.0 1610.0 1824.0 1614.0 1824.0 1616.0 1822.0 1630.0 1822.0 1632.0 1820.0 1654.0 1820.0 1656.0 1818.0 1688.0 1818.0 1690.0 1820.0 1692.0 1820.0 1694.0 1822.0 1696.0 1822.0 1702.0 1828.0 1702.0 1830.0 1704.0 1832.0 1704.0 1842.0 1706.0 1844.0 1706.0 1846.0 1710.0 1850.0 1710.0 1858.0 1750.0 1858.0 1750.0 1848.0 1756.0 1842.0 1756.0 1840.0 1758.0 1838.0 1758.0 1836.0 1760.0 1834.0 1760.0 1832.0 1764.0 1828.0 1764.0 1826.0 1766.0 1824.0 1766.0 1822.0 1770.0 1818.0 1774.0 1818.0 1776.0 1816.0 1798.0 1816.0 1800.0 1814.0 1804.0 1814.0 1806.0 1812.0 1810.0 1812.0 1814.0 1808.0 1816.0 1808.0 1818.0 1806.0 1820.0 1806.0 1822.0 1804.0 1824.0 1804.0 1826.0 1802.0 1830.0 1802.0 1832.0 1800.0 1896.0 1800.0 1898.0 1798.0 1914.0 1798.0 1916.0 1796.0 1922.0 1796.0 1924.0 1794.0 1934.0 1794.0 1936.0 1792.0 1956.0 1792.0 1958.0 1790.0 1970.0 1790.0 1972.0 1788.0 1974.0 1788.0 1976.0 1786.0 1976.0 1784.0 1978.0 1782.0 1978.0 1760.0 1976.0 1758.0 1976.0 1744.0 1974.0 1742.0 1974.0 1718.0 1972.0 1716.0 1972.0 1702.0 1970.0 1700.0 1970.0 1694.0 1966.0 1690.0 1966.0 1676.0 1808.0 1676.0 1808.0 1682.0 1810.0 1682.0 1812.0 1684.0 1820.0 1684.0 1822.0 1686.0 1844.0 1686.0 1846.0 1688.0 1856.0 1688.0 1858.0 1690.0 1860.0 1690.0 1862.0 1692.0 1862.0 1700.0 1858.0 1704.0 1856.0 1704.0 1852.0 1708.0 1850.0 1708.0 1846.0 1712.0 1844.0 1712.0 1842.0 1714.0 1840.0 1714.0 1838.0 1716.0 1838.0 1718.0 1826.0 1730.0 1824.0 1730.0 1822.0 1732.0 1820.0 1732.0 1820.0 1734.0 1822.0 1736.0 1822.0 1738.0 1820.0 1740.0 1816.0 1740.0 1814.0 1738.0 1814.0 1732.0 1808.0 1732.0 1806.0 1730.0 1794.0 1730.0 1792.0 1732.0 1784.0 1732.0 1782.0 1730.0 1770.0 1730.0 1768.0 1728.0 1766.0 1728.0 1764.0 1726.0 1762.0 1726.0 1752.0 1716.0 1750.0 1716.0 1748.0 1714.0 1746.0 1714.0 1744.0 1712.0 1740.0 1712.0 1738.0 1710.0 1734.0 1710.0 1732.0 1708.0 1728.0 1708.0 1726.0 1706.0 1720.0 1706.0 1718.0 1704.0 1706.0 1704.0 1704.0 1706.0 1700.0 1706.0 1698.0 1708.0 1694.0 1708.0 1692.0 1710.0 1682.0 1710.0 1680.0 1708.0 1678.0 1708.0 1676.0 1706.0 1674.0 1706.0 1668.0 1700.0 1660.0 1700.0 1658.0 1698.0 1656.0 1698.0 1642.0 1684.0 1642.0 1676.0 0.5068259835243225
