978.0 1052.0 978.0 1058.0 976.0 1060.0 970.0 1060.0 968.0 1062.0 950.0 1062.0 948.0 1064.0 928.0 1064.0 926.0 1066.0 900.0 1066.0 898.0 1068.0 886.0 1068.0 884.0 1070.0 874.0 1070.0 872.0 1072.0 854.0 1072.0 852.0 1074.0 842.0 1074.0 840.0 1076.0 840.0 1082.0 842.0 1084.0 844.0 1084.0 846.0 1086.0 850.0 1086.0 856.0 1092.0 856.0 1094.0 858.0 1096.0 860.0 1096.0 864.0 1100.0 864.0 1102.0 870.0 1108.0 870.0 1118.0 872.0 1120.0 872.0 1124.0 874.0 1126.0 874.0 1130.0 876.0 1132.0 876.0 1134.0 882.0 1140.0 882.0 1142.0 884.0 1144.0 884.0 1146.0 886.0 1146.0 888.0 1148.0 890.0 1148.0 892.0 1150.0 894.0 1150.0 896.0 1152.0 898.0 1152.0 902.0 1156.0 902.0 1166.0 904.0 1168.0 904.0 1182.0 906.0 1184.0 906.0 1196.0 908.0 1198.0 908.0 1200.0 910.0 1202.0 910.0 1204.0 904.0 1210.0 902.0 1210.0 898.0 1214.0 892.0 1214.0 892.0 1216.0 886.0 1222.0 882.0 1222.0 880.0 1224.0 876.0 1224.0 874.0 1226.0 870.0 1226.0 868.0 1228.0 868.0 1238.0 866.0 1240.0 866.0 1248.0 868.0 1250.0 868.0 1252.0 866.0 1254.0 866.0 1266.0 864.0 1268.0 864.0 1274.0 862.0 1276.0 862.0 1290.0 860.0 1292.0 860.0 1294.0 862.0 1296.0 862.0 1298.0 860.0 1300.0 860.0 1302.0 858.0 1304.0 856.0 1304.0 854.0 1306.0 850.0 1306.0 842.0 1298.0 842.0 1294.0 840.0 1292.0 840.0 1288.0 838.0 1286.0 838.0 1284.0 836.0 1282.0 836.0 1278.0 834.0 1276.0 834.0 1272.0 832.0 1270.0 832.0 1258.0 830.0 1256.0 830.0 1244.0 832.0 1242.0 832.0 1230.0 834.0 1228.0 834.0 1226.0 836.0 1224.0 838.0 1224.0 842.0 1220.0 846.0 1220.0 848.0 1218.0 850.0 1218.0 856.0 1212.0 852.0 1208.0 852.0 1204.0 846.0 1198.0 846.0 1196.0 844.0 1194.0 844.0 1192.0 842.0 1190.0 842.0 1188.0 840.0 1186.0 840.0 1180.0 844.0 1176.0 844.0 1174.0 846.0 1172.0 846.0 1162.0 844.0 1160.0 844.0 1158.0 842.0 1156.0 842.0 1148.0 832.0 1138.0 832.0 1132.0 830.0 1130.0 830.0 1126.0 828.0 1124.0 828.0 1110.0 826.0 1108.0 826.0 1104.0 828.0 1102.0 828.0 1098.0 826.0 1096.0 826.0 1090.0 824.0 1088.0 824.0 1086.0 820.0 1082.0 818.0 1082.0 816.0 1080.0 814.0 1080.0 812.0 1078.0 808.0 1078.0 806.0 1076.0 804.0 1076.0 802.0 1074.0 800.0 1074.0 798.0 1072.0 796.0 1072.0 792.0 1068.0 788.0 1068.0 786.0 1066.0 782.0 1066.0 780.0 1064.0 746.0 1064.0 744.0 1066.0 738.0 1066.0 736.0 1068.0 730.0 1068.0 728.0 1070.0 722.0 1070.0 720.0 1072.0 714.0 1072.0 712.0 1074.0 706.0 1074.0 704.0 1076.0 698.0 1076.0 696.0 1078.0 690.0 1078.0 688.0 1080.0 682.0 1080.0 680.0 1082.0 676.0 1082.0 674.0 1084.0 670.0 1084.0 668.0 1086.0 660.0 1086.0 658.0 1088.0 638.0 1088.0 636.0 1090.0 626.0 1090.0 624.0 1092.0 618.0 1092.0 616.0 1094.0 614.0 1094.0 612.0 1096.0 610.0 1096.0 608.0 1098.0 606.0 1098.0 604.0 1100.0 602.0 1100.0 598.0 1104.0 596.0 1104.0 594.0 1106.0 588.0 1106.0 588.0 1196.0 594.0 1196.0 596.0 1198.0 596.0 1202.0 598.0 1204.0 598.0 1214.0 600.0 1216.0 600.0 1230.0 602.0 1232.0 602.0 1238.0 604.0 1240.0 604.0 1242.0 620.0 1258.0 620.0 1262.0 618.0 1264.0 618.0 1268.0 612.0 1274.0 612.0 1278.0 610.0 1280.0 610.0 1286.0 608.0 1288.0 608.0 1318.0 606.0 1320.0 606.0 1344.0 608.0 1346.0 608.0 1370.0 610.0 1372.0 610.0 1384.0 612.0 1386.0 612.0 1390.0 614.0 1392.0 614.0 1394.0 616.0 1396.0 616.0 1398.0 622.0 1404.0 624.0 1404.0 626.0 1406.0 628.0 1406.0 630.0 1408.0 632.0 1408.0 636.0 1412.0 638.0 1412.0 646.0 1420.0 646.0 1424.0 648.0 1426.0 648.0 1430.0 650.0 1432.0 650.0 1436.0 652.0 1438.0 652.0 1442.0 654.0 1444.0 654.0 1448.0 656.0 1450.0 656.0 1454.0 658.0 1456.0 658.0 1466.0 660.0 1468.0 660.0 1502.0 662.0 1504.0 662.0 1538.0 664.0 1540.0 664.0 1550.0 666.0 1552.0 666.0 1560.0 668.0 1562.0 668.0 1572.0 670.0 1574.0 670.0 1594.0 672.0 1596.0 672.0 1630.0 674.0 1632.0 674.0 1650.0 676.0 1652.0 676.0 1664.0 678.0 1666.0 678.0 1678.0 680.0 1680.0 680.0 1686.0 682.0 1688.0 682.0 1692.0 690.0 1700.0 690.0 1706.0 748.0 1706.0 748.0 1700.0 750.0 1698.0 764.0 1698.0 766.0 1696.0 788.0 1696.0 790.0 1694.0 842.0 1694.0 844.0 1692.0 856.0 1692.0 858.0 1690.0 866.0 1690.0 868.0 1688.0 870.0 1688.0 872.0 1686.0 878.0 1686.0 880.0 1684.0 928.0 1684.0 930.0 1682.0 946.0 1682.0 948.0 1680.0 958.0 1680.0 960.0 1678.0 1018.0 1678.0 1020.0 1676.0 1026.0 1676.0 1028.0 1674.0 1032.0 1674.0 1034.0 1672.0 1036.0 1672.0 1038.0 1670.0 1040.0 1670.0 1056.0 1654.0 1058.0 1654.0 1060.0 1652.0 1064.0 1652.0 1066.0 1650.0 1074.0 1650.0 1076.0 1648.0 1092.0 1648.0 1094.0 1646.0 1100.0 1646.0 1102.0 1644.0 1104.0 1644.0 1108.0 1640.0 1108.0 1638.0 1110.0 1636.0 1110.0 1612.0 1108.0 1610.0 1108.0 1596.0 1106.0 1594.0 1106.0 1578.0 1104.0 1576.0 1104.0 1560.0 1102.0 1558.0 1102.0 1532.0 1100.0 1530.0 1100.0 1496.0 1098.0 1494.0 1098.0 1476.0 1096.0 1474.0 1096.0 1460.0 1094.0 1458.0 1094.0 1438.0 1092.0 1436.0 1092.0 1410.0 1090.0 1408.0 1090.0 1388.0 1092.0 1386.0 1092.0 1380.0 1094.0 1378.0 1094.0 1376.0 1096.0 1374.0 1096.0 1372.0 1104.0 1364.0 1104.0 1362.0 1106.0 1360.0 1106.0 1358.0 1108.0 1356.0 1108.0 1324.0 1106.0 1322.0 1106.0 1316.0 1104.0 1314.0 1104.0 1312.0 1100.0 1308.0 1100.0 1306.0 1098.0 1304.0 1096.0 1304.0 1094.0 1302.0 1084.0 1302.0 1082.0 1300.0 1074.0 1300.0 1072.0 1298.0 1074.0 1296.0 1076.0 1296.0 1080.0 1292.0 1082.0 1292.0 1084.0 1290.0 1098.0 1290.0 1102.0 1286.0 1102.0 1282.0 1104.0 1280.0 1104.0 1260.0 1102.0 1258.0 1102.0 1250.0 1100.0 1248.0 1100.0 1238.0 1098.0 1236.0 1098.0 1226.0 1096.0 1224.0 1096.0 1214.0 1094.0 1212.0 1094.0 1194.0 1096.0 1192.0 1096.0 1178.0 1098.0 1176.0 1098.0 1160.0 1100.0 1158.0 1100.0 1124.0 1098.0 1122.0 1098.0 1108.0 1096.0 1106.0 1096.0 1096.0 1094.0 1094.0 1094.0 1084.0 1092.0 1082.0 1092.0 1070.0 1090.0 1068.0 1090.0 1066.0 1086.0 1062.0 1086.0 1060.0 1084.0 1058.0 1084.0 1052.0 0.9569898843765259
1618.0 1820.0 1618.0 1828.0 1608.0 1838.0 1606.0 1838.0 1604.0 1840.0 1602.0 1840.0 1600.0 1842.0 1598.0 1842.0 1596.0 1844.0 1562.0 1844.0 1560.0 1842.0 1556.0 1842.0 1554.0 1840.0 1552.0 1840.0 1548.0 1836.0 1544.0 1836.0 1542.0 1834.0 1518.0 1834.0 1516.0 1836.0 1474.0 1836.0 1472.0 1838.0 1420.0 1838.0 1418.0 1840.0 1408.0 1840.0 1406.0 1842.0 1394.0 1842.0 1392.0 1844.0 1384.0 1844.0 1382.0 1846.0 1374.0 1846.0 1372.0 1848.0 1364.0 1848.0 1362.0 1850.0 1358.0 1850.0 1356.0 1852.0 1350.0 1852.0 1348.0 1854.0 1340.0 1854.0 1338.0 1856.0 1336.0 1856.0 1328.0 1864.0 1328.0 1866.0 1326.0 1868.0 1326.0 1894.0 1328.0 1896.0 1328.0 1912.0 1330.0 1914.0 1330.0 1926.0 1328.0 1928.0 1328.0 1954.0 1326.0 1956.0 1326.0 1960.0 1324.0 1962.0 1324.0 1964.0 1322.0 1966.0 1316.0 1966.0 1316.0 2046.0 1826.0 2046.0 1826.0 2004.0 1820.0 2004.0 1818.0 2002.0 1818.0 2000.0 1816.0 1998.0 1816.0 1992.0 1814.0 1990.0 1814.0 1980.0 1812.0 1978.0 1812.0 1960.0 1814.0 1958.0 1814.0 1954.0 1812.0 1952.0 1812.0 1940.0 1810.0 1938.0 1810.0 1936.0 1808.0 1934.0 1808.0 1932.0 1800.0 1924.0 1800.0 1922.0 1798.0 1920.0 1798.0 1916.0 1796.0 1914.0 1796.0 1906.0 1794.0 1904.0 1794.0 1892.0 1792.0 1890.0 1792.0 1860.0 1790.0 1858.0 1790.0 1842.0 1788.0 1840.0 1788.0 1832.0 1786.0 1830.0 1786.0 1820.0 0.949016273021698
916.0 4.0 916.0 16.0 918.0 18.0 918.0 24.0 920.0 26.0 920.0 30.0 918.0 32.0 918.0 46.0 920.0 48.0 920.0 50.0 918.0 52.0 918.0 60.0 916.0 62.0 916.0 74.0 914.0 76.0 914.0 86.0 912.0 88.0 912.0 96.0 910.0 98.0 910.0 102.0 908.0 104.0 908.0 112.0 906.0 114.0 906.0 128.0 908.0 130.0 908.0 136.0 910.0 138.0 910.0 148.0 912.0 150.0 912.0 154.0 914.0 156.0 914.0 162.0 916.0 164.0 916.0 166.0 918.0 168.0 918.0 178.0 920.0 180.0 920.0 184.0 922.0 186.0 922.0 194.0 924.0 196.0 924.0 200.0 926.0 202.0 926.0 204.0 928.0 206.0 928.0 210.0 932.0 214.0 932.0 216.0 934.0 218.0 934.0 226.0 936.0 228.0 936.0 276.0 934.0 278.0 934.0 304.0 936.0 306.0 936.0 308.0 950.0 322.0 950.0 324.0 952.0 326.0 952.0 328.0 954.0 330.0 954.0 336.0 956.0 338.0 956.0 340.0 958.0 342.0 958.0 344.0 960.0 346.0 960.0 368.0 958.0 370.0 958.0 380.0 960.0 382.0 960.0 408.0 962.0 410.0 962.0 422.0 964.0 424.0 964.0 448.0 966.0 450.0 966.0 468.0 968.0 470.0 968.0 482.0 970.0 484.0 970.0 488.0 976.0 494.0 978.0 494.0 980.0 496.0 1002.0 496.0 1004.0 494.0 1030.0 494.0 1032.0 492.0 1060.0 492.0 1062.0 490.0 1074.0 490.0 1076.0 488.0 1088.0 488.0 1090.0 486.0 1116.0 486.0 1118.0 484.0 1162.0 484.0 1164.0 482.0 1170.0 482.0 1172.0 480.0 1174.0 480.0 1176.0 478.0 1180.0 478.0 1182.0 476.0 1188.0 476.0 1190.0 474.0 1198.0 474.0 1200.0 472.0 1212.0 472.0 1214.0 470.0 1236.0 470.0 1238.0 468.0 1254.0 468.0 1256.0 466.0 1264.0 466.0 1266.0 464.0 1276.0 464.0 1278.0 462.0 1304.0 462.0 1306.0 460.0 1326.0 460.0 1328.0 458.0 1336.0 458.0 1338.0 456.0 1348.0 456.0 1350.0 454.0 1370.0 454.0 1372.0 452.0 1388.0 452.0 1390.0 450.0 1396.0 450.0 1398.0 448.0 1406.0 448.0 1408.0 446.0 1422.0 446.0 1424.0 444.0 1436.0 444.0 1438.0 442.0 1446.0 442.0 1448.0 440.0 1452.0 440.0 1454.0 438.0 1466.0 438.0 1466.0 358.0 1460.0 358.0 1458.0 356.0 1458.0 354.0 1456.0 352.0 1456.0 348.0 1454.0 346.0 1454.0 338.0 1452.0 336.0 1452.0 326.0 1450.0 324.0 1450.0 316.0 1448.0 314.0 1448.0 312.0 1446.0 310.0 1446.0 304.0 1444.0 302.0 1444.0 296.0 1442.0 294.0 1442.0 288.0 1440.0 286.0 1440.0 284.0 1438.0 282.0 1438.0 278.0 1436.0 276.0 1436.0 252.0 1438.0 250.0 1438.0 246.0 1440.0 244.0 1440.0 238.0 1442.0 236.0 1442.0 192.0 1440.0 190.0 1440.0 180.0 1438.0 178.0 1438.0 168.0 1436.0 166.0 1436.0 130.0 1434.0 128.0 1434.0 106.0 1432.0 104.0 1432.0 96.0 1430.0 94.0 1430.0 82.0 1428.0 80.0 1428.0 56.0 1426.0 54.0 1426.0 42.0 1424.0 40.0 1424.0 34.0 1422.0 32.0 1422.0 20.0 1420.0 18.0 1420.0 4.0 0.9461041688919067
492.0 4.0 492.0 46.0 498.0 46.0 500.0 48.0 500.0 64.0 502.0 66.0 502.0 70.0 500.0 72.0 500.0 76.0 502.0 78.0 502.0 124.0 504.0 126.0 504.0 148.0 506.0 150.0 506.0 168.0 508.0 170.0 508.0 178.0 510.0 180.0 510.0 188.0 512.0 190.0 512.0 202.0 514.0 204.0 514.0 224.0 516.0 226.0 516.0 238.0 518.0 240.0 518.0 250.0 520.0 252.0 520.0 266.0 522.0 268.0 522.0 290.0 524.0 292.0 524.0 302.0 526.0 304.0 526.0 312.0 528.0 314.0 528.0 324.0 530.0 326.0 530.0 348.0 532.0 350.0 532.0 368.0 534.0 370.0 534.0 384.0 536.0 386.0 536.0 410.0 538.0 412.0 538.0 426.0 540.0 428.0 540.0 436.0 542.0 438.0 542.0 448.0 544.0 450.0 544.0 462.0 546.0 464.0 546.0 470.0 548.0 472.0 548.0 474.0 550.0 476.0 554.0 476.0 556.0 478.0 596.0 478.0 598.0 476.0 616.0 476.0 618.0 478.0 620.0 478.0 626.0 484.0 626.0 486.0 628.0 488.0 628.0 492.0 630.0 494.0 630.0 502.0 632.0 504.0 632.0 512.0 634.0 514.0 634.0 518.0 636.0 520.0 636.0 522.0 638.0 524.0 638.0 530.0 712.0 530.0 712.0 524.0 714.0 522.0 718.0 522.0 720.0 520.0 730.0 520.0 732.0 518.0 748.0 518.0 750.0 516.0 778.0 516.0 780.0 514.0 794.0 514.0 796.0 512.0 800.0 512.0 802.0 510.0 806.0 510.0 808.0 508.0 814.0 508.0 816.0 506.0 824.0 506.0 826.0 504.0 830.0 504.0 832.0 502.0 836.0 502.0 840.0 498.0 846.0 498.0 848.0 496.0 856.0 496.0 858.0 494.0 862.0 494.0 866.0 490.0 874.0 490.0 874.0 434.0 868.0 434.0 866.0 432.0 866.0 418.0 864.0 416.0 864.0 406.0 862.0 404.0 862.0 398.0 860.0 396.0 860.0 392.0 858.0 390.0 858.0 382.0 856.0 380.0 856.0 372.0 854.0 370.0 854.0 356.0 852.0 354.0 852.0 318.0 850.0 316.0 850.0 308.0 848.0 306.0 848.0 304.0 846.0 302.0 846.0 298.0 844.0 296.0 844.0 292.0 842.0 290.0 842.0 282.0 840.0 280.0 840.0 270.0 838.0 268.0 838.0 258.0 836.0 256.0 836.0 242.0 834.0 240.0 834.0 232.0 832.0 230.0 832.0 210.0 830.0 208.0 830.0 164.0 828.0 162.0 828.0 154.0 826.0 152.0 826.0 142.0 824.0 140.0 824.0 122.0 822.0 120.0 822.0 106.0 820.0 104.0 820.0 86.0 818.0 84.0 818.0 38.0 816.0 36.0 816.0 22.0 814.0 20.0 814.0 12.0 812.0 10.0 812.0 4.0 0.9424006938934326
1798.0 444.0 1798.0 450.0 1794.0 454.0 1792.0 454.0 1790.0 456.0 1788.0 456.0 1786.0 458.0 1784.0 458.0 1782.0 460.0 1778.0 460.0 1776.0 462.0 1766.0 462.0 1764.0 464.0 1750.0 464.0 1748.0 466.0 1738.0 466.0 1736.0 468.0 1724.0 468.0 1722.0 470.0 1710.0 470.0 1708.0 472.0 1690.0 472.0 1688.0 474.0 1658.0 474.0 1656.0 476.0 1642.0 476.0 1640.0 478.0 1632.0 478.0 1630.0 480.0 1624.0 480.0 1622.0 482.0 1620.0 482.0 1618.0 484.0 1614.0 484.0 1612.0 486.0 1610.0 486.0 1608.0 488.0 1606.0 488.0 1604.0 490.0 1596.0 490.0 1596.0 570.0 1602.0 570.0 1604.0 572.0 1604.0 574.0 1606.0 576.0 1606.0 588.0 1608.0 590.0 1608.0 604.0 1610.0 606.0 1610.0 612.0 1628.0 630.0 1630.0 630.0 1634.0 634.0 1634.0 636.0 1636.0 638.0 1636.0 644.0 1638.0 646.0 1638.0 652.0 1640.0 654.0 1640.0 660.0 1642.0 662.0 1642.0 670.0 1644.0 672.0 1644.0 678.0 1646.0 680.0 1646.0 688.0 1648.0 690.0 1648.0 696.0 1650.0 698.0 1650.0 704.0 1652.0 706.0 1652.0 712.0 1654.0 714.0 1654.0 722.0 1656.0 724.0 1656.0 748.0 1658.0 750.0 1658.0 762.0 1660.0 764.0 1660.0 770.0 1662.0 772.0 1662.0 776.0 1664.0 778.0 1664.0 782.0 1666.0 784.0 1666.0 820.0 1668.0 822.0 1668.0 832.0 1670.0 834.0 1670.0 872.0 1672.0 874.0 1672.0 884.0 1674.0 886.0 1674.0 890.0 1676.0 892.0 1676.0 894.0 1680.0 898.0 1680.0 906.0 1814.0 906.0 1814.0 900.0 1816.0 898.0 1834.0 898.0 1836.0 896.0 1856.0 896.0 1858.0 894.0 1876.0 894.0 1878.0 892.0 1896.0 892.0 1898.0 890.0 1934.0 890.0 1936.0 888.0 1948.0 888.0 1950.0 886.0 1964.0 886.0 1970.0 892.0 1970.0 894.0 1972.0 896.0 1972.0 898.0 1974.0 900.0 1974.0 906.0 2010.0 906.0 2010.0 620.0 2004.0 620.0 2002.0 618.0 2002.0 614.0 2000.0 612.0 2000.0 590.0 1998.0 588.0 1998.0 560.0 1996.0 558.0 1996.0 544.0 1994.0 542.0 1994.0 534.0 1992.0 532.0 1992.0 512.0 1990.0 510.0 1990.0 492.0 1988.0 490.0 1988.0 482.0 1986.0 480.0 1986.0 472.0 1984.0 470.0 1984.0 460.0 1982.0 458.0 1982.0 444.0 0.9261725544929504
68.0 4.0 68.0 74.0 76.0 74.0 84.0 82.0 84.0 90.0 86.0 92.0 86.0 124.0 88.0 126.0 88.0 130.0 90.0 132.0 90.0 140.0 92.0 142.0 92.0 150.0 94.0 152.0 94.0 162.0 96.0 164.0 96.0 170.0 98.0 172.0 98.0 174.0 100.0 176.0 100.0 182.0 102.0 184.0 102.0 198.0 104.0 200.0 104.0 244.0 102.0 246.0 102.0 260.0 100.0 262.0 100.0 282.0 102.0 284.0 102.0 288.0 104.0 290.0 104.0 292.0 108.0 296.0 108.0 298.0 112.0 302.0 114.0 302.0 122.0 310.0 164.0 310.0 166.0 312.0 170.0 312.0 172.0 314.0 168.0 318.0 154.0 318.0 152.0 320.0 144.0 320.0 142.0 322.0 114.0 322.0 112.0 324.0 106.0 324.0 104.0 326.0 100.0 326.0 94.0 332.0 94.0 334.0 92.0 336.0 92.0 348.0 90.0 350.0 90.0 386.0 92.0 388.0 92.0 398.0 94.0 400.0 94.0 408.0 96.0 410.0 96.0 422.0 98.0 424.0 98.0 432.0 100.0 434.0 100.0 438.0 102.0 440.0 102.0 442.0 106.0 446.0 106.0 448.0 112.0 454.0 112.0 456.0 114.0 458.0 114.0 462.0 116.0 464.0 116.0 474.0 118.0 476.0 118.0 498.0 120.0 500.0 120.0 510.0 122.0 512.0 122.0 520.0 124.0 522.0 124.0 526.0 126.0 528.0 126.0 530.0 128.0 532.0 128.0 536.0 130.0 538.0 130.0 540.0 132.0 542.0 132.0 544.0 134.0 546.0 134.0 550.0 136.0 552.0 136.0 554.0 138.0 556.0 138.0 558.0 140.0 560.0 140.0 562.0 142.0 564.0 142.0 570.0 190.0 570.0 190.0 564.0 192.0 562.0 200.0 562.0 202.0 560.0 210.0 560.0 212.0 558.0 226.0 558.0 228.0 556.0 262.0 556.0 264.0 554.0 288.0 554.0 290.0 552.0 300.0 552.0 302.0 550.0 314.0 550.0 316.0 548.0 338.0 548.0 340.0 546.0 350.0 546.0 352.0 544.0 358.0 544.0 360.0 542.0 368.0 542.0 370.0 540.0 382.0 540.0 384.0 538.0 398.0 538.0 400.0 536.0 408.0 536.0 410.0 534.0 416.0 534.0 418.0 532.0 422.0 532.0 424.0 530.0 428.0 530.0 430.0 528.0 434.0 528.0 436.0 526.0 440.0 526.0 442.0 524.0 450.0 524.0 452.0 522.0 458.0 522.0 460.0 520.0 468.0 520.0 470.0 518.0 482.0 518.0 484.0 516.0 500.0 516.0 502.0 514.0 504.0 514.0 504.0 512.0 506.0 510.0 514.0 510.0 514.0 478.0 508.0 478.0 506.0 476.0 506.0 474.0 504.0 472.0 504.0 466.0 502.0 464.0 502.0 456.0 500.0 454.0 500.0 440.0 498.0 438.0 498.0 426.0 496.0 424.0 496.0 420.0 494.0 418.0 494.0 410.0 492.0 408.0 492.0 398.0 490.0 396.0 490.0 392.0 488.0 390.0 488.0 388.0 484.0 384.0 484.0 382.0 482.0 380.0 482.0 352.0 480.0 350.0 480.0 340.0 478.0 338.0 478.0 328.0 476.0 326.0 476.0 308.0 474.0 306.0 474.0 294.0 472.0 292.0 472.0 286.0 470.0 284.0 470.0 276.0 468.0 274.0 468.0 258.0 466.0 256.0 466.0 240.0 464.0 238.0 464.0 198.0 462.0 196.0 462.0 188.0 460.0 186.0 460.0 176.0 458.0 174.0 458.0 168.0 456.0 166.0 456.0 158.0 454.0 156.0 454.0 142.0 452.0 140.0 452.0 112.0 450.0 110.0 450.0 98.0 448.0 96.0 448.0 86.0 446.0 84.0 446.0 70.0 444.0 68.0 444.0 58.0 442.0 56.0 442.0 52.0 440.0 50.0 440.0 46.0 438.0 44.0 438.0 40.0 436.0 38.0 436.0 18.0 434.0 16.0 434.0 4.0 0.9108562469482422
1500.0 0.0 1500.0 54.0 1506.0 54.0 1508.0 56.0 1508.0 58.0 1510.0 60.0 1510.0 64.0 1512.0 66.0 1512.0 70.0 1514.0 72.0 1514.0 74.0 1516.0 76.0 1518.0 76.0 1520.0 78.0 1522.0 78.0 1524.0 80.0 1532.0 80.0 1534.0 82.0 1542.0 82.0 1544.0 84.0 1544.0 96.0 1542.0 98.0 1542.0 100.0 1544.0 102.0 1544.0 104.0 1546.0 106.0 1546.0 112.0 1548.0 114.0 1548.0 130.0 1550.0 132.0 1550.0 134.0 1556.0 140.0 1556.0 152.0 1552.0 156.0 1538.0 156.0 1536.0 158.0 1534.0 158.0 1532.0 160.0 1530.0 160.0 1528.0 162.0 1526.0 162.0 1522.0 166.0 1520.0 166.0 1518.0 168.0 1516.0 168.0 1510.0 174.0 1510.0 176.0 1506.0 180.0 1500.0 180.0 1500.0 218.0 1506.0 218.0 1508.0 220.0 1510.0 220.0 1516.0 226.0 1520.0 226.0 1522.0 228.0 1524.0 228.0 1526.0 226.0 1528.0 226.0 1538.0 216.0 1540.0 216.0 1544.0 212.0 1544.0 210.0 1552.0 202.0 1554.0 202.0 1560.0 196.0 1562.0 196.0 1564.0 194.0 1566.0 196.0 1570.0 196.0 1572.0 198.0 1572.0 204.0 1574.0 206.0 1574.0 218.0 1576.0 220.0 1576.0 252.0 1574.0 254.0 1574.0 260.0 1570.0 264.0 1568.0 262.0 1554.0 262.0 1552.0 264.0 1550.0 264.0 1546.0 268.0 1546.0 284.0 1550.0 288.0 1550.0 290.0 1552.0 292.0 1554.0 292.0 1556.0 294.0 1560.0 294.0 1562.0 296.0 1568.0 296.0 1570.0 294.0 1576.0 300.0 1576.0 302.0 1580.0 306.0 1580.0 318.0 1578.0 320.0 1578.0 326.0 1576.0 328.0 1576.0 330.0 1574.0 332.0 1574.0 334.0 1572.0 336.0 1558.0 336.0 1556.0 334.0 1554.0 334.0 1552.0 332.0 1546.0 332.0 1544.0 330.0 1540.0 330.0 1538.0 328.0 1534.0 328.0 1532.0 326.0 1530.0 326.0 1524.0 332.0 1524.0 340.0 1522.0 342.0 1522.0 366.0 1524.0 368.0 1524.0 384.0 1526.0 386.0 1526.0 398.0 1528.0 400.0 1528.0 410.0 1530.0 412.0 1530.0 414.0 1534.0 418.0 1536.0 418.0 1538.0 420.0 1542.0 420.0 1544.0 422.0 1552.0 422.0 1554.0 424.0 1574.0 424.0 1576.0 426.0 1578.0 426.0 1580.0 428.0 1580.0 434.0 1600.0 434.0 1600.0 428.0 1602.0 426.0 1604.0 426.0 1606.0 424.0 1610.0 424.0 1612.0 422.0 1618.0 422.0 1620.0 420.0 1626.0 420.0 1628.0 418.0 1636.0 418.0 1640.0 414.0 1644.0 414.0 1646.0 412.0 1650.0 412.0 1652.0 410.0 1660.0 410.0 1662.0 408.0 1666.0 408.0 1668.0 406.0 1674.0 406.0 1676.0 404.0 1684.0 404.0 1686.0 402.0 1692.0 402.0 1694.0 400.0 1700.0 400.0 1702.0 398.0 1708.0 398.0 1710.0 396.0 1718.0 396.0 1720.0 394.0 1726.0 394.0 1728.0 392.0 1730.0 392.0 1736.0 386.0 1738.0 386.0 1744.0 380.0 1746.0 380.0 1748.0 378.0 1754.0 378.0 1756.0 376.0 1760.0 376.0 1762.0 374.0 1776.0 374.0 1778.0 372.0 1810.0 372.0 1812.0 370.0 1824.0 370.0 1826.0 368.0 1834.0 368.0 1836.0 366.0 1846.0 366.0 1848.0 364.0 1864.0 364.0 1866.0 362.0 1878.0 362.0 1880.0 360.0 1886.0 360.0 1888.0 358.0 1896.0 358.0 1898.0 356.0 1906.0 356.0 1908.0 354.0 1912.0 354.0 1916.0 350.0 1916.0 346.0 1918.0 344.0 1918.0 324.0 1920.0 322.0 1918.0 320.0 1918.0 270.0 1916.0 268.0 1916.0 244.0 1914.0 242.0 1914.0 226.0 1912.0 224.0 1912.0 184.0 1910.0 182.0 1910.0 172.0 1912.0 170.0 1912.0 164.0 1918.0 158.0 1920.0 158.0 1922.0 156.0 1924.0 156.0 1928.0 152.0 1938.0 152.0 1938.0 0.0 0.9082514643669128
242.0 1948.0 242.0 1954.0 238.0 1958.0 236.0 1958.0 234.0 1960.0 232.0 1960.0 228.0 1964.0 226.0 1964.0 224.0 1966.0 222.0 1966.0 218.0 1970.0 216.0 1970.0 212.0 1974.0 210.0 1974.0 208.0 1976.0 206.0 1976.0 202.0 1980.0 196.0 1980.0 196.0 2046.0 626.0 2046.0 626.0 2030.0 620.0 2030.0 618.0 2028.0 618.0 2026.0 616.0 2024.0 616.0 2020.0 614.0 2018.0 614.0 2016.0 612.0 2014.0 612.0 2004.0 610.0 2002.0 610.0 1996.0 606.0 1992.0 606.0 1990.0 604.0 1988.0 604.0 1986.0 598.0 1980.0 598.0 1978.0 588.0 1968.0 586.0 1968.0 582.0 1964.0 580.0 1964.0 578.0 1962.0 574.0 1962.0 572.0 1960.0 564.0 1960.0 562.0 1958.0 554.0 1958.0 552.0 1956.0 522.0 1956.0 520.0 1958.0 496.0 1958.0 494.0 1960.0 476.0 1960.0 474.0 1962.0 468.0 1962.0 466.0 1964.0 462.0 1964.0 458.0 1968.0 456.0 1968.0 446.0 1978.0 444.0 1978.0 442.0 1980.0 422.0 1980.0 420.0 1978.0 414.0 1978.0 412.0 1976.0 408.0 1976.0 404.0 1972.0 402.0 1972.0 400.0 1970.0 398.0 1970.0 396.0 1968.0 394.0 1968.0 390.0 1964.0 388.0 1964.0 386.0 1962.0 382.0 1962.0 380.0 1960.0 378.0 1960.0 376.0 1958.0 374.0 1958.0 370.0 1954.0 370.0 1948.0 322.0 1948.0 322.0 1954.0 320.0 1956.0 316.0 1956.0 314.0 1958.0 312.0 1956.0 306.0 1956.0 304.0 1954.0 304.0 1948.0 0.8587333559989929
690.0 598.0 688.0 600.0 680.0 600.0 678.0 602.0 666.0 602.0 664.0 604.0 662.0 604.0 656.0 610.0 656.0 624.0 654.0 626.0 660.0 632.0 660.0 646.0 662.0 648.0 662.0 656.0 660.0 658.0 660.0 662.0 662.0 664.0 662.0 668.0 658.0 672.0 652.0 672.0 644.0 664.0 644.0 662.0 642.0 660.0 640.0 660.0 638.0 658.0 636.0 658.0 628.0 650.0 628.0 648.0 626.0 646.0 618.0 646.0 616.0 644.0 614.0 644.0 612.0 642.0 604.0 642.0 602.0 640.0 600.0 640.0 598.0 638.0 596.0 638.0 592.0 634.0 592.0 628.0 590.0 628.0 588.0 626.0 570.0 626.0 568.0 624.0 552.0 624.0 550.0 626.0 508.0 626.0 506.0 624.0 496.0 624.0 494.0 622.0 488.0 622.0 486.0 620.0 480.0 620.0 478.0 618.0 476.0 618.0 472.0 614.0 470.0 614.0 468.0 612.0 462.0 618.0 460.0 618.0 458.0 620.0 456.0 620.0 454.0 622.0 452.0 622.0 450.0 624.0 448.0 624.0 444.0 628.0 420.0 628.0 418.0 630.0 384.0 630.0 382.0 632.0 356.0 632.0 354.0 634.0 328.0 634.0 326.0 636.0 300.0 636.0 298.0 638.0 280.0 638.0 278.0 640.0 268.0 640.0 266.0 642.0 254.0 642.0 252.0 644.0 236.0 644.0 234.0 646.0 232.0 646.0 230.0 648.0 228.0 648.0 226.0 650.0 226.0 652.0 224.0 654.0 224.0 656.0 222.0 658.0 222.0 704.0 220.0 706.0 220.0 708.0 218.0 710.0 212.0 704.0 212.0 702.0 210.0 700.0 210.0 690.0 212.0 688.0 212.0 686.0 214.0 684.0 214.0 682.0 212.0 680.0 212.0 676.0 210.0 674.0 210.0 672.0 208.0 670.0 208.0 668.0 206.0 668.0 204.0 666.0 202.0 666.0 200.0 668.0 198.0 668.0 196.0 670.0 194.0 670.0 192.0 672.0 190.0 672.0 188.0 674.0 184.0 674.0 182.0 676.0 180.0 676.0 178.0 678.0 178.0 680.0 176.0 682.0 176.0 700.0 178.0 702.0 178.0 710.0 180.0 712.0 180.0 734.0 182.0 736.0 182.0 748.0 184.0 750.0 184.0 760.0 186.0 762.0 186.0 770.0 188.0 772.0 188.0 778.0 190.0 780.0 190.0 784.0 192.0 786.0 192.0 790.0 194.0 792.0 194.0 794.0 196.0 796.0 196.0 798.0 202.0 804.0 204.0 804.0 206.0 806.0 210.0 806.0 220.0 816.0 220.0 818.0 224.0 822.0 224.0 824.0 226.0 826.0 226.0 828.0 228.0 830.0 228.0 836.0 230.0 838.0 230.0 842.0 232.0 844.0 232.0 848.0 234.0 850.0 234.0 854.0 236.0 856.0 236.0 858.0 238.0 860.0 238.0 866.0 240.0 868.0 240.0 872.0 242.0 874.0 242.0 876.0 244.0 878.0 244.0 880.0 248.0 884.0 248.0 886.0 250.0 886.0 258.0 894.0 258.0 896.0 262.0 900.0 262.0 902.0 268.0 908.0 268.0 916.0 264.0 920.0 262.0 920.0 260.0 922.0 260.0 926.0 258.0 928.0 258.0 934.0 256.0 936.0 256.0 942.0 254.0 944.0 254.0 950.0 252.0 952.0 252.0 962.0 250.0 964.0 250.0 968.0 248.0 970.0 248.0 978.0 244.0 982.0 240.0 982.0 236.0 978.0 228.0 978.0 222.0 972.0 220.0 972.0 218.0 970.0 216.0 970.0 212.0 966.0 212.0 964.0 210.0 964.0 210.0 966.0 208.0 968.0 208.0 1006.0 210.0 1008.0 210.0 1036.0 212.0 1038.0 212.0 1064.0 214.0 1066.0 214.0 1078.0 216.0 1080.0 216.0 1098.0 398.0 1098.0 398.0 1092.0 400.0 1090.0 402.0 1090.0 404.0 1088.0 412.0 1088.0 414.0 1086.0 422.0 1086.0 424.0 1084.0 428.0 1084.0 430.0 1082.0 430.0 1070.0 428.0 1068.0 428.0 1062.0 430.0 1060.0 426.0 1056.0 426.0 1054.0 424.0 1052.0 424.0 1050.0 430.0 1044.0 430.0 1036.0 426.0 1032.0 424.0 1032.0 420.0 1028.0 410.0 1028.0 408.0 1026.0 408.0 1024.0 404.0 1020.0 404.0 1018.0 402.0 1018.0 400.0 1016.0 394.0 1016.0 392.0 1014.0 390.0 1014.0 388.0 1012.0 380.0 1012.0 378.0 1010.0 376.0 1010.0 368.0 1002.0 368.0 1000.0 366.0 998.0 366.0 992.0 368.0 990.0 368.0 988.0 356.0 976.0 356.0 974.0 354.0 972.0 352.0 972.0 350.0 970.0 346.0 970.0 344.0 968.0 342.0 968.0 340.0 966.0 332.0 966.0 326.0 960.0 326.0 958.0 324.0 956.0 324.0 954.0 312.0 942.0 312.0 940.0 308.0 936.0 308.0 934.0 306.0 934.0 304.0 932.0 304.0 930.0 306.0 928.0 306.0 926.0 314.0 918.0 316.0 918.0 318.0 916.0 320.0 916.0 322.0 914.0 328.0 914.0 330.0 912.0 356.0 912.0 358.0 914.0 368.0 914.0 370.0 916.0 378.0 916.0 380.0 918.0 392.0 918.0 394.0 920.0 400.0 920.0 402.0 922.0 404.0 922.0 408.0 926.0 410.0 926.0 418.0 934.0 420.0 934.0 422.0 936.0 422.0 938.0 428.0 944.0 430.0 944.0 432.0 946.0 434.0 946.0 436.0 948.0 444.0 948.0 446.0 950.0 452.0 950.0 454.0 948.0 470.0 948.0 472.0 946.0 472.0 928.0 470.0 926.0 470.0 924.0 468.0 922.0 466.0 922.0 464.0 920.0 458.0 920.0 454.0 916.0 452.0 916.0 444.0 908.0 444.0 906.0 452.0 898.0 454.0 898.0 456.0 896.0 472.0 896.0 474.0 894.0 486.0 894.0 488.0 896.0 502.0 896.0 504.0 898.0 516.0 898.0 518.0 900.0 528.0 900.0 530.0 902.0 536.0 902.0 538.0 904.0 540.0 904.0 544.0 908.0 544.0 916.0 546.0 918.0 546.0 922.0 548.0 924.0 548.0 942.0 546.0 944.0 546.0 948.0 544.0 950.0 544.0 956.0 542.0 958.0 542.0 968.0 540.0 970.0 540.0 974.0 532.0 982.0 526.0 982.0 522.0 978.0 518.0 978.0 516.0 976.0 514.0 978.0 514.0 980.0 510.0 984.0 510.0 992.0 508.0 994.0 508.0 1016.0 506.0 1018.0 506.0 1020.0 508.0 1022.0 508.0 1044.0 510.0 1046.0 510.0 1054.0 512.0 1056.0 512.0 1062.0 514.0 1064.0 514.0 1066.0 516.0 1068.0 516.0 1070.0 518.0 1070.0 522.0 1074.0 524.0 1074.0 526.0 1076.0 538.0 1076.0 540.0 1078.0 562.0 1078.0 564.0 1076.0 594.0 1076.0 596.0 1074.0 628.0 1074.0 630.0 1072.0 648.0 1072.0 650.0 1070.0 662.0 1070.0 664.0 1068.0 698.0 1068.0 700.0 1066.0 710.0 1066.0 712.0 1064.0 714.0 1064.0 718.0 1060.0 720.0 1060.0 722.0 1058.0 736.0 1058.0 738.0 1056.0 792.0 1056.0 794.0 1054.0 804.0 1054.0 806.0 1052.0 816.0 1052.0 818.0 1050.0 824.0 1050.0 828.0 1046.0 830.0 1046.0 832.0 1044.0 834.0 1044.0 836.0 1042.0 838.0 1042.0 844.0 1036.0 848.0 1036.0 852.0 1032.0 852.0 1028.0 856.0 1024.0 856.0 1022.0 858.0 1020.0 880.0 1020.0 882.0 1018.0 888.0 1018.0 890.0 1020.0 894.0 1020.0 896.0 1022.0 900.0 1022.0 902.0 1024.0 904.0 1024.0 906.0 1026.0 934.0 1026.0 936.0 1024.0 954.0 1024.0 956.0 1022.0 958.0 1022.0 960.0 1020.0 966.0 1020.0 968.0 1018.0 988.0 1018.0 990.0 1016.0 994.0 1016.0 996.0 1014.0 1000.0 1014.0 1002.0 1012.0 1008.0 1012.0 1010.0 1010.0 1016.0 1010.0 1018.0 1008.0 1020.0 1008.0 1024.0 1004.0 1026.0 1004.0 1028.0 1002.0 1028.0 1000.0 1034.0 994.0 1034.0 990.0 1036.0 988.0 1036.0 986.0 1038.0 984.0 1038.0 980.0 1042.0 976.0 1042.0 974.0 1044.0 972.0 1044.0 970.0 1054.0 960.0 1054.0 958.0 1056.0 956.0 1056.0 950.0 1058.0 948.0 1058.0 938.0 1060.0 936.0 1060.0 926.0 1062.0 924.0 1062.0 900.0 1060.0 898.0 1060.0 892.0 1058.0 890.0 1058.0 888.0 1056.0 886.0 1056.0 882.0 1054.0 880.0 1054.0 876.0 1052.0 874.0 1052.0 872.0 1050.0 870.0 1050.0 868.0 1048.0 866.0 1046.0 866.0 1042.0 862.0 1036.0 862.0 1034.0 860.0 1030.0 860.0 1028.0 858.0 1024.0 858.0 1022.0 856.0 1020.0 856.0 1014.0 850.0 1014.0 848.0 1012.0 846.0 1012.0 842.0 1010.0 840.0 1010.0 838.0 1008.0 836.0 1008.0 832.0 1006.0 830.0 1006.0 828.0 1004.0 826.0 1004.0 822.0 1002.0 820.0 1002.0 816.0 1000.0 814.0 1000.0 788.0 1002.0 786.0 1002.0 782.0 1006.0 778.0 1014.0 778.0 1016.0 780.0 1020.0 780.0 1022.0 782.0 1028.0 782.0 1030.0 784.0 1050.0 784.0 1052.0 782.0 1060.0 782.0 1062.0 784.0 1070.0 784.0 1072.0 786.0 1080.0 786.0 1082.0 784.0 1086.0 784.0 1088.0 782.0 1096.0 782.0 1098.0 780.0 1100.0 780.0 1102.0 782.0 1110.0 782.0 1112.0 784.0 1132.0 784.0 1134.0 782.0 1148.0 782.0 1150.0 780.0 1156.0 780.0 1160.0 776.0 1160.0 774.0 1162.0 772.0 1162.0 766.0 1146.0 750.0 1144.0 752.0 1142.0 752.0 1140.0 754.0 1138.0 754.0 1136.0 756.0 1130.0 756.0 1126.0 752.0 1124.0 752.0 1120.0 748.0 1124.0 744.0 1144.0 744.0 1146.0 746.0 1148.0 744.0 1150.0 744.0 1152.0 742.0 1154.0 742.0 1156.0 740.0 1162.0 740.0 1164.0 738.0 1170.0 738.0 1170.0 656.0 1164.0 656.0 1162.0 658.0 1160.0 658.0 1152.0 666.0 1152.0 676.0 1150.0 678.0 1150.0 680.0 1142.0 688.0 1140.0 688.0 1138.0 690.0 1114.0 690.0 1112.0 692.0 1108.0 692.0 1106.0 694.0 1082.0 694.0 1080.0 692.0 1078.0 692.0 1070.0 684.0 1058.0 684.0 1056.0 682.0 1048.0 682.0 1046.0 680.0 1044.0 680.0 1038.0 674.0 1038.0 668.0 1032.0 662.0 1030.0 662.0 1028.0 660.0 1024.0 660.0 1022.0 658.0 1018.0 658.0 1008.0 648.0 1006.0 648.0 1004.0 646.0 1000.0 646.0 998.0 648.0 996.0 648.0 994.0 650.0 992.0 650.0 982.0 660.0 982.0 662.0 980.0 664.0 980.0 666.0 978.0 668.0 980.0 670.0 980.0 672.0 982.0 674.0 982.0 676.0 980.0 678.0 976.0 678.0 974.0 676.0 964.0 676.0 962.0 674.0 956.0 674.0 954.0 672.0 954.0 670.0 948.0 664.0 946.0 664.0 944.0 662.0 942.0 662.0 940.0 660.0 938.0 660.0 934.0 664.0 932.0 664.0 930.0 666.0 924.0 666.0 922.0 668.0 912.0 668.0 910.0 670.0 904.0 670.0 902.0 668.0 894.0 668.0 892.0 666.0 890.0 666.0 888.0 668.0 884.0 668.0 876.0 676.0 874.0 676.0 872.0 674.0 870.0 674.0 868.0 672.0 866.0 672.0 864.0 670.0 856.0 670.0 854.0 672.0 852.0 672.0 850.0 674.0 848.0 674.0 846.0 676.0 838.0 676.0 836.0 678.0 834.0 676.0 830.0 676.0 828.0 674.0 826.0 674.0 824.0 672.0 822.0 672.0 820.0 670.0 818.0 670.0 816.0 668.0 812.0 668.0 810.0 666.0 798.0 666.0 796.0 668.0 794.0 668.0 792.0 666.0 780.0 666.0 778.0 664.0 774.0 664.0 772.0 662.0 766.0 662.0 764.0 660.0 762.0 660.0 756.0 654.0 756.0 652.0 754.0 650.0 754.0 626.0 750.0 622.0 748.0 622.0 744.0 618.0 744.0 616.0 740.0 612.0 736.0 612.0 734.0 610.0 732.0 610.0 730.0 608.0 728.0 608.0 724.0 604.0 722.0 604.0 720.0 602.0 718.0 602.0 716.0 600.0 714.0 600.0 712.0 598.0 0.8238463401794434
938.0 1844.0 938.0 1850.0 936.0 1852.0 934.0 1852.0 932.0 1854.0 922.0 1854.0 920.0 1856.0 908.0 1856.0 906.0 1858.0 894.0 1858.0 892.0 1860.0 878.0 1860.0 876.0 1858.0 856.0 1858.0 854.0 1856.0 824.0 1856.0 822.0 1858.0 802.0 1858.0 800.0 1860.0 798.0 1860.0 796.0 1862.0 792.0 1862.0 790.0 1864.0 788.0 1864.0 786.0 1866.0 784.0 1866.0 770.0 1880.0 764.0 1880.0 764.0 1974.0 770.0 1974.0 772.0 1976.0 772.0 1984.0 774.0 1986.0 774.0 2002.0 776.0 2004.0 776.0 2028.0 778.0 2030.0 778.0 2040.0 780.0 2042.0 780.0 2046.0 1162.0 2046.0 1162.0 2042.0 1166.0 2038.0 1166.0 2036.0 1172.0 2030.0 1178.0 2030.0 1178.0 2008.0 1172.0 2008.0 1170.0 2006.0 1170.0 2000.0 1168.0 1998.0 1168.0 1976.0 1166.0 1974.0 1166.0 1970.0 1164.0 1968.0 1164.0 1966.0 1162.0 1964.0 1162.0 1962.0 1160.0 1960.0 1160.0 1944.0 1162.0 1942.0 1162.0 1934.0 1164.0 1932.0 1164.0 1922.0 1166.0 1920.0 1166.0 1904.0 1168.0 1902.0 1168.0 1856.0 1166.0 1854.0 1166.0 1844.0 0.8190796375274658
978.0 1052.0 978.0 1058.0 976.0 1060.0 970.0 1060.0 968.0 1062.0 950.0 1062.0 948.0 1064.0 918.0 1064.0 916.0 1066.0 890.0 1066.0 888.0 1068.0 880.0 1068.0 878.0 1070.0 828.0 1070.0 828.0 1168.0 834.0 1168.0 836.0 1170.0 836.0 1174.0 838.0 1176.0 838.0 1180.0 840.0 1182.0 840.0 1186.0 844.0 1190.0 844.0 1192.0 848.0 1196.0 848.0 1200.0 850.0 1202.0 850.0 1206.0 852.0 1208.0 852.0 1210.0 854.0 1212.0 854.0 1218.0 856.0 1220.0 856.0 1228.0 858.0 1230.0 858.0 1238.0 860.0 1240.0 860.0 1254.0 862.0 1256.0 862.0 1274.0 864.0 1276.0 864.0 1288.0 866.0 1290.0 866.0 1296.0 868.0 1298.0 868.0 1306.0 1064.0 1306.0 1064.0 1300.0 1066.0 1298.0 1068.0 1298.0 1070.0 1296.0 1074.0 1296.0 1076.0 1294.0 1092.0 1294.0 1094.0 1292.0 1096.0 1292.0 1100.0 1288.0 1100.0 1286.0 1102.0 1284.0 1102.0 1278.0 1104.0 1276.0 1104.0 1264.0 1102.0 1262.0 1102.0 1252.0 1100.0 1250.0 1100.0 1240.0 1098.0 1238.0 1098.0 1230.0 1096.0 1228.0 1096.0 1222.0 1094.0 1220.0 1094.0 1180.0 1096.0 1178.0 1096.0 1160.0 1098.0 1158.0 1098.0 1146.0 1100.0 1144.0 1100.0 1130.0 1098.0 1128.0 1098.0 1114.0 1096.0 1112.0 1096.0 1102.0 1094.0 1100.0 1094.0 1090.0 1092.0 1088.0 1092.0 1074.0 1090.0 1072.0 1090.0 1066.0 1086.0 1062.0 1086.0 1060.0 1084.0 1058.0 1084.0 1052.0 0.6611538529396057
