4.0 1820.0 4.0 2046.0 546.0 2046.0 546.0 1990.0 540.0 1990.0 538.0 1988.0 538.0 1984.0 536.0 1982.0 536.0 1974.0 534.0 1972.0 534.0 1964.0 532.0 1962.0 532.0 1948.0 530.0 1946.0 530.0 1934.0 528.0 1932.0 528.0 1912.0 526.0 1910.0 526.0 1900.0 524.0 1898.0 524.0 1896.0 526.0 1894.0 526.0 1892.0 524.0 1890.0 524.0 1882.0 522.0 1880.0 522.0 1876.0 520.0 1874.0 520.0 1870.0 518.0 1868.0 518.0 1856.0 516.0 1854.0 516.0 1844.0 514.0 1842.0 514.0 1834.0 510.0 1830.0 510.0 1820.0 370.0 1820.0 370.0 1826.0 366.0 1830.0 362.0 1830.0 360.0 1832.0 320.0 1832.0 318.0 1830.0 310.0 1830.0 308.0 1832.0 294.0 1832.0 292.0 1830.0 270.0 1830.0 268.0 1832.0 262.0 1832.0 260.0 1834.0 254.0 1834.0 252.0 1836.0 246.0 1836.0 244.0 1838.0 230.0 1838.0 228.0 1840.0 208.0 1840.0 206.0 1838.0 202.0 1838.0 200.0 1836.0 196.0 1836.0 194.0 1834.0 166.0 1834.0 164.0 1836.0 154.0 1836.0 152.0 1838.0 144.0 1838.0 142.0 1840.0 128.0 1840.0 126.0 1842.0 114.0 1842.0 112.0 1844.0 106.0 1844.0 104.0 1846.0 96.0 1846.0 94.0 1844.0 90.0 1844.0 72.0 1826.0 72.0 1820.0 0.9533590078353882
956.0 1452.0 956.0 1458.0 950.0 1464.0 948.0 1464.0 944.0 1468.0 940.0 1468.0 938.0 1470.0 936.0 1470.0 934.0 1472.0 926.0 1472.0 924.0 1474.0 912.0 1474.0 910.0 1476.0 906.0 1476.0 904.0 1478.0 898.0 1478.0 896.0 1480.0 890.0 1480.0 888.0 1482.0 880.0 1482.0 878.0 1484.0 866.0 1484.0 864.0 1486.0 856.0 1486.0 854.0 1488.0 840.0 1488.0 838.0 1486.0 810.0 1486.0 808.0 1488.0 798.0 1488.0 796.0 1490.0 770.0 1490.0 768.0 1492.0 752.0 1492.0 750.0 1494.0 742.0 1494.0 740.0 1496.0 734.0 1496.0 732.0 1498.0 724.0 1498.0 722.0 1500.0 708.0 1500.0 706.0 1502.0 690.0 1502.0 688.0 1504.0 674.0 1504.0 672.0 1506.0 662.0 1506.0 660.0 1508.0 638.0 1508.0 636.0 1510.0 634.0 1510.0 632.0 1508.0 620.0 1508.0 618.0 1506.0 600.0 1506.0 598.0 1504.0 596.0 1504.0 594.0 1506.0 572.0 1506.0 570.0 1508.0 558.0 1508.0 556.0 1510.0 548.0 1510.0 546.0 1512.0 538.0 1512.0 536.0 1514.0 530.0 1514.0 528.0 1516.0 516.0 1516.0 516.0 1580.0 522.0 1580.0 526.0 1584.0 526.0 1586.0 528.0 1588.0 528.0 1594.0 530.0 1596.0 530.0 1618.0 532.0 1620.0 532.0 1628.0 534.0 1630.0 534.0 1636.0 536.0 1638.0 536.0 1644.0 538.0 1646.0 538.0 1658.0 540.0 1660.0 540.0 1666.0 542.0 1668.0 542.0 1676.0 544.0 1678.0 544.0 1696.0 542.0 1698.0 542.0 1704.0 540.0 1706.0 540.0 1722.0 542.0 1724.0 542.0 1732.0 544.0 1734.0 544.0 1746.0 546.0 1748.0 546.0 1762.0 548.0 1764.0 548.0 1776.0 550.0 1778.0 550.0 1788.0 552.0 1790.0 552.0 1806.0 554.0 1808.0 554.0 1826.0 556.0 1828.0 556.0 1838.0 558.0 1840.0 558.0 1850.0 560.0 1852.0 560.0 1868.0 562.0 1870.0 562.0 1894.0 564.0 1896.0 564.0 1912.0 566.0 1914.0 566.0 1934.0 568.0 1936.0 568.0 1948.0 570.0 1950.0 570.0 1956.0 572.0 1958.0 572.0 1962.0 574.0 1964.0 574.0 1966.0 576.0 1968.0 576.0 1970.0 578.0 1972.0 578.0 1980.0 580.0 1982.0 580.0 1986.0 582.0 1988.0 582.0 1990.0 584.0 1992.0 584.0 1996.0 586.0 1998.0 586.0 2000.0 588.0 2002.0 588.0 2004.0 590.0 2006.0 590.0 2008.0 592.0 2010.0 592.0 2016.0 594.0 2018.0 594.0 2028.0 596.0 2030.0 596.0 2038.0 598.0 2040.0 598.0 2046.0 970.0 2046.0 970.0 2044.0 972.0 2042.0 1014.0 2042.0 1016.0 2040.0 1054.0 2040.0 1056.0 2038.0 1096.0 2038.0 1098.0 2036.0 1104.0 2036.0 1106.0 2034.0 1130.0 2034.0 1130.0 1892.0 1124.0 1892.0 1122.0 1890.0 1122.0 1888.0 1120.0 1886.0 1120.0 1880.0 1118.0 1878.0 1118.0 1858.0 1116.0 1856.0 1116.0 1832.0 1114.0 1830.0 1114.0 1820.0 1112.0 1818.0 1112.0 1812.0 1110.0 1810.0 1110.0 1802.0 1108.0 1800.0 1108.0 1790.0 1106.0 1788.0 1106.0 1780.0 1104.0 1778.0 1104.0 1772.0 1102.0 1770.0 1102.0 1760.0 1100.0 1758.0 1100.0 1738.0 1098.0 1736.0 1098.0 1722.0 1096.0 1720.0 1096.0 1708.0 1094.0 1706.0 1094.0 1690.0 1092.0 1688.0 1092.0 1644.0 1090.0 1642.0 1090.0 1632.0 1088.0 1630.0 1088.0 1618.0 1086.0 1616.0 1086.0 1604.0 1084.0 1602.0 1084.0 1594.0 1082.0 1592.0 1082.0 1586.0 1080.0 1584.0 1080.0 1578.0 1078.0 1576.0 1078.0 1568.0 1076.0 1566.0 1076.0 1556.0 1074.0 1554.0 1074.0 1542.0 1072.0 1540.0 1072.0 1516.0 1070.0 1514.0 1070.0 1506.0 1068.0 1504.0 1068.0 1500.0 1066.0 1498.0 1066.0 1494.0 1064.0 1492.0 1064.0 1486.0 1062.0 1484.0 1062.0 1478.0 1060.0 1476.0 1060.0 1468.0 1058.0 1466.0 1058.0 1462.0 1056.0 1460.0 1056.0 1452.0 0.9528487920761108
4.0 1212.0 4.0 1786.0 82.0 1786.0 82.0 1780.0 84.0 1778.0 88.0 1778.0 90.0 1776.0 96.0 1776.0 98.0 1774.0 102.0 1774.0 104.0 1772.0 106.0 1772.0 108.0 1770.0 112.0 1770.0 114.0 1768.0 126.0 1768.0 128.0 1770.0 132.0 1770.0 134.0 1772.0 138.0 1772.0 140.0 1774.0 148.0 1774.0 150.0 1776.0 176.0 1776.0 178.0 1774.0 184.0 1774.0 186.0 1772.0 190.0 1772.0 192.0 1770.0 196.0 1770.0 198.0 1768.0 206.0 1768.0 208.0 1766.0 344.0 1766.0 346.0 1764.0 378.0 1764.0 380.0 1762.0 390.0 1762.0 392.0 1760.0 398.0 1760.0 400.0 1758.0 406.0 1758.0 408.0 1756.0 412.0 1756.0 414.0 1754.0 418.0 1754.0 420.0 1752.0 422.0 1752.0 430.0 1744.0 430.0 1740.0 432.0 1738.0 432.0 1730.0 430.0 1728.0 430.0 1720.0 428.0 1718.0 428.0 1702.0 426.0 1700.0 426.0 1676.0 424.0 1674.0 424.0 1636.0 422.0 1634.0 422.0 1632.0 420.0 1630.0 420.0 1628.0 418.0 1626.0 418.0 1622.0 416.0 1620.0 416.0 1608.0 414.0 1606.0 414.0 1582.0 416.0 1580.0 416.0 1560.0 414.0 1558.0 414.0 1552.0 412.0 1550.0 412.0 1546.0 410.0 1544.0 410.0 1540.0 408.0 1538.0 408.0 1530.0 406.0 1528.0 406.0 1512.0 404.0 1510.0 404.0 1476.0 406.0 1474.0 406.0 1464.0 408.0 1462.0 408.0 1436.0 406.0 1434.0 406.0 1424.0 408.0 1422.0 408.0 1420.0 410.0 1418.0 412.0 1418.0 418.0 1424.0 420.0 1424.0 424.0 1420.0 424.0 1408.0 426.0 1406.0 426.0 1404.0 420.0 1398.0 418.0 1398.0 416.0 1396.0 412.0 1396.0 410.0 1394.0 408.0 1394.0 406.0 1392.0 406.0 1390.0 404.0 1388.0 402.0 1388.0 400.0 1386.0 396.0 1386.0 392.0 1382.0 392.0 1380.0 390.0 1378.0 390.0 1370.0 384.0 1364.0 384.0 1362.0 382.0 1360.0 382.0 1356.0 380.0 1354.0 380.0 1352.0 378.0 1350.0 378.0 1348.0 376.0 1346.0 376.0 1330.0 374.0 1328.0 374.0 1308.0 372.0 1306.0 372.0 1300.0 370.0 1298.0 370.0 1292.0 368.0 1290.0 368.0 1278.0 366.0 1276.0 366.0 1264.0 364.0 1262.0 364.0 1252.0 362.0 1250.0 362.0 1242.0 360.0 1240.0 360.0 1236.0 358.0 1234.0 358.0 1230.0 356.0 1228.0 356.0 1224.0 354.0 1222.0 354.0 1212.0 88.0 1212.0 88.0 1218.0 84.0 1222.0 68.0 1222.0 66.0 1220.0 64.0 1220.0 62.0 1218.0 62.0 1212.0 0.9432182908058167
1320.0 1796.0 1320.0 1806.0 1318.0 1808.0 1318.0 1810.0 1316.0 1812.0 1302.0 1812.0 1300.0 1814.0 1300.0 1816.0 1298.0 1818.0 1298.0 1822.0 1300.0 1824.0 1300.0 1834.0 1302.0 1836.0 1302.0 1850.0 1304.0 1852.0 1304.0 1882.0 1306.0 1884.0 1306.0 1890.0 1308.0 1892.0 1308.0 1896.0 1310.0 1898.0 1310.0 1900.0 1312.0 1902.0 1312.0 1904.0 1314.0 1906.0 1314.0 1908.0 1316.0 1910.0 1316.0 1918.0 1318.0 1920.0 1318.0 1926.0 1316.0 1928.0 1316.0 1934.0 1312.0 1938.0 1312.0 1940.0 1310.0 1942.0 1308.0 1942.0 1306.0 1944.0 1306.0 1946.0 1304.0 1948.0 1302.0 1948.0 1298.0 1952.0 1298.0 1956.0 1296.0 1958.0 1296.0 1964.0 1294.0 1966.0 1294.0 1968.0 1292.0 1970.0 1292.0 1974.0 1290.0 1976.0 1290.0 1978.0 1278.0 1990.0 1276.0 1990.0 1274.0 1992.0 1272.0 1992.0 1270.0 1994.0 1264.0 1994.0 1262.0 1996.0 1244.0 1996.0 1244.0 2018.0 1250.0 2018.0 1254.0 2022.0 1254.0 2024.0 1256.0 2026.0 1256.0 2028.0 1258.0 2030.0 1258.0 2032.0 1262.0 2036.0 1262.0 2038.0 1264.0 2040.0 1264.0 2042.0 1266.0 2044.0 1266.0 2046.0 1930.0 2046.0 1930.0 2012.0 1924.0 2012.0 1922.0 2010.0 1922.0 2008.0 1920.0 2006.0 1920.0 1998.0 1918.0 1996.0 1918.0 1982.0 1916.0 1980.0 1916.0 1970.0 1914.0 1968.0 1914.0 1964.0 1912.0 1962.0 1912.0 1960.0 1910.0 1958.0 1910.0 1956.0 1908.0 1954.0 1908.0 1952.0 1906.0 1950.0 1906.0 1946.0 1900.0 1940.0 1900.0 1938.0 1898.0 1938.0 1892.0 1932.0 1890.0 1932.0 1886.0 1928.0 1886.0 1926.0 1884.0 1924.0 1884.0 1922.0 1882.0 1920.0 1882.0 1916.0 1880.0 1914.0 1880.0 1908.0 1878.0 1906.0 1878.0 1900.0 1876.0 1898.0 1876.0 1894.0 1874.0 1892.0 1874.0 1886.0 1872.0 1884.0 1872.0 1872.0 1870.0 1870.0 1870.0 1860.0 1868.0 1858.0 1868.0 1848.0 1866.0 1846.0 1866.0 1844.0 1864.0 1842.0 1864.0 1840.0 1862.0 1838.0 1862.0 1836.0 1860.0 1834.0 1860.0 1832.0 1858.0 1830.0 1856.0 1830.0 1854.0 1828.0 1848.0 1828.0 1846.0 1830.0 1828.0 1830.0 1826.0 1832.0 1824.0 1832.0 1816.0 1840.0 1816.0 1842.0 1804.0 1854.0 1800.0 1854.0 1798.0 1856.0 1776.0 1856.0 1774.0 1854.0 1770.0 1854.0 1768.0 1852.0 1764.0 1852.0 1762.0 1850.0 1760.0 1850.0 1758.0 1848.0 1756.0 1848.0 1754.0 1846.0 1752.0 1846.0 1748.0 1842.0 1746.0 1842.0 1744.0 1840.0 1742.0 1840.0 1740.0 1838.0 1738.0 1838.0 1736.0 1836.0 1732.0 1836.0 1730.0 1834.0 1720.0 1834.0 1718.0 1832.0 1708.0 1832.0 1706.0 1830.0 1700.0 1830.0 1694.0 1824.0 1694.0 1822.0 1692.0 1820.0 1692.0 1816.0 1694.0 1814.0 1694.0 1812.0 1690.0 1808.0 1690.0 1806.0 1688.0 1804.0 1688.0 1796.0 1612.0 1796.0 1612.0 1804.0 1610.0 1806.0 1608.0 1806.0 1606.0 1808.0 1602.0 1808.0 1600.0 1810.0 1598.0 1810.0 1596.0 1812.0 1594.0 1812.0 1594.0 1814.0 1578.0 1830.0 1576.0 1830.0 1574.0 1832.0 1570.0 1832.0 1568.0 1834.0 1566.0 1834.0 1560.0 1840.0 1560.0 1842.0 1558.0 1844.0 1556.0 1844.0 1554.0 1846.0 1540.0 1846.0 1538.0 1844.0 1532.0 1844.0 1528.0 1840.0 1526.0 1840.0 1524.0 1838.0 1522.0 1838.0 1514.0 1830.0 1512.0 1830.0 1508.0 1826.0 1506.0 1826.0 1504.0 1824.0 1502.0 1824.0 1500.0 1822.0 1494.0 1822.0 1492.0 1820.0 1482.0 1820.0 1480.0 1822.0 1474.0 1822.0 1472.0 1824.0 1470.0 1824.0 1466.0 1828.0 1464.0 1828.0 1462.0 1830.0 1420.0 1830.0 1418.0 1828.0 1408.0 1828.0 1406.0 1826.0 1404.0 1826.0 1402.0 1824.0 1400.0 1824.0 1398.0 1822.0 1396.0 1822.0 1392.0 1818.0 1390.0 1818.0 1380.0 1808.0 1380.0 1806.0 1376.0 1802.0 1376.0 1796.0 0.9293780326843262
1020.0 12.0 1020.0 34.0 1026.0 34.0 1028.0 36.0 1028.0 88.0 1026.0 90.0 1020.0 90.0 1020.0 92.0 1026.0 92.0 1028.0 94.0 1028.0 100.0 1026.0 102.0 1020.0 102.0 1020.0 168.0 1026.0 168.0 1028.0 170.0 1028.0 232.0 1030.0 234.0 1030.0 242.0 1032.0 244.0 1032.0 248.0 1036.0 252.0 1064.0 252.0 1066.0 250.0 1088.0 250.0 1090.0 252.0 1122.0 252.0 1124.0 250.0 1148.0 250.0 1150.0 252.0 1152.0 252.0 1156.0 256.0 1158.0 256.0 1160.0 258.0 1162.0 258.0 1164.0 260.0 1168.0 260.0 1170.0 262.0 1190.0 262.0 1192.0 264.0 1314.0 264.0 1316.0 266.0 1366.0 266.0 1368.0 264.0 1388.0 264.0 1390.0 266.0 1416.0 266.0 1418.0 268.0 1424.0 268.0 1428.0 272.0 1430.0 272.0 1436.0 278.0 1438.0 278.0 1440.0 280.0 1442.0 280.0 1444.0 282.0 1448.0 282.0 1450.0 284.0 1452.0 284.0 1458.0 290.0 1470.0 290.0 1472.0 292.0 1476.0 292.0 1478.0 290.0 1492.0 290.0 1494.0 288.0 1496.0 288.0 1498.0 286.0 1520.0 286.0 1522.0 288.0 1532.0 288.0 1534.0 290.0 1578.0 290.0 1580.0 288.0 1584.0 288.0 1586.0 286.0 1590.0 286.0 1592.0 284.0 1608.0 284.0 1610.0 282.0 1620.0 282.0 1622.0 280.0 1634.0 280.0 1636.0 282.0 1644.0 282.0 1646.0 284.0 1650.0 284.0 1652.0 286.0 1660.0 286.0 1662.0 288.0 1676.0 288.0 1678.0 290.0 1722.0 290.0 1724.0 292.0 1730.0 292.0 1732.0 294.0 1736.0 294.0 1738.0 292.0 1750.0 292.0 1754.0 288.0 1754.0 286.0 1756.0 284.0 1756.0 282.0 1764.0 274.0 1782.0 274.0 1796.0 288.0 1802.0 288.0 1804.0 286.0 1806.0 286.0 1808.0 284.0 1810.0 284.0 1814.0 280.0 1816.0 280.0 1820.0 276.0 1822.0 276.0 1824.0 274.0 1828.0 274.0 1830.0 272.0 1846.0 272.0 1848.0 270.0 1872.0 270.0 1874.0 268.0 1904.0 268.0 1906.0 270.0 2006.0 270.0 2008.0 268.0 2014.0 268.0 2016.0 270.0 2030.0 270.0 2032.0 272.0 2046.0 272.0 2046.0 12.0 0.8894355297088623
132.0 4.0 132.0 272.0 140.0 272.0 142.0 270.0 148.0 270.0 150.0 268.0 154.0 268.0 156.0 266.0 160.0 266.0 162.0 264.0 166.0 264.0 168.0 262.0 174.0 262.0 176.0 260.0 190.0 260.0 192.0 258.0 188.0 258.0 176.0 246.0 176.0 244.0 174.0 242.0 174.0 230.0 172.0 228.0 172.0 226.0 174.0 224.0 174.0 212.0 176.0 210.0 176.0 200.0 178.0 198.0 178.0 196.0 180.0 194.0 180.0 192.0 182.0 190.0 182.0 186.0 180.0 184.0 180.0 178.0 178.0 176.0 178.0 170.0 176.0 168.0 176.0 166.0 174.0 164.0 174.0 160.0 172.0 158.0 172.0 154.0 170.0 152.0 170.0 150.0 168.0 148.0 168.0 146.0 176.0 138.0 178.0 138.0 178.0 136.0 180.0 134.0 180.0 132.0 182.0 130.0 180.0 128.0 180.0 126.0 178.0 124.0 178.0 112.0 180.0 110.0 180.0 108.0 178.0 106.0 172.0 106.0 170.0 108.0 170.0 116.0 176.0 122.0 172.0 126.0 156.0 126.0 150.0 120.0 150.0 118.0 148.0 116.0 148.0 114.0 146.0 112.0 146.0 106.0 148.0 104.0 150.0 104.0 154.0 100.0 154.0 94.0 156.0 92.0 154.0 90.0 154.0 82.0 152.0 80.0 152.0 74.0 150.0 72.0 150.0 70.0 148.0 68.0 148.0 66.0 146.0 64.0 146.0 62.0 144.0 60.0 144.0 58.0 142.0 56.0 142.0 34.0 146.0 30.0 154.0 38.0 156.0 38.0 166.0 48.0 168.0 48.0 176.0 56.0 178.0 56.0 192.0 70.0 194.0 70.0 200.0 76.0 202.0 76.0 210.0 84.0 212.0 84.0 218.0 90.0 220.0 90.0 230.0 100.0 232.0 100.0 242.0 110.0 244.0 110.0 252.0 118.0 254.0 118.0 268.0 132.0 270.0 132.0 276.0 138.0 278.0 138.0 288.0 148.0 290.0 148.0 306.0 164.0 308.0 164.0 310.0 166.0 312.0 166.0 316.0 170.0 318.0 170.0 320.0 172.0 322.0 172.0 326.0 176.0 328.0 176.0 340.0 188.0 344.0 188.0 346.0 190.0 348.0 190.0 350.0 188.0 354.0 188.0 370.0 172.0 372.0 172.0 376.0 168.0 378.0 168.0 382.0 164.0 384.0 164.0 388.0 160.0 390.0 160.0 398.0 152.0 402.0 152.0 408.0 146.0 410.0 146.0 412.0 144.0 416.0 144.0 418.0 142.0 424.0 142.0 426.0 144.0 426.0 148.0 414.0 160.0 412.0 160.0 406.0 166.0 406.0 168.0 394.0 180.0 394.0 184.0 384.0 194.0 384.0 196.0 382.0 198.0 382.0 202.0 380.0 204.0 380.0 206.0 378.0 208.0 376.0 208.0 374.0 210.0 372.0 210.0 364.0 218.0 364.0 226.0 378.0 240.0 378.0 242.0 380.0 244.0 382.0 244.0 388.0 250.0 390.0 250.0 394.0 254.0 394.0 256.0 396.0 258.0 398.0 258.0 400.0 260.0 408.0 260.0 408.0 258.0 402.0 252.0 402.0 248.0 400.0 246.0 400.0 244.0 390.0 234.0 390.0 228.0 394.0 224.0 396.0 224.0 402.0 230.0 406.0 230.0 408.0 232.0 412.0 232.0 418.0 238.0 422.0 238.0 424.0 236.0 426.0 236.0 428.0 234.0 432.0 234.0 434.0 232.0 440.0 232.0 442.0 230.0 470.0 230.0 472.0 232.0 474.0 232.0 476.0 234.0 480.0 234.0 482.0 236.0 484.0 236.0 488.0 240.0 490.0 240.0 492.0 242.0 488.0 246.0 486.0 246.0 484.0 248.0 476.0 248.0 474.0 250.0 472.0 250.0 470.0 252.0 468.0 252.0 466.0 254.0 434.0 254.0 432.0 256.0 430.0 256.0 428.0 258.0 424.0 258.0 424.0 260.0 426.0 262.0 436.0 262.0 438.0 264.0 600.0 264.0 602.0 266.0 618.0 266.0 620.0 264.0 626.0 264.0 628.0 262.0 638.0 262.0 640.0 264.0 646.0 264.0 648.0 266.0 652.0 266.0 654.0 264.0 666.0 264.0 668.0 266.0 670.0 266.0 672.0 268.0 674.0 268.0 680.0 274.0 684.0 274.0 686.0 276.0 696.0 276.0 698.0 278.0 704.0 278.0 706.0 280.0 708.0 280.0 710.0 282.0 724.0 282.0 726.0 284.0 748.0 284.0 750.0 286.0 758.0 286.0 760.0 288.0 766.0 288.0 768.0 290.0 778.0 290.0 780.0 288.0 782.0 288.0 786.0 284.0 786.0 282.0 788.0 280.0 788.0 276.0 790.0 274.0 790.0 270.0 792.0 268.0 792.0 264.0 796.0 260.0 796.0 254.0 798.0 252.0 798.0 248.0 800.0 246.0 800.0 244.0 804.0 240.0 804.0 238.0 806.0 236.0 806.0 234.0 814.0 226.0 814.0 224.0 816.0 222.0 816.0 220.0 824.0 212.0 826.0 212.0 828.0 210.0 828.0 204.0 834.0 198.0 834.0 196.0 836.0 194.0 836.0 190.0 838.0 188.0 838.0 186.0 834.0 182.0 820.0 182.0 818.0 184.0 812.0 184.0 810.0 186.0 806.0 186.0 804.0 188.0 796.0 188.0 794.0 190.0 786.0 190.0 784.0 188.0 780.0 188.0 772.0 180.0 772.0 178.0 770.0 176.0 770.0 174.0 766.0 170.0 762.0 170.0 760.0 168.0 758.0 168.0 756.0 166.0 752.0 166.0 750.0 164.0 750.0 154.0 752.0 152.0 752.0 146.0 754.0 144.0 754.0 140.0 758.0 136.0 758.0 134.0 762.0 130.0 764.0 130.0 766.0 128.0 768.0 128.0 772.0 124.0 774.0 124.0 778.0 120.0 780.0 120.0 788.0 112.0 790.0 112.0 802.0 100.0 802.0 98.0 804.0 96.0 806.0 96.0 808.0 94.0 808.0 92.0 820.0 80.0 822.0 80.0 826.0 76.0 828.0 76.0 832.0 72.0 834.0 72.0 836.0 70.0 838.0 70.0 840.0 68.0 842.0 68.0 844.0 66.0 846.0 66.0 850.0 62.0 854.0 62.0 856.0 60.0 858.0 60.0 860.0 58.0 866.0 64.0 866.0 66.0 868.0 68.0 876.0 68.0 878.0 66.0 880.0 66.0 880.0 64.0 884.0 60.0 888.0 60.0 890.0 58.0 898.0 66.0 906.0 66.0 906.0 4.0 0.879581093788147
1966.0 348.0 1966.0 356.0 1962.0 360.0 1956.0 360.0 1956.0 408.0 1962.0 408.0 1964.0 410.0 1964.0 460.0 1966.0 462.0 1966.0 504.0 1964.0 506.0 1964.0 566.0 1966.0 568.0 1966.0 586.0 1968.0 588.0 1968.0 596.0 1970.0 598.0 1970.0 606.0 1972.0 608.0 1972.0 628.0 1974.0 630.0 1974.0 668.0 1976.0 670.0 1976.0 706.0 1978.0 708.0 1978.0 712.0 1980.0 714.0 1980.0 716.0 1982.0 718.0 1982.0 720.0 1986.0 724.0 1986.0 730.0 2046.0 730.0 2046.0 348.0 0.8694243431091309
418.0 540.0 418.0 554.0 420.0 556.0 420.0 558.0 426.0 564.0 426.0 574.0 428.0 576.0 428.0 584.0 430.0 586.0 430.0 598.0 426.0 602.0 426.0 604.0 428.0 604.0 434.0 610.0 434.0 614.0 432.0 616.0 432.0 620.0 434.0 622.0 434.0 626.0 436.0 628.0 436.0 634.0 438.0 636.0 438.0 638.0 442.0 642.0 442.0 646.0 440.0 648.0 440.0 652.0 438.0 654.0 438.0 658.0 436.0 660.0 436.0 662.0 434.0 664.0 434.0 666.0 432.0 668.0 432.0 676.0 426.0 682.0 426.0 686.0 428.0 688.0 428.0 694.0 430.0 696.0 430.0 702.0 432.0 704.0 432.0 706.0 434.0 708.0 434.0 710.0 432.0 712.0 432.0 716.0 434.0 718.0 434.0 722.0 432.0 724.0 432.0 726.0 426.0 732.0 426.0 734.0 424.0 736.0 424.0 742.0 426.0 744.0 426.0 750.0 428.0 752.0 428.0 814.0 430.0 816.0 430.0 818.0 432.0 820.0 432.0 830.0 434.0 832.0 434.0 846.0 436.0 848.0 436.0 852.0 442.0 858.0 442.0 868.0 444.0 870.0 444.0 960.0 442.0 962.0 442.0 1024.0 444.0 1026.0 444.0 1054.0 446.0 1056.0 446.0 1068.0 448.0 1070.0 448.0 1082.0 450.0 1084.0 450.0 1096.0 452.0 1098.0 452.0 1110.0 454.0 1112.0 454.0 1120.0 456.0 1122.0 456.0 1134.0 458.0 1136.0 458.0 1148.0 460.0 1150.0 460.0 1160.0 462.0 1162.0 462.0 1168.0 464.0 1170.0 464.0 1176.0 466.0 1178.0 466.0 1186.0 468.0 1188.0 468.0 1200.0 470.0 1202.0 470.0 1214.0 472.0 1216.0 472.0 1226.0 474.0 1228.0 474.0 1236.0 476.0 1238.0 476.0 1246.0 478.0 1248.0 478.0 1250.0 488.0 1260.0 488.0 1262.0 490.0 1264.0 490.0 1268.0 492.0 1270.0 492.0 1274.0 494.0 1276.0 494.0 1294.0 496.0 1296.0 496.0 1308.0 498.0 1310.0 498.0 1324.0 500.0 1326.0 500.0 1340.0 504.0 1340.0 510.0 1346.0 510.0 1348.0 508.0 1350.0 508.0 1370.0 516.0 1378.0 516.0 1380.0 520.0 1384.0 520.0 1386.0 522.0 1388.0 522.0 1394.0 524.0 1396.0 524.0 1402.0 528.0 1406.0 534.0 1406.0 536.0 1404.0 566.0 1404.0 568.0 1402.0 566.0 1400.0 566.0 1398.0 564.0 1396.0 564.0 1394.0 566.0 1392.0 568.0 1392.0 570.0 1390.0 574.0 1390.0 576.0 1392.0 578.0 1392.0 582.0 1396.0 580.0 1398.0 578.0 1398.0 574.0 1402.0 574.0 1404.0 580.0 1404.0 582.0 1406.0 586.0 1406.0 592.0 1412.0 590.0 1414.0 590.0 1420.0 592.0 1420.0 594.0 1422.0 604.0 1422.0 606.0 1424.0 634.0 1424.0 636.0 1422.0 662.0 1422.0 664.0 1420.0 682.0 1420.0 684.0 1418.0 692.0 1418.0 694.0 1416.0 696.0 1416.0 698.0 1414.0 702.0 1414.0 704.0 1412.0 708.0 1412.0 714.0 1406.0 716.0 1406.0 718.0 1404.0 720.0 1404.0 722.0 1402.0 726.0 1402.0 728.0 1400.0 730.0 1400.0 732.0 1398.0 738.0 1398.0 740.0 1396.0 820.0 1396.0 822.0 1394.0 846.0 1394.0 848.0 1396.0 874.0 1396.0 876.0 1394.0 886.0 1394.0 888.0 1392.0 904.0 1392.0 906.0 1390.0 926.0 1390.0 928.0 1388.0 938.0 1388.0 940.0 1386.0 944.0 1386.0 946.0 1384.0 948.0 1384.0 950.0 1382.0 952.0 1382.0 954.0 1380.0 956.0 1380.0 958.0 1378.0 964.0 1378.0 966.0 1376.0 972.0 1376.0 974.0 1374.0 984.0 1374.0 986.0 1372.0 1008.0 1372.0 1010.0 1370.0 1026.0 1370.0 1026.0 1268.0 1018.0 1268.0 1016.0 1266.0 1016.0 1264.0 1010.0 1258.0 1010.0 1256.0 1008.0 1254.0 1008.0 1248.0 1006.0 1246.0 1006.0 1200.0 1008.0 1198.0 1008.0 1192.0 1010.0 1190.0 1010.0 1186.0 1012.0 1184.0 1012.0 1174.0 1014.0 1172.0 1012.0 1170.0 1012.0 1162.0 1010.0 1160.0 1010.0 1140.0 1008.0 1138.0 1008.0 1130.0 1006.0 1128.0 1006.0 1118.0 1004.0 1116.0 1004.0 1106.0 1002.0 1104.0 1002.0 1094.0 1000.0 1092.0 1000.0 1084.0 998.0 1082.0 998.0 1060.0 996.0 1058.0 996.0 1050.0 994.0 1048.0 994.0 1040.0 992.0 1038.0 992.0 1030.0 990.0 1028.0 990.0 1014.0 988.0 1012.0 988.0 994.0 986.0 992.0 986.0 978.0 982.0 974.0 982.0 972.0 980.0 970.0 980.0 968.0 972.0 960.0 972.0 958.0 970.0 956.0 970.0 954.0 968.0 952.0 968.0 948.0 966.0 946.0 966.0 940.0 964.0 938.0 964.0 930.0 962.0 928.0 962.0 916.0 960.0 914.0 960.0 902.0 958.0 900.0 958.0 884.0 956.0 882.0 956.0 844.0 954.0 842.0 954.0 832.0 952.0 830.0 952.0 810.0 950.0 808.0 950.0 784.0 948.0 782.0 948.0 768.0 946.0 766.0 946.0 748.0 944.0 746.0 944.0 706.0 946.0 704.0 946.0 682.0 944.0 680.0 944.0 662.0 942.0 660.0 942.0 638.0 940.0 636.0 940.0 622.0 938.0 620.0 938.0 612.0 936.0 610.0 936.0 594.0 934.0 592.0 934.0 582.0 932.0 580.0 932.0 572.0 930.0 570.0 930.0 564.0 928.0 562.0 928.0 560.0 926.0 558.0 926.0 556.0 920.0 550.0 918.0 550.0 914.0 546.0 914.0 540.0 0.8672661781311035
4.0 364.0 4.0 1098.0 16.0 1098.0 18.0 1100.0 20.0 1100.0 22.0 1102.0 24.0 1102.0 30.0 1108.0 30.0 1122.0 24.0 1128.0 22.0 1128.0 18.0 1132.0 4.0 1132.0 4.0 1154.0 110.0 1154.0 110.0 1148.0 108.0 1146.0 104.0 1146.0 102.0 1144.0 94.0 1144.0 92.0 1142.0 88.0 1142.0 86.0 1140.0 84.0 1140.0 80.0 1136.0 78.0 1136.0 74.0 1132.0 74.0 1130.0 76.0 1128.0 78.0 1128.0 80.0 1126.0 82.0 1126.0 86.0 1122.0 94.0 1122.0 96.0 1120.0 134.0 1120.0 136.0 1122.0 144.0 1122.0 146.0 1124.0 154.0 1124.0 156.0 1126.0 158.0 1126.0 160.0 1124.0 168.0 1124.0 170.0 1122.0 174.0 1122.0 176.0 1120.0 178.0 1120.0 180.0 1118.0 182.0 1118.0 186.0 1114.0 194.0 1114.0 196.0 1112.0 236.0 1112.0 240.0 1116.0 242.0 1116.0 246.0 1120.0 246.0 1122.0 250.0 1126.0 250.0 1128.0 252.0 1128.0 256.0 1132.0 258.0 1132.0 260.0 1134.0 276.0 1134.0 278.0 1132.0 292.0 1132.0 294.0 1130.0 304.0 1130.0 306.0 1128.0 318.0 1128.0 320.0 1126.0 344.0 1126.0 346.0 1124.0 364.0 1124.0 366.0 1122.0 378.0 1122.0 378.0 934.0 372.0 934.0 370.0 932.0 370.0 928.0 368.0 926.0 368.0 912.0 366.0 910.0 366.0 894.0 364.0 892.0 364.0 882.0 362.0 880.0 362.0 874.0 360.0 872.0 360.0 868.0 358.0 866.0 358.0 860.0 356.0 858.0 356.0 848.0 354.0 846.0 354.0 834.0 352.0 832.0 352.0 814.0 350.0 812.0 350.0 802.0 348.0 800.0 348.0 792.0 346.0 790.0 346.0 784.0 344.0 782.0 344.0 780.0 342.0 778.0 342.0 774.0 340.0 772.0 340.0 760.0 342.0 758.0 342.0 746.0 344.0 744.0 344.0 724.0 342.0 722.0 342.0 702.0 340.0 700.0 340.0 682.0 338.0 680.0 338.0 670.0 336.0 668.0 336.0 660.0 334.0 658.0 334.0 644.0 332.0 642.0 332.0 622.0 330.0 620.0 330.0 608.0 328.0 606.0 328.0 598.0 326.0 596.0 326.0 584.0 324.0 582.0 324.0 560.0 322.0 558.0 322.0 540.0 320.0 538.0 320.0 518.0 318.0 516.0 318.0 484.0 316.0 482.0 316.0 454.0 314.0 452.0 314.0 426.0 312.0 424.0 312.0 418.0 310.0 416.0 310.0 408.0 308.0 406.0 308.0 400.0 306.0 398.0 306.0 388.0 304.0 386.0 304.0 378.0 302.0 376.0 302.0 364.0 138.0 364.0 138.0 370.0 136.0 372.0 128.0 372.0 126.0 374.0 100.0 374.0 98.0 372.0 96.0 372.0 94.0 370.0 94.0 364.0 0.8569989204406738
1972.0 1260.0 1972.0 1386.0 1978.0 1386.0 1980.0 1388.0 1980.0 1398.0 1982.0 1400.0 1982.0 1440.0 1984.0 1442.0 1984.0 1470.0 1986.0 1472.0 1986.0 1502.0 1988.0 1504.0 1988.0 1516.0 1990.0 1518.0 1990.0 1526.0 1992.0 1528.0 1992.0 1538.0 2046.0 1538.0 2046.0 1260.0 0.7090684771537781
1964.0 1260.0 1964.0 1300.0 1970.0 1300.0 1972.0 1302.0 1972.0 1304.0 1974.0 1306.0 1974.0 1314.0 1976.0 1316.0 1976.0 1360.0 1978.0 1362.0 1978.0 1380.0 1980.0 1382.0 1980.0 1400.0 1982.0 1402.0 1982.0 1444.0 1984.0 1446.0 1984.0 1474.0 1986.0 1476.0 1986.0 1504.0 1988.0 1506.0 1988.0 1518.0 1990.0 1520.0 1990.0 1538.0 1988.0 1540.0 1988.0 1542.0 1986.0 1544.0 1986.0 1546.0 1984.0 1548.0 1984.0 1550.0 1982.0 1552.0 1982.0 1566.0 1980.0 1568.0 1980.0 1570.0 1982.0 1572.0 1982.0 1602.0 1984.0 1604.0 1984.0 1612.0 1986.0 1614.0 1986.0 1616.0 1988.0 1618.0 1988.0 1622.0 1990.0 1624.0 1990.0 1628.0 1992.0 1630.0 1992.0 1640.0 1994.0 1642.0 1994.0 1662.0 1996.0 1664.0 1996.0 1676.0 1998.0 1678.0 1998.0 1682.0 2002.0 1686.0 2002.0 1688.0 2004.0 1690.0 2006.0 1690.0 2008.0 1692.0 2010.0 1692.0 2012.0 1694.0 2018.0 1694.0 2020.0 1696.0 2032.0 1696.0 2034.0 1698.0 2046.0 1698.0 2046.0 1260.0 0.7007554173469543
