152.0 748.0 152.0 760.0 150.0 762.0 150.0 824.0 148.0 826.0 148.0 876.0 146.0 878.0 146.0 884.0 144.0 886.0 144.0 888.0 142.0 890.0 142.0 892.0 140.0 894.0 140.0 898.0 138.0 900.0 138.0 932.0 136.0 934.0 136.0 944.0 134.0 946.0 134.0 948.0 130.0 952.0 130.0 954.0 128.0 956.0 128.0 958.0 126.0 960.0 126.0 962.0 124.0 964.0 124.0 970.0 122.0 972.0 122.0 988.0 120.0 990.0 120.0 996.0 118.0 998.0 118.0 1000.0 116.0 1002.0 116.0 1004.0 114.0 1006.0 114.0 1008.0 110.0 1012.0 110.0 1016.0 108.0 1018.0 108.0 1020.0 106.0 1022.0 100.0 1022.0 100.0 1202.0 218.0 1202.0 218.0 1196.0 220.0 1194.0 226.0 1194.0 228.0 1192.0 250.0 1192.0 252.0 1190.0 344.0 1190.0 346.0 1188.0 356.0 1188.0 358.0 1186.0 396.0 1186.0 398.0 1184.0 414.0 1184.0 416.0 1186.0 462.0 1186.0 464.0 1184.0 470.0 1184.0 472.0 1182.0 476.0 1182.0 478.0 1180.0 490.0 1180.0 490.0 1066.0 482.0 1066.0 480.0 1068.0 480.0 1074.0 476.0 1078.0 472.0 1074.0 472.0 1068.0 466.0 1062.0 466.0 1052.0 464.0 1050.0 464.0 1022.0 462.0 1020.0 462.0 986.0 460.0 984.0 460.0 962.0 462.0 960.0 462.0 954.0 464.0 952.0 464.0 940.0 462.0 938.0 462.0 936.0 460.0 934.0 460.0 928.0 458.0 926.0 458.0 910.0 460.0 908.0 460.0 900.0 458.0 898.0 458.0 878.0 460.0 876.0 460.0 872.0 462.0 870.0 462.0 868.0 464.0 866.0 464.0 860.0 466.0 858.0 468.0 858.0 470.0 856.0 472.0 856.0 476.0 852.0 478.0 852.0 478.0 850.0 480.0 848.0 480.0 830.0 482.0 828.0 482.0 826.0 480.0 824.0 480.0 808.0 478.0 806.0 478.0 774.0 476.0 772.0 476.0 764.0 470.0 758.0 468.0 758.0 466.0 756.0 464.0 756.0 462.0 754.0 462.0 748.0 0.9489073753356934
1628.0 1342.0 1626.0 1344.0 1610.0 1344.0 1608.0 1346.0 1600.0 1346.0 1598.0 1348.0 1588.0 1348.0 1586.0 1350.0 1578.0 1350.0 1576.0 1352.0 1570.0 1352.0 1568.0 1354.0 1556.0 1354.0 1554.0 1356.0 1544.0 1356.0 1542.0 1358.0 1538.0 1358.0 1536.0 1360.0 1534.0 1360.0 1532.0 1362.0 1530.0 1362.0 1528.0 1364.0 1526.0 1364.0 1524.0 1366.0 1522.0 1366.0 1520.0 1368.0 1518.0 1368.0 1516.0 1370.0 1510.0 1370.0 1508.0 1372.0 1496.0 1372.0 1494.0 1370.0 1488.0 1370.0 1486.0 1368.0 1484.0 1368.0 1482.0 1366.0 1478.0 1366.0 1476.0 1364.0 1474.0 1364.0 1472.0 1362.0 1468.0 1362.0 1466.0 1360.0 1462.0 1360.0 1460.0 1358.0 1458.0 1358.0 1456.0 1356.0 1452.0 1356.0 1450.0 1354.0 1442.0 1354.0 1440.0 1352.0 1422.0 1352.0 1420.0 1354.0 1412.0 1354.0 1410.0 1356.0 1406.0 1356.0 1404.0 1358.0 1400.0 1358.0 1398.0 1360.0 1394.0 1360.0 1392.0 1362.0 1386.0 1362.0 1384.0 1364.0 1380.0 1364.0 1378.0 1366.0 1374.0 1366.0 1372.0 1368.0 1370.0 1368.0 1368.0 1370.0 1362.0 1370.0 1360.0 1372.0 1356.0 1372.0 1354.0 1374.0 1350.0 1374.0 1348.0 1376.0 1344.0 1376.0 1342.0 1378.0 1334.0 1378.0 1332.0 1380.0 1328.0 1380.0 1324.0 1384.0 1322.0 1384.0 1320.0 1386.0 1316.0 1386.0 1314.0 1388.0 1310.0 1388.0 1308.0 1390.0 1304.0 1390.0 1302.0 1392.0 1298.0 1392.0 1296.0 1394.0 1288.0 1394.0 1286.0 1396.0 1276.0 1396.0 1274.0 1398.0 1266.0 1398.0 1264.0 1400.0 1260.0 1400.0 1258.0 1402.0 1256.0 1402.0 1254.0 1404.0 1250.0 1404.0 1244.0 1410.0 1242.0 1410.0 1234.0 1418.0 1230.0 1418.0 1228.0 1420.0 1224.0 1420.0 1222.0 1422.0 1220.0 1422.0 1214.0 1428.0 1212.0 1428.0 1210.0 1430.0 1202.0 1430.0 1200.0 1432.0 1192.0 1432.0 1190.0 1434.0 1184.0 1434.0 1182.0 1436.0 1152.0 1436.0 1150.0 1438.0 1142.0 1438.0 1140.0 1440.0 1138.0 1440.0 1138.0 1442.0 1136.0 1444.0 1132.0 1444.0 1130.0 1446.0 1122.0 1446.0 1120.0 1448.0 1112.0 1448.0 1110.0 1450.0 1106.0 1450.0 1104.0 1452.0 1098.0 1452.0 1096.0 1454.0 1074.0 1454.0 1072.0 1456.0 1068.0 1456.0 1066.0 1458.0 1062.0 1458.0 1060.0 1460.0 1056.0 1460.0 1054.0 1462.0 1052.0 1462.0 1050.0 1464.0 1048.0 1464.0 1044.0 1468.0 1044.0 1474.0 1042.0 1476.0 1042.0 1484.0 1044.0 1486.0 1044.0 1498.0 1046.0 1500.0 1046.0 1508.0 1048.0 1510.0 1048.0 1538.0 1050.0 1540.0 1050.0 1564.0 1052.0 1566.0 1052.0 1578.0 1054.0 1580.0 1054.0 1584.0 1056.0 1586.0 1056.0 1596.0 1058.0 1598.0 1058.0 1610.0 1060.0 1612.0 1060.0 1618.0 1062.0 1620.0 1062.0 1628.0 1064.0 1630.0 1064.0 1638.0 1066.0 1640.0 1066.0 1652.0 1068.0 1654.0 1068.0 1668.0 1070.0 1670.0 1070.0 1676.0 1072.0 1678.0 1072.0 1684.0 1074.0 1686.0 1074.0 1694.0 1076.0 1696.0 1076.0 1702.0 1078.0 1704.0 1078.0 1708.0 1080.0 1710.0 1080.0 1716.0 1082.0 1718.0 1082.0 1730.0 1084.0 1732.0 1084.0 1742.0 1086.0 1744.0 1086.0 1748.0 1088.0 1750.0 1088.0 1756.0 1090.0 1758.0 1090.0 1764.0 1092.0 1766.0 1092.0 1770.0 1094.0 1772.0 1094.0 1776.0 1096.0 1778.0 1096.0 1788.0 1098.0 1790.0 1098.0 1808.0 1100.0 1810.0 1100.0 1820.0 1102.0 1822.0 1102.0 1830.0 1104.0 1832.0 1104.0 1842.0 1106.0 1844.0 1106.0 1854.0 1108.0 1856.0 1108.0 1866.0 1110.0 1868.0 1110.0 1878.0 1112.0 1880.0 1112.0 1898.0 1114.0 1900.0 1114.0 1916.0 1116.0 1918.0 1116.0 1926.0 1118.0 1928.0 1118.0 1934.0 1120.0 1936.0 1120.0 1946.0 1122.0 1948.0 1122.0 1956.0 1124.0 1958.0 1124.0 1964.0 1126.0 1966.0 1126.0 1980.0 1128.0 1982.0 1128.0 1994.0 1130.0 1996.0 1130.0 2002.0 1132.0 2004.0 1132.0 2006.0 1138.0 2012.0 1140.0 2012.0 1142.0 2014.0 1148.0 2014.0 1150.0 2016.0 1170.0 2016.0 1172.0 2014.0 1212.0 2014.0 1214.0 2012.0 1222.0 2012.0 1224.0 2010.0 1234.0 2010.0 1236.0 2008.0 1264.0 2008.0 1266.0 2010.0 1300.0 2010.0 1302.0 2012.0 1330.0 2012.0 1332.0 2010.0 1340.0 2010.0 1342.0 2008.0 1364.0 2008.0 1366.0 2006.0 1384.0 2006.0 1386.0 2004.0 1398.0 2004.0 1400.0 2002.0 1418.0 2002.0 1420.0 2000.0 1446.0 2000.0 1448.0 1998.0 1460.0 1998.0 1462.0 1996.0 1476.0 1996.0 1478.0 1994.0 1492.0 1994.0 1494.0 1992.0 1504.0 1992.0 1506.0 1990.0 1512.0 1990.0 1514.0 1988.0 1524.0 1988.0 1526.0 1986.0 1530.0 1986.0 1532.0 1984.0 1536.0 1984.0 1538.0 1982.0 1540.0 1982.0 1542.0 1980.0 1546.0 1980.0 1548.0 1978.0 1570.0 1978.0 1572.0 1976.0 1596.0 1976.0 1598.0 1974.0 1606.0 1974.0 1608.0 1972.0 1616.0 1972.0 1618.0 1970.0 1626.0 1970.0 1628.0 1968.0 1634.0 1968.0 1636.0 1966.0 1638.0 1966.0 1640.0 1964.0 1642.0 1964.0 1644.0 1962.0 1652.0 1962.0 1654.0 1960.0 1664.0 1960.0 1666.0 1958.0 1672.0 1958.0 1674.0 1956.0 1678.0 1956.0 1680.0 1954.0 1686.0 1954.0 1688.0 1952.0 1702.0 1952.0 1704.0 1950.0 1712.0 1950.0 1714.0 1948.0 1716.0 1948.0 1718.0 1946.0 1720.0 1946.0 1722.0 1944.0 1724.0 1944.0 1726.0 1942.0 1728.0 1942.0 1730.0 1940.0 1732.0 1940.0 1734.0 1938.0 1736.0 1938.0 1738.0 1936.0 1752.0 1936.0 1754.0 1938.0 1756.0 1938.0 1758.0 1940.0 1760.0 1940.0 1768.0 1948.0 1770.0 1948.0 1772.0 1950.0 1802.0 1950.0 1804.0 1948.0 1814.0 1948.0 1816.0 1946.0 1822.0 1946.0 1824.0 1944.0 1834.0 1944.0 1836.0 1942.0 1846.0 1942.0 1848.0 1940.0 1858.0 1940.0 1860.0 1938.0 1870.0 1938.0 1872.0 1936.0 1884.0 1936.0 1886.0 1934.0 1890.0 1934.0 1892.0 1932.0 1894.0 1932.0 1904.0 1922.0 1904.0 1920.0 1908.0 1916.0 1908.0 1914.0 1920.0 1902.0 1922.0 1902.0 1926.0 1898.0 1928.0 1898.0 1932.0 1894.0 1934.0 1894.0 1940.0 1888.0 1944.0 1888.0 1946.0 1886.0 1948.0 1888.0 1952.0 1888.0 1954.0 1890.0 1980.0 1890.0 1982.0 1888.0 1992.0 1888.0 1994.0 1886.0 2000.0 1886.0 2002.0 1884.0 2004.0 1884.0 2006.0 1882.0 2012.0 1882.0 2014.0 1880.0 2020.0 1880.0 2022.0 1878.0 2026.0 1878.0 2028.0 1876.0 2032.0 1876.0 2034.0 1874.0 2038.0 1874.0 2040.0 1872.0 2042.0 1872.0 2044.0 1870.0 2046.0 1870.0 2046.0 1384.0 2044.0 1384.0 2042.0 1382.0 2042.0 1380.0 2040.0 1378.0 2040.0 1376.0 2038.0 1374.0 2038.0 1372.0 2030.0 1364.0 2026.0 1364.0 2024.0 1366.0 2024.0 1368.0 2020.0 1372.0 2020.0 1406.0 2018.0 1408.0 2018.0 1412.0 2016.0 1414.0 2016.0 1416.0 2006.0 1426.0 2002.0 1426.0 2000.0 1424.0 2000.0 1422.0 1996.0 1418.0 1994.0 1418.0 1992.0 1416.0 1990.0 1416.0 1988.0 1414.0 1984.0 1414.0 1982.0 1416.0 1980.0 1416.0 1976.0 1420.0 1976.0 1422.0 1970.0 1428.0 1970.0 1430.0 1966.0 1434.0 1966.0 1436.0 1956.0 1446.0 1952.0 1446.0 1950.0 1448.0 1944.0 1448.0 1942.0 1450.0 1936.0 1450.0 1934.0 1452.0 1922.0 1452.0 1920.0 1454.0 1910.0 1454.0 1908.0 1456.0 1904.0 1456.0 1902.0 1454.0 1896.0 1454.0 1892.0 1450.0 1884.0 1450.0 1882.0 1448.0 1880.0 1448.0 1878.0 1446.0 1876.0 1446.0 1874.0 1444.0 1872.0 1444.0 1870.0 1442.0 1868.0 1442.0 1866.0 1440.0 1864.0 1440.0 1862.0 1438.0 1854.0 1438.0 1850.0 1442.0 1850.0 1444.0 1848.0 1446.0 1848.0 1450.0 1846.0 1452.0 1846.0 1454.0 1844.0 1456.0 1842.0 1456.0 1840.0 1458.0 1836.0 1458.0 1832.0 1462.0 1830.0 1462.0 1828.0 1464.0 1808.0 1464.0 1806.0 1462.0 1802.0 1462.0 1800.0 1460.0 1794.0 1460.0 1792.0 1458.0 1788.0 1458.0 1782.0 1452.0 1782.0 1444.0 1780.0 1442.0 1780.0 1432.0 1782.0 1430.0 1782.0 1424.0 1780.0 1422.0 1780.0 1418.0 1778.0 1416.0 1776.0 1416.0 1774.0 1414.0 1760.0 1414.0 1758.0 1416.0 1754.0 1416.0 1752.0 1414.0 1748.0 1414.0 1746.0 1412.0 1742.0 1412.0 1732.0 1402.0 1730.0 1402.0 1728.0 1400.0 1718.0 1400.0 1716.0 1398.0 1714.0 1400.0 1706.0 1400.0 1694.0 1388.0 1694.0 1386.0 1692.0 1384.0 1692.0 1382.0 1690.0 1380.0 1690.0 1378.0 1688.0 1376.0 1688.0 1374.0 1684.0 1370.0 1684.0 1366.0 1682.0 1364.0 1682.0 1360.0 1680.0 1358.0 1680.0 1354.0 1676.0 1350.0 1676.0 1348.0 1674.0 1348.0 1672.0 1346.0 1666.0 1346.0 1664.0 1344.0 1652.0 1344.0 1650.0 1342.0 0.9265562891960144
510.0 740.0 510.0 746.0 506.0 750.0 500.0 750.0 500.0 1194.0 654.0 1194.0 654.0 1188.0 656.0 1186.0 676.0 1186.0 678.0 1184.0 698.0 1184.0 700.0 1182.0 718.0 1182.0 720.0 1180.0 806.0 1180.0 808.0 1182.0 814.0 1182.0 816.0 1180.0 846.0 1180.0 848.0 1178.0 854.0 1178.0 856.0 1176.0 866.0 1176.0 868.0 1174.0 876.0 1174.0 882.0 1168.0 882.0 1166.0 884.0 1164.0 884.0 1158.0 886.0 1156.0 886.0 1144.0 888.0 1142.0 888.0 1102.0 886.0 1100.0 886.0 1092.0 884.0 1090.0 884.0 1082.0 882.0 1080.0 882.0 1076.0 880.0 1074.0 880.0 1070.0 872.0 1062.0 872.0 1060.0 870.0 1058.0 870.0 1056.0 868.0 1054.0 868.0 1050.0 866.0 1048.0 866.0 1016.0 868.0 1014.0 868.0 1006.0 870.0 1004.0 870.0 1002.0 872.0 1000.0 872.0 998.0 876.0 994.0 876.0 992.0 878.0 990.0 878.0 988.0 894.0 972.0 894.0 970.0 896.0 968.0 896.0 966.0 898.0 964.0 898.0 962.0 900.0 960.0 900.0 954.0 902.0 952.0 902.0 900.0 900.0 898.0 900.0 890.0 898.0 888.0 898.0 874.0 900.0 872.0 900.0 862.0 902.0 860.0 902.0 842.0 904.0 840.0 904.0 832.0 906.0 830.0 906.0 828.0 908.0 826.0 914.0 826.0 914.0 768.0 906.0 768.0 898.0 760.0 898.0 756.0 896.0 754.0 896.0 750.0 894.0 748.0 894.0 740.0 0.924120306968689
240.0 4.0 240.0 12.0 238.0 14.0 238.0 16.0 236.0 18.0 236.0 22.0 238.0 24.0 238.0 32.0 240.0 34.0 240.0 42.0 238.0 44.0 238.0 76.0 240.0 78.0 240.0 82.0 242.0 84.0 242.0 86.0 244.0 88.0 244.0 90.0 246.0 92.0 246.0 96.0 248.0 98.0 248.0 102.0 246.0 104.0 246.0 170.0 248.0 172.0 248.0 176.0 252.0 180.0 254.0 180.0 256.0 182.0 260.0 182.0 262.0 184.0 274.0 184.0 276.0 186.0 282.0 186.0 284.0 188.0 288.0 188.0 290.0 190.0 296.0 190.0 298.0 192.0 412.0 192.0 414.0 194.0 432.0 194.0 434.0 196.0 476.0 196.0 488.0 208.0 490.0 208.0 492.0 210.0 494.0 210.0 496.0 212.0 502.0 212.0 504.0 214.0 516.0 214.0 518.0 216.0 562.0 216.0 564.0 218.0 574.0 218.0 576.0 220.0 582.0 220.0 584.0 222.0 590.0 222.0 592.0 224.0 600.0 224.0 602.0 226.0 636.0 226.0 638.0 224.0 668.0 224.0 670.0 226.0 684.0 226.0 686.0 228.0 700.0 228.0 702.0 230.0 714.0 230.0 716.0 232.0 726.0 232.0 728.0 234.0 730.0 234.0 732.0 236.0 732.0 242.0 758.0 242.0 758.0 236.0 760.0 234.0 762.0 234.0 764.0 232.0 768.0 232.0 770.0 230.0 774.0 230.0 776.0 228.0 830.0 228.0 832.0 230.0 882.0 230.0 884.0 232.0 908.0 232.0 912.0 228.0 914.0 228.0 916.0 226.0 916.0 224.0 918.0 222.0 918.0 220.0 920.0 218.0 920.0 216.0 922.0 214.0 922.0 212.0 924.0 210.0 930.0 210.0 930.0 190.0 924.0 190.0 922.0 188.0 922.0 182.0 920.0 180.0 920.0 120.0 922.0 118.0 922.0 114.0 924.0 112.0 930.0 112.0 930.0 4.0 0.9231932163238525
1476.0 380.0 1476.0 644.0 1488.0 644.0 1490.0 646.0 1496.0 646.0 1498.0 648.0 1508.0 648.0 1510.0 650.0 1528.0 650.0 1530.0 652.0 1556.0 652.0 1558.0 654.0 1568.0 654.0 1570.0 656.0 1588.0 656.0 1590.0 654.0 1676.0 654.0 1678.0 652.0 1736.0 652.0 1738.0 654.0 1754.0 654.0 1756.0 656.0 1802.0 656.0 1804.0 658.0 1818.0 658.0 1820.0 660.0 2042.0 660.0 2044.0 658.0 2046.0 658.0 2046.0 380.0 1978.0 380.0 1978.0 386.0 1976.0 388.0 1966.0 388.0 1964.0 386.0 1964.0 380.0 0.9160556197166443
164.0 1332.0 164.0 1584.0 170.0 1584.0 172.0 1586.0 172.0 1594.0 174.0 1596.0 174.0 1606.0 176.0 1608.0 176.0 1614.0 178.0 1616.0 178.0 1620.0 180.0 1622.0 180.0 1624.0 184.0 1628.0 184.0 1634.0 322.0 1634.0 322.0 1628.0 324.0 1626.0 358.0 1626.0 360.0 1624.0 384.0 1624.0 386.0 1622.0 400.0 1622.0 402.0 1624.0 422.0 1624.0 424.0 1622.0 430.0 1622.0 432.0 1620.0 440.0 1620.0 442.0 1618.0 510.0 1618.0 512.0 1616.0 554.0 1616.0 556.0 1614.0 582.0 1614.0 584.0 1616.0 592.0 1616.0 594.0 1614.0 614.0 1614.0 616.0 1612.0 618.0 1612.0 620.0 1610.0 628.0 1610.0 630.0 1608.0 768.0 1608.0 770.0 1606.0 786.0 1606.0 788.0 1604.0 794.0 1604.0 796.0 1602.0 808.0 1602.0 810.0 1600.0 858.0 1600.0 860.0 1598.0 862.0 1598.0 866.0 1594.0 874.0 1594.0 874.0 1546.0 868.0 1546.0 866.0 1544.0 866.0 1538.0 864.0 1536.0 864.0 1526.0 862.0 1524.0 862.0 1510.0 860.0 1508.0 860.0 1486.0 858.0 1484.0 858.0 1472.0 856.0 1470.0 856.0 1462.0 854.0 1460.0 854.0 1450.0 852.0 1448.0 852.0 1444.0 850.0 1442.0 850.0 1440.0 844.0 1434.0 844.0 1432.0 842.0 1430.0 842.0 1424.0 840.0 1422.0 840.0 1396.0 838.0 1394.0 838.0 1378.0 836.0 1376.0 836.0 1364.0 834.0 1362.0 834.0 1346.0 832.0 1344.0 832.0 1332.0 574.0 1332.0 574.0 1338.0 570.0 1342.0 568.0 1342.0 566.0 1344.0 560.0 1344.0 558.0 1346.0 554.0 1346.0 552.0 1348.0 550.0 1348.0 548.0 1350.0 542.0 1350.0 540.0 1352.0 538.0 1352.0 536.0 1354.0 534.0 1354.0 534.0 1356.0 532.0 1358.0 530.0 1358.0 524.0 1364.0 520.0 1364.0 518.0 1362.0 516.0 1362.0 514.0 1360.0 512.0 1360.0 510.0 1358.0 508.0 1358.0 506.0 1356.0 496.0 1356.0 494.0 1354.0 486.0 1354.0 484.0 1352.0 478.0 1352.0 476.0 1350.0 460.0 1350.0 458.0 1348.0 440.0 1348.0 438.0 1350.0 412.0 1350.0 410.0 1352.0 396.0 1352.0 394.0 1354.0 384.0 1354.0 382.0 1356.0 366.0 1356.0 364.0 1358.0 350.0 1358.0 348.0 1360.0 344.0 1360.0 342.0 1362.0 340.0 1362.0 338.0 1364.0 334.0 1364.0 332.0 1366.0 322.0 1366.0 320.0 1368.0 276.0 1368.0 274.0 1370.0 232.0 1370.0 230.0 1368.0 222.0 1368.0 220.0 1366.0 218.0 1366.0 214.0 1362.0 216.0 1360.0 216.0 1358.0 226.0 1348.0 226.0 1346.0 230.0 1342.0 230.0 1340.0 232.0 1338.0 232.0 1332.0 0.9086380004882812
1544.0 676.0 1544.0 682.0 1542.0 684.0 1542.0 688.0 1540.0 690.0 1540.0 692.0 1538.0 694.0 1532.0 694.0 1532.0 748.0 1538.0 748.0 1542.0 752.0 1542.0 758.0 1544.0 760.0 1544.0 768.0 1542.0 770.0 1542.0 798.0 1540.0 800.0 1540.0 806.0 1538.0 808.0 1532.0 808.0 1532.0 908.0 1538.0 908.0 1548.0 918.0 1550.0 918.0 1552.0 920.0 1554.0 920.0 1556.0 922.0 1558.0 922.0 1562.0 926.0 1564.0 926.0 1566.0 928.0 1568.0 928.0 1570.0 930.0 1574.0 930.0 1576.0 932.0 1586.0 932.0 1588.0 930.0 1598.0 930.0 1600.0 932.0 1602.0 932.0 1604.0 934.0 1604.0 936.0 1606.0 938.0 1606.0 948.0 1608.0 950.0 1608.0 960.0 1610.0 962.0 1610.0 964.0 1616.0 970.0 1618.0 970.0 1620.0 972.0 1624.0 972.0 1626.0 974.0 1632.0 974.0 1634.0 976.0 1644.0 976.0 1646.0 978.0 1668.0 978.0 1670.0 980.0 1670.0 986.0 1762.0 986.0 1762.0 980.0 1764.0 978.0 1774.0 978.0 1776.0 976.0 1788.0 976.0 1790.0 974.0 1796.0 974.0 1798.0 972.0 1800.0 972.0 1808.0 964.0 1808.0 962.0 1820.0 950.0 1820.0 948.0 1824.0 944.0 1824.0 942.0 1826.0 940.0 1826.0 938.0 1828.0 936.0 1828.0 934.0 1830.0 932.0 1830.0 882.0 1832.0 880.0 1832.0 856.0 1834.0 854.0 1834.0 850.0 1846.0 838.0 1848.0 838.0 1850.0 836.0 1850.0 834.0 1852.0 832.0 1852.0 830.0 1854.0 828.0 1854.0 820.0 1856.0 818.0 1856.0 806.0 1858.0 804.0 1858.0 794.0 1868.0 784.0 1868.0 780.0 1870.0 778.0 1870.0 774.0 1872.0 772.0 1872.0 768.0 1874.0 766.0 1874.0 764.0 1876.0 762.0 1882.0 762.0 1882.0 688.0 1876.0 688.0 1870.0 682.0 1870.0 676.0 1840.0 676.0 1840.0 682.0 1838.0 684.0 1836.0 684.0 1834.0 686.0 1824.0 686.0 1820.0 682.0 1820.0 676.0 0.9044365882873535
244.0 220.0 244.0 234.0 242.0 236.0 242.0 284.0 240.0 286.0 240.0 306.0 238.0 308.0 238.0 318.0 236.0 320.0 236.0 330.0 234.0 332.0 234.0 352.0 232.0 354.0 232.0 370.0 230.0 372.0 230.0 386.0 228.0 388.0 228.0 398.0 226.0 400.0 226.0 422.0 224.0 424.0 224.0 442.0 222.0 444.0 222.0 454.0 220.0 456.0 220.0 466.0 218.0 468.0 218.0 486.0 216.0 488.0 216.0 502.0 214.0 504.0 214.0 512.0 212.0 514.0 212.0 524.0 210.0 526.0 210.0 546.0 208.0 548.0 208.0 562.0 206.0 564.0 206.0 574.0 204.0 576.0 204.0 578.0 202.0 580.0 196.0 580.0 196.0 708.0 208.0 708.0 210.0 710.0 250.0 710.0 252.0 712.0 278.0 712.0 280.0 710.0 304.0 710.0 306.0 708.0 330.0 708.0 332.0 710.0 358.0 710.0 360.0 712.0 368.0 712.0 370.0 714.0 376.0 714.0 378.0 716.0 388.0 716.0 390.0 718.0 416.0 718.0 418.0 716.0 424.0 716.0 426.0 718.0 474.0 718.0 476.0 716.0 492.0 716.0 494.0 714.0 498.0 714.0 500.0 712.0 502.0 712.0 504.0 710.0 508.0 710.0 510.0 708.0 520.0 708.0 522.0 706.0 604.0 706.0 606.0 704.0 632.0 704.0 634.0 706.0 646.0 706.0 648.0 708.0 670.0 708.0 672.0 706.0 708.0 706.0 710.0 704.0 724.0 704.0 726.0 702.0 738.0 702.0 740.0 700.0 770.0 700.0 772.0 702.0 784.0 702.0 786.0 704.0 794.0 704.0 796.0 706.0 810.0 706.0 812.0 708.0 842.0 708.0 842.0 294.0 796.0 294.0 794.0 292.0 786.0 292.0 784.0 290.0 780.0 290.0 778.0 288.0 770.0 288.0 768.0 286.0 752.0 286.0 750.0 284.0 710.0 284.0 708.0 282.0 700.0 282.0 698.0 280.0 690.0 280.0 688.0 278.0 672.0 278.0 670.0 276.0 654.0 276.0 652.0 278.0 650.0 278.0 646.0 282.0 646.0 286.0 644.0 288.0 644.0 302.0 646.0 304.0 646.0 310.0 644.0 312.0 644.0 326.0 642.0 328.0 642.0 334.0 640.0 336.0 640.0 342.0 638.0 344.0 638.0 388.0 636.0 390.0 636.0 392.0 634.0 394.0 634.0 400.0 632.0 402.0 632.0 406.0 630.0 408.0 630.0 416.0 628.0 418.0 628.0 424.0 626.0 426.0 626.0 434.0 624.0 436.0 624.0 444.0 622.0 446.0 622.0 460.0 620.0 462.0 620.0 468.0 618.0 470.0 618.0 472.0 616.0 474.0 616.0 476.0 612.0 480.0 612.0 482.0 608.0 486.0 608.0 488.0 606.0 490.0 606.0 492.0 604.0 494.0 604.0 496.0 594.0 506.0 590.0 502.0 588.0 502.0 584.0 498.0 584.0 496.0 582.0 494.0 582.0 490.0 580.0 488.0 580.0 486.0 578.0 484.0 578.0 480.0 580.0 478.0 580.0 474.0 582.0 472.0 582.0 468.0 584.0 466.0 584.0 464.0 586.0 462.0 586.0 458.0 588.0 456.0 588.0 454.0 590.0 452.0 590.0 442.0 592.0 440.0 592.0 410.0 594.0 408.0 594.0 390.0 596.0 388.0 596.0 380.0 598.0 378.0 598.0 358.0 600.0 356.0 600.0 336.0 602.0 334.0 602.0 330.0 604.0 328.0 604.0 326.0 606.0 324.0 606.0 308.0 608.0 306.0 608.0 300.0 610.0 298.0 610.0 294.0 614.0 290.0 614.0 288.0 616.0 286.0 616.0 284.0 610.0 278.0 610.0 276.0 608.0 274.0 608.0 272.0 606.0 270.0 606.0 268.0 602.0 264.0 602.0 262.0 600.0 260.0 598.0 260.0 594.0 256.0 592.0 256.0 590.0 254.0 586.0 254.0 584.0 252.0 580.0 252.0 578.0 250.0 566.0 250.0 564.0 248.0 556.0 248.0 554.0 246.0 548.0 246.0 546.0 244.0 542.0 244.0 540.0 242.0 536.0 242.0 534.0 240.0 528.0 240.0 526.0 238.0 522.0 238.0 520.0 236.0 512.0 236.0 510.0 234.0 498.0 234.0 496.0 232.0 446.0 232.0 444.0 230.0 422.0 230.0 420.0 228.0 412.0 228.0 410.0 226.0 410.0 220.0 0.900136411190033
1854.0 980.0 1854.0 986.0 1852.0 988.0 1850.0 988.0 1848.0 990.0 1844.0 990.0 1842.0 992.0 1840.0 992.0 1832.0 1000.0 1832.0 1002.0 1830.0 1004.0 1828.0 1004.0 1818.0 1014.0 1816.0 1014.0 1814.0 1016.0 1812.0 1016.0 1806.0 1010.0 1806.0 1008.0 1804.0 1006.0 1802.0 1006.0 1800.0 1004.0 1796.0 1004.0 1794.0 1002.0 1776.0 1002.0 1774.0 1000.0 1758.0 1000.0 1756.0 998.0 1746.0 998.0 1744.0 996.0 1736.0 996.0 1734.0 994.0 1732.0 994.0 1730.0 992.0 1722.0 992.0 1720.0 990.0 1616.0 990.0 1614.0 992.0 1584.0 992.0 1582.0 994.0 1572.0 994.0 1572.0 1282.0 1584.0 1282.0 1586.0 1284.0 1594.0 1284.0 1596.0 1282.0 1618.0 1282.0 1620.0 1280.0 1686.0 1280.0 1688.0 1278.0 1740.0 1278.0 1742.0 1276.0 1752.0 1276.0 1754.0 1274.0 1772.0 1274.0 1774.0 1272.0 1802.0 1272.0 1804.0 1270.0 1814.0 1270.0 1816.0 1268.0 1828.0 1268.0 1830.0 1270.0 1840.0 1270.0 1842.0 1272.0 1850.0 1272.0 1852.0 1274.0 1856.0 1274.0 1858.0 1276.0 1866.0 1276.0 1868.0 1278.0 1874.0 1278.0 1876.0 1280.0 1882.0 1280.0 1884.0 1282.0 1900.0 1282.0 1902.0 1284.0 1910.0 1284.0 1912.0 1286.0 1916.0 1286.0 1918.0 1288.0 1920.0 1288.0 1922.0 1290.0 1924.0 1290.0 1926.0 1292.0 1930.0 1292.0 1932.0 1294.0 1944.0 1294.0 1946.0 1296.0 2028.0 1296.0 2030.0 1294.0 2042.0 1294.0 2044.0 1292.0 2046.0 1292.0 2046.0 980.0 0.8943963050842285
540.0 1612.0 540.0 1618.0 538.0 1620.0 534.0 1620.0 532.0 1622.0 426.0 1622.0 424.0 1624.0 398.0 1624.0 396.0 1626.0 384.0 1626.0 382.0 1624.0 332.0 1624.0 330.0 1626.0 288.0 1626.0 286.0 1628.0 272.0 1628.0 270.0 1630.0 252.0 1630.0 250.0 1632.0 242.0 1632.0 240.0 1630.0 210.0 1630.0 208.0 1628.0 192.0 1628.0 190.0 1630.0 188.0 1630.0 188.0 1632.0 186.0 1634.0 186.0 1676.0 188.0 1678.0 188.0 1694.0 190.0 1696.0 190.0 1740.0 192.0 1742.0 192.0 1762.0 194.0 1764.0 194.0 1792.0 196.0 1794.0 196.0 1850.0 194.0 1852.0 194.0 1860.0 196.0 1862.0 196.0 1868.0 198.0 1870.0 198.0 1882.0 622.0 1882.0 622.0 1876.0 624.0 1874.0 632.0 1874.0 634.0 1872.0 658.0 1872.0 660.0 1870.0 808.0 1870.0 810.0 1868.0 840.0 1868.0 842.0 1866.0 850.0 1866.0 852.0 1864.0 868.0 1864.0 870.0 1862.0 880.0 1862.0 882.0 1860.0 890.0 1860.0 890.0 1706.0 884.0 1706.0 882.0 1704.0 882.0 1700.0 880.0 1698.0 880.0 1680.0 878.0 1678.0 878.0 1646.0 876.0 1644.0 876.0 1628.0 874.0 1626.0 874.0 1612.0 728.0 1612.0 728.0 1626.0 726.0 1628.0 726.0 1630.0 720.0 1636.0 702.0 1636.0 700.0 1634.0 682.0 1634.0 680.0 1636.0 660.0 1636.0 658.0 1634.0 654.0 1634.0 652.0 1632.0 650.0 1632.0 648.0 1630.0 646.0 1630.0 642.0 1626.0 642.0 1624.0 644.0 1622.0 644.0 1612.0 0.8830265998840332
1884.0 684.0 1884.0 698.0 1882.0 700.0 1882.0 716.0 1880.0 718.0 1880.0 752.0 1878.0 754.0 1878.0 826.0 1876.0 828.0 1876.0 842.0 1874.0 844.0 1874.0 848.0 1862.0 860.0 1862.0 866.0 1860.0 868.0 1860.0 898.0 1858.0 900.0 1858.0 924.0 1856.0 926.0 1856.0 934.0 1854.0 936.0 1854.0 942.0 1850.0 946.0 1844.0 946.0 1844.0 962.0 1850.0 962.0 1854.0 966.0 1856.0 966.0 1858.0 968.0 1864.0 968.0 1866.0 970.0 1870.0 970.0 1872.0 972.0 1880.0 972.0 1882.0 974.0 1960.0 974.0 1962.0 972.0 1972.0 972.0 1974.0 974.0 1988.0 974.0 1990.0 976.0 2022.0 976.0 2024.0 978.0 2026.0 978.0 2028.0 980.0 2028.0 986.0 2046.0 986.0 2046.0 684.0 0.8663128018379211
244.0 220.0 244.0 254.0 242.0 256.0 242.0 286.0 240.0 288.0 240.0 308.0 238.0 310.0 238.0 320.0 236.0 322.0 236.0 334.0 234.0 336.0 234.0 356.0 232.0 358.0 232.0 374.0 230.0 376.0 230.0 390.0 228.0 392.0 228.0 404.0 226.0 406.0 226.0 428.0 224.0 430.0 224.0 446.0 222.0 448.0 222.0 458.0 220.0 460.0 220.0 472.0 218.0 474.0 218.0 492.0 216.0 494.0 216.0 506.0 214.0 508.0 214.0 516.0 212.0 518.0 212.0 528.0 210.0 530.0 210.0 550.0 208.0 552.0 208.0 566.0 206.0 568.0 206.0 576.0 204.0 578.0 204.0 580.0 202.0 582.0 196.0 582.0 196.0 708.0 210.0 708.0 212.0 710.0 254.0 710.0 256.0 712.0 276.0 712.0 278.0 710.0 298.0 710.0 300.0 708.0 332.0 708.0 334.0 710.0 358.0 710.0 360.0 712.0 370.0 712.0 372.0 714.0 374.0 714.0 376.0 716.0 376.0 722.0 496.0 722.0 496.0 716.0 500.0 712.0 502.0 712.0 504.0 710.0 506.0 710.0 508.0 708.0 518.0 708.0 520.0 706.0 580.0 706.0 582.0 708.0 592.0 708.0 594.0 706.0 610.0 706.0 610.0 522.0 602.0 522.0 600.0 520.0 596.0 520.0 594.0 518.0 592.0 518.0 590.0 516.0 588.0 516.0 586.0 514.0 586.0 512.0 582.0 508.0 582.0 506.0 580.0 506.0 578.0 504.0 578.0 502.0 576.0 500.0 576.0 480.0 578.0 478.0 578.0 474.0 580.0 472.0 580.0 470.0 582.0 468.0 582.0 466.0 586.0 462.0 586.0 458.0 588.0 456.0 588.0 452.0 590.0 450.0 590.0 440.0 592.0 438.0 592.0 406.0 594.0 404.0 594.0 390.0 596.0 388.0 596.0 378.0 598.0 376.0 598.0 354.0 600.0 352.0 600.0 336.0 602.0 334.0 602.0 332.0 604.0 330.0 610.0 330.0 610.0 264.0 604.0 264.0 598.0 258.0 596.0 258.0 594.0 256.0 592.0 256.0 590.0 254.0 588.0 254.0 586.0 252.0 580.0 252.0 578.0 250.0 566.0 250.0 564.0 248.0 556.0 248.0 554.0 246.0 546.0 246.0 544.0 244.0 542.0 244.0 540.0 242.0 536.0 242.0 534.0 240.0 528.0 240.0 526.0 238.0 520.0 238.0 518.0 236.0 512.0 236.0 510.0 234.0 498.0 234.0 496.0 232.0 446.0 232.0 444.0 230.0 422.0 230.0 420.0 228.0 412.0 228.0 410.0 226.0 410.0 220.0 0.8274163007736206
550.0 1908.0 550.0 1914.0 544.0 1920.0 540.0 1920.0 532.0 1928.0 520.0 1928.0 518.0 1930.0 514.0 1930.0 512.0 1928.0 512.0 1926.0 508.0 1922.0 504.0 1922.0 502.0 1920.0 496.0 1920.0 494.0 1918.0 458.0 1918.0 456.0 1920.0 374.0 1920.0 372.0 1922.0 272.0 1922.0 270.0 1924.0 236.0 1924.0 234.0 1926.0 232.0 1926.0 228.0 1930.0 220.0 1930.0 220.0 2046.0 906.0 2046.0 906.0 1908.0 0.7970892786979675
20.0 388.0 20.0 612.0 28.0 612.0 38.0 602.0 38.0 598.0 42.0 594.0 42.0 588.0 44.0 586.0 44.0 574.0 46.0 572.0 46.0 566.0 48.0 564.0 48.0 558.0 50.0 556.0 50.0 548.0 52.0 546.0 52.0 532.0 54.0 530.0 54.0 520.0 56.0 518.0 56.0 506.0 58.0 504.0 58.0 486.0 60.0 484.0 60.0 472.0 62.0 470.0 62.0 454.0 64.0 452.0 64.0 444.0 66.0 442.0 66.0 438.0 68.0 436.0 74.0 436.0 74.0 388.0 0.6856876611709595
