242.0 804.0 242.0 816.0 240.0 818.0 240.0 834.0 238.0 836.0 238.0 848.0 236.0 850.0 236.0 852.0 234.0 854.0 228.0 854.0 228.0 926.0 236.0 926.0 238.0 928.0 240.0 928.0 244.0 932.0 244.0 934.0 246.0 936.0 246.0 940.0 248.0 942.0 248.0 944.0 252.0 948.0 252.0 952.0 254.0 954.0 254.0 966.0 252.0 968.0 252.0 980.0 250.0 982.0 250.0 998.0 248.0 1000.0 248.0 1040.0 246.0 1042.0 246.0 1048.0 244.0 1050.0 244.0 1058.0 242.0 1060.0 242.0 1072.0 240.0 1074.0 240.0 1098.0 242.0 1100.0 242.0 1106.0 244.0 1108.0 244.0 1110.0 246.0 1112.0 246.0 1114.0 248.0 1116.0 248.0 1142.0 246.0 1144.0 246.0 1190.0 248.0 1192.0 248.0 1198.0 250.0 1200.0 250.0 1202.0 254.0 1206.0 258.0 1206.0 260.0 1208.0 268.0 1208.0 270.0 1210.0 276.0 1210.0 278.0 1212.0 284.0 1212.0 286.0 1214.0 288.0 1214.0 290.0 1216.0 298.0 1216.0 300.0 1218.0 342.0 1218.0 344.0 1216.0 410.0 1216.0 412.0 1218.0 428.0 1218.0 430.0 1220.0 464.0 1220.0 466.0 1222.0 476.0 1222.0 482.0 1228.0 484.0 1228.0 490.0 1234.0 492.0 1234.0 494.0 1236.0 496.0 1236.0 498.0 1238.0 506.0 1238.0 508.0 1240.0 570.0 1240.0 572.0 1242.0 582.0 1242.0 584.0 1244.0 592.0 1244.0 594.0 1246.0 604.0 1246.0 606.0 1248.0 646.0 1248.0 648.0 1246.0 658.0 1246.0 660.0 1248.0 678.0 1248.0 680.0 1250.0 690.0 1250.0 692.0 1252.0 704.0 1252.0 706.0 1254.0 716.0 1254.0 718.0 1256.0 726.0 1256.0 728.0 1258.0 732.0 1258.0 734.0 1260.0 734.0 1266.0 758.0 1266.0 758.0 1260.0 760.0 1258.0 762.0 1258.0 764.0 1256.0 768.0 1256.0 770.0 1254.0 772.0 1254.0 774.0 1252.0 784.0 1252.0 786.0 1250.0 796.0 1250.0 798.0 1252.0 838.0 1252.0 840.0 1254.0 888.0 1254.0 890.0 1256.0 904.0 1256.0 906.0 1254.0 910.0 1254.0 918.0 1246.0 918.0 1244.0 920.0 1242.0 920.0 1240.0 922.0 1238.0 922.0 1236.0 924.0 1234.0 924.0 1214.0 922.0 1212.0 922.0 1204.0 920.0 1202.0 920.0 1150.0 922.0 1148.0 922.0 1136.0 924.0 1134.0 924.0 1116.0 926.0 1114.0 926.0 1094.0 928.0 1092.0 928.0 1056.0 926.0 1054.0 926.0 1018.0 928.0 1016.0 928.0 1002.0 930.0 1000.0 930.0 998.0 932.0 996.0 938.0 996.0 938.0 972.0 932.0 972.0 930.0 970.0 930.0 948.0 932.0 946.0 938.0 946.0 938.0 914.0 932.0 914.0 930.0 912.0 930.0 902.0 928.0 900.0 928.0 896.0 930.0 894.0 930.0 890.0 928.0 888.0 928.0 882.0 922.0 876.0 920.0 876.0 916.0 872.0 912.0 872.0 910.0 870.0 906.0 870.0 904.0 868.0 902.0 868.0 900.0 866.0 896.0 866.0 894.0 864.0 892.0 864.0 890.0 862.0 886.0 862.0 884.0 860.0 874.0 860.0 872.0 858.0 854.0 858.0 852.0 856.0 842.0 856.0 840.0 854.0 832.0 854.0 830.0 852.0 816.0 852.0 814.0 850.0 782.0 850.0 780.0 848.0 776.0 848.0 774.0 846.0 768.0 846.0 766.0 844.0 756.0 844.0 754.0 842.0 738.0 842.0 736.0 840.0 718.0 840.0 716.0 838.0 696.0 838.0 694.0 836.0 686.0 836.0 684.0 834.0 678.0 834.0 676.0 832.0 670.0 832.0 668.0 830.0 664.0 830.0 662.0 828.0 656.0 828.0 654.0 826.0 622.0 826.0 620.0 828.0 612.0 828.0 610.0 830.0 602.0 830.0 600.0 828.0 594.0 828.0 592.0 826.0 588.0 826.0 586.0 824.0 578.0 824.0 576.0 822.0 532.0 822.0 530.0 820.0 514.0 820.0 512.0 818.0 484.0 818.0 482.0 816.0 464.0 816.0 462.0 814.0 448.0 814.0 446.0 812.0 436.0 812.0 434.0 810.0 434.0 804.0 424.0 804.0 424.0 810.0 422.0 812.0 412.0 812.0 410.0 814.0 408.0 814.0 406.0 816.0 404.0 816.0 400.0 820.0 398.0 820.0 394.0 824.0 392.0 824.0 388.0 828.0 386.0 828.0 384.0 830.0 382.0 830.0 380.0 832.0 378.0 832.0 376.0 834.0 374.0 834.0 372.0 836.0 360.0 836.0 358.0 834.0 356.0 834.0 354.0 832.0 352.0 832.0 348.0 828.0 346.0 828.0 340.0 822.0 332.0 822.0 330.0 820.0 328.0 820.0 324.0 816.0 322.0 816.0 320.0 814.0 318.0 814.0 316.0 812.0 316.0 804.0 0.9565414190292358
152.0 1772.0 152.0 1780.0 150.0 1782.0 150.0 1852.0 148.0 1854.0 148.0 1880.0 150.0 1882.0 150.0 1890.0 148.0 1892.0 148.0 1902.0 146.0 1904.0 146.0 1908.0 144.0 1910.0 144.0 1912.0 142.0 1914.0 142.0 1916.0 140.0 1918.0 140.0 1922.0 138.0 1924.0 138.0 1964.0 136.0 1966.0 136.0 1970.0 130.0 1976.0 130.0 1978.0 128.0 1980.0 128.0 1982.0 124.0 1986.0 124.0 1992.0 122.0 1994.0 122.0 2012.0 120.0 2014.0 120.0 2020.0 118.0 2022.0 118.0 2024.0 116.0 2026.0 108.0 2026.0 108.0 2046.0 458.0 2046.0 458.0 2042.0 462.0 2038.0 462.0 2036.0 464.0 2034.0 464.0 2024.0 462.0 2022.0 462.0 2016.0 464.0 2014.0 464.0 2004.0 466.0 2002.0 466.0 1994.0 464.0 1992.0 464.0 1986.0 466.0 1984.0 470.0 1988.0 470.0 2008.0 472.0 2010.0 472.0 2012.0 474.0 2014.0 474.0 2016.0 482.0 2016.0 482.0 1964.0 474.0 1964.0 474.0 1966.0 472.0 1968.0 472.0 1970.0 470.0 1972.0 470.0 1974.0 466.0 1978.0 462.0 1974.0 460.0 1974.0 458.0 1972.0 458.0 1960.0 456.0 1958.0 456.0 1934.0 458.0 1932.0 458.0 1894.0 462.0 1890.0 462.0 1888.0 464.0 1886.0 464.0 1884.0 468.0 1880.0 474.0 1880.0 476.0 1878.0 482.0 1878.0 482.0 1784.0 476.0 1784.0 474.0 1782.0 472.0 1782.0 470.0 1780.0 470.0 1772.0 0.9526849389076233
1476.0 1404.0 1476.0 1668.0 1488.0 1668.0 1490.0 1670.0 1496.0 1670.0 1498.0 1672.0 1508.0 1672.0 1510.0 1674.0 1528.0 1674.0 1530.0 1676.0 1556.0 1676.0 1558.0 1678.0 1568.0 1678.0 1570.0 1680.0 1590.0 1680.0 1592.0 1678.0 1676.0 1678.0 1678.0 1676.0 1734.0 1676.0 1736.0 1678.0 1748.0 1678.0 1750.0 1680.0 1798.0 1680.0 1800.0 1682.0 1814.0 1682.0 1816.0 1684.0 1900.0 1684.0 1902.0 1686.0 1910.0 1686.0 1912.0 1684.0 2042.0 1684.0 2044.0 1682.0 2046.0 1682.0 2046.0 1404.0 0.9187349677085876
244.0 1244.0 244.0 1262.0 242.0 1264.0 242.0 1308.0 240.0 1310.0 240.0 1330.0 238.0 1332.0 238.0 1342.0 236.0 1344.0 236.0 1354.0 234.0 1356.0 234.0 1374.0 232.0 1376.0 232.0 1394.0 230.0 1396.0 230.0 1410.0 228.0 1412.0 228.0 1422.0 226.0 1424.0 226.0 1446.0 224.0 1448.0 224.0 1466.0 222.0 1468.0 222.0 1478.0 220.0 1480.0 220.0 1490.0 218.0 1492.0 218.0 1510.0 216.0 1512.0 216.0 1526.0 214.0 1528.0 214.0 1536.0 212.0 1538.0 212.0 1550.0 210.0 1552.0 210.0 1570.0 208.0 1572.0 208.0 1586.0 206.0 1588.0 206.0 1598.0 204.0 1600.0 204.0 1602.0 202.0 1604.0 196.0 1604.0 196.0 1732.0 208.0 1732.0 210.0 1734.0 250.0 1734.0 252.0 1736.0 278.0 1736.0 280.0 1734.0 310.0 1734.0 312.0 1732.0 320.0 1732.0 322.0 1734.0 358.0 1734.0 360.0 1736.0 370.0 1736.0 372.0 1738.0 376.0 1738.0 378.0 1740.0 388.0 1740.0 390.0 1742.0 476.0 1742.0 478.0 1740.0 492.0 1740.0 494.0 1738.0 500.0 1738.0 502.0 1736.0 504.0 1736.0 506.0 1734.0 510.0 1734.0 512.0 1732.0 526.0 1732.0 528.0 1730.0 604.0 1730.0 606.0 1728.0 634.0 1728.0 636.0 1730.0 648.0 1730.0 650.0 1732.0 668.0 1732.0 670.0 1730.0 706.0 1730.0 708.0 1728.0 722.0 1728.0 724.0 1726.0 738.0 1726.0 740.0 1724.0 770.0 1724.0 772.0 1726.0 786.0 1726.0 788.0 1728.0 796.0 1728.0 798.0 1730.0 814.0 1730.0 816.0 1732.0 860.0 1732.0 862.0 1734.0 886.0 1734.0 888.0 1732.0 894.0 1732.0 896.0 1730.0 900.0 1730.0 908.0 1722.0 914.0 1722.0 914.0 1316.0 902.0 1316.0 900.0 1318.0 804.0 1318.0 802.0 1316.0 790.0 1316.0 788.0 1314.0 784.0 1314.0 782.0 1312.0 774.0 1312.0 772.0 1310.0 760.0 1310.0 758.0 1308.0 714.0 1308.0 712.0 1306.0 702.0 1306.0 700.0 1304.0 690.0 1304.0 688.0 1302.0 672.0 1302.0 670.0 1300.0 652.0 1300.0 650.0 1302.0 648.0 1302.0 644.0 1306.0 644.0 1308.0 642.0 1310.0 642.0 1320.0 640.0 1322.0 640.0 1324.0 642.0 1326.0 642.0 1330.0 640.0 1332.0 640.0 1338.0 638.0 1340.0 638.0 1342.0 640.0 1344.0 640.0 1346.0 638.0 1348.0 638.0 1352.0 636.0 1354.0 636.0 1366.0 634.0 1368.0 634.0 1386.0 636.0 1388.0 636.0 1394.0 634.0 1396.0 634.0 1414.0 632.0 1416.0 632.0 1420.0 630.0 1422.0 630.0 1430.0 628.0 1432.0 628.0 1436.0 626.0 1438.0 626.0 1446.0 624.0 1448.0 624.0 1456.0 622.0 1458.0 622.0 1466.0 620.0 1468.0 620.0 1482.0 618.0 1484.0 618.0 1492.0 616.0 1494.0 616.0 1496.0 614.0 1498.0 614.0 1500.0 606.0 1508.0 606.0 1510.0 602.0 1514.0 600.0 1514.0 596.0 1518.0 594.0 1518.0 582.0 1506.0 582.0 1498.0 584.0 1496.0 584.0 1490.0 586.0 1488.0 586.0 1484.0 588.0 1482.0 588.0 1480.0 590.0 1478.0 590.0 1470.0 592.0 1468.0 592.0 1436.0 594.0 1434.0 594.0 1416.0 596.0 1414.0 596.0 1406.0 598.0 1404.0 598.0 1384.0 600.0 1382.0 600.0 1362.0 602.0 1360.0 602.0 1356.0 604.0 1354.0 604.0 1352.0 606.0 1350.0 606.0 1336.0 608.0 1334.0 608.0 1326.0 610.0 1324.0 610.0 1320.0 612.0 1318.0 614.0 1318.0 616.0 1316.0 618.0 1316.0 618.0 1308.0 610.0 1300.0 610.0 1298.0 608.0 1296.0 608.0 1294.0 604.0 1290.0 604.0 1288.0 600.0 1284.0 598.0 1284.0 594.0 1280.0 592.0 1280.0 590.0 1278.0 586.0 1278.0 584.0 1276.0 578.0 1276.0 576.0 1274.0 566.0 1274.0 564.0 1272.0 556.0 1272.0 554.0 1270.0 546.0 1270.0 544.0 1268.0 542.0 1268.0 540.0 1266.0 534.0 1266.0 532.0 1264.0 528.0 1264.0 526.0 1262.0 520.0 1262.0 518.0 1260.0 510.0 1260.0 508.0 1258.0 496.0 1258.0 494.0 1256.0 436.0 1256.0 434.0 1254.0 416.0 1254.0 414.0 1252.0 408.0 1252.0 406.0 1250.0 406.0 1244.0 0.9114804267883301
0.0 4.0 0.0 312.0 46.0 312.0 48.0 310.0 50.0 310.0 54.0 306.0 54.0 304.0 56.0 302.0 56.0 296.0 58.0 294.0 58.0 284.0 60.0 282.0 60.0 256.0 62.0 254.0 62.0 232.0 64.0 230.0 64.0 212.0 66.0 210.0 66.0 196.0 68.0 194.0 68.0 172.0 70.0 170.0 70.0 138.0 72.0 136.0 72.0 42.0 74.0 40.0 74.0 38.0 76.0 36.0 82.0 36.0 82.0 4.0 0.9029905796051025
4.0 372.0 4.0 738.0 22.0 738.0 22.0 732.0 24.0 730.0 26.0 730.0 34.0 722.0 36.0 722.0 38.0 720.0 44.0 720.0 46.0 718.0 54.0 718.0 56.0 716.0 60.0 716.0 62.0 714.0 64.0 714.0 68.0 710.0 68.0 708.0 70.0 706.0 70.0 702.0 72.0 700.0 72.0 654.0 70.0 652.0 70.0 640.0 68.0 638.0 68.0 628.0 66.0 626.0 66.0 562.0 64.0 560.0 64.0 554.0 62.0 552.0 62.0 540.0 60.0 538.0 60.0 536.0 62.0 534.0 62.0 528.0 60.0 526.0 60.0 522.0 62.0 520.0 62.0 434.0 64.0 432.0 64.0 420.0 66.0 418.0 66.0 394.0 64.0 392.0 64.0 382.0 62.0 380.0 62.0 372.0 0.8783641457557678
276.0 4.0 276.0 42.0 274.0 44.0 274.0 48.0 272.0 50.0 272.0 52.0 270.0 54.0 270.0 56.0 266.0 60.0 264.0 60.0 262.0 62.0 260.0 62.0 254.0 68.0 254.0 70.0 252.0 72.0 252.0 74.0 250.0 76.0 250.0 82.0 248.0 84.0 248.0 96.0 246.0 98.0 246.0 112.0 244.0 114.0 244.0 128.0 242.0 130.0 242.0 154.0 240.0 156.0 240.0 176.0 238.0 178.0 238.0 198.0 236.0 200.0 236.0 214.0 234.0 216.0 234.0 222.0 232.0 224.0 232.0 228.0 230.0 230.0 230.0 232.0 228.0 234.0 228.0 238.0 226.0 240.0 226.0 244.0 224.0 246.0 224.0 254.0 222.0 256.0 222.0 266.0 220.0 268.0 220.0 272.0 218.0 274.0 212.0 274.0 212.0 402.0 230.0 402.0 232.0 404.0 254.0 404.0 256.0 406.0 286.0 406.0 288.0 408.0 300.0 408.0 302.0 410.0 310.0 410.0 312.0 412.0 326.0 412.0 328.0 414.0 360.0 414.0 362.0 412.0 366.0 412.0 368.0 414.0 372.0 414.0 374.0 412.0 396.0 412.0 398.0 410.0 408.0 410.0 410.0 408.0 440.0 408.0 442.0 410.0 456.0 410.0 458.0 412.0 468.0 412.0 470.0 414.0 478.0 414.0 480.0 416.0 486.0 416.0 488.0 418.0 492.0 418.0 494.0 420.0 496.0 420.0 498.0 422.0 502.0 422.0 504.0 424.0 506.0 424.0 508.0 426.0 510.0 426.0 514.0 430.0 518.0 430.0 520.0 432.0 526.0 432.0 528.0 434.0 534.0 434.0 536.0 436.0 542.0 436.0 544.0 438.0 548.0 438.0 554.0 444.0 554.0 450.0 644.0 450.0 644.0 444.0 642.0 442.0 642.0 436.0 646.0 432.0 648.0 432.0 650.0 430.0 654.0 430.0 656.0 428.0 664.0 428.0 666.0 426.0 684.0 426.0 686.0 428.0 708.0 428.0 710.0 430.0 732.0 430.0 736.0 434.0 738.0 434.0 742.0 438.0 742.0 440.0 746.0 444.0 746.0 450.0 928.0 450.0 928.0 440.0 930.0 438.0 930.0 430.0 932.0 428.0 932.0 416.0 934.0 414.0 934.0 400.0 936.0 398.0 936.0 374.0 938.0 372.0 938.0 350.0 940.0 348.0 946.0 348.0 946.0 338.0 940.0 338.0 938.0 336.0 938.0 326.0 936.0 324.0 936.0 314.0 934.0 312.0 934.0 308.0 932.0 306.0 932.0 302.0 928.0 298.0 926.0 298.0 924.0 296.0 922.0 296.0 920.0 294.0 910.0 294.0 908.0 292.0 904.0 292.0 902.0 290.0 900.0 290.0 898.0 288.0 894.0 288.0 892.0 286.0 882.0 286.0 880.0 284.0 874.0 284.0 872.0 282.0 866.0 282.0 864.0 280.0 858.0 280.0 856.0 278.0 844.0 278.0 842.0 276.0 836.0 276.0 832.0 272.0 832.0 270.0 830.0 270.0 828.0 268.0 832.0 264.0 834.0 264.0 836.0 262.0 842.0 262.0 844.0 260.0 850.0 260.0 852.0 262.0 854.0 262.0 856.0 264.0 860.0 264.0 862.0 266.0 870.0 266.0 872.0 268.0 880.0 268.0 882.0 266.0 886.0 266.0 888.0 268.0 894.0 268.0 896.0 266.0 898.0 266.0 902.0 262.0 902.0 258.0 904.0 256.0 904.0 254.0 906.0 252.0 906.0 248.0 912.0 242.0 912.0 238.0 910.0 236.0 910.0 226.0 908.0 224.0 908.0 220.0 906.0 218.0 906.0 214.0 904.0 212.0 904.0 208.0 902.0 206.0 902.0 202.0 904.0 200.0 904.0 196.0 906.0 194.0 906.0 190.0 908.0 188.0 908.0 184.0 910.0 182.0 910.0 176.0 912.0 174.0 912.0 168.0 914.0 166.0 914.0 164.0 916.0 162.0 918.0 162.0 922.0 158.0 928.0 164.0 934.0 164.0 938.0 160.0 946.0 160.0 946.0 118.0 940.0 118.0 938.0 116.0 934.0 116.0 932.0 114.0 930.0 114.0 926.0 118.0 922.0 118.0 920.0 116.0 920.0 112.0 918.0 110.0 918.0 98.0 916.0 96.0 916.0 80.0 918.0 78.0 918.0 62.0 920.0 60.0 920.0 54.0 922.0 52.0 922.0 50.0 928.0 44.0 928.0 42.0 930.0 40.0 930.0 38.0 932.0 36.0 932.0 34.0 934.0 32.0 934.0 30.0 936.0 28.0 936.0 22.0 938.0 20.0 938.0 16.0 936.0 14.0 936.0 4.0 0.8707444071769714
512.0 1764.0 512.0 1770.0 506.0 1776.0 506.0 1790.0 504.0 1792.0 504.0 1816.0 502.0 1818.0 502.0 1834.0 500.0 1836.0 500.0 1840.0 498.0 1842.0 492.0 1842.0 492.0 1888.0 498.0 1888.0 500.0 1890.0 498.0 1892.0 492.0 1892.0 492.0 2042.0 498.0 2042.0 500.0 2044.0 500.0 2046.0 904.0 2046.0 904.0 2042.0 902.0 2040.0 902.0 2036.0 900.0 2034.0 900.0 2028.0 898.0 2026.0 898.0 2024.0 896.0 2022.0 896.0 2018.0 894.0 2016.0 894.0 2006.0 896.0 2004.0 896.0 2000.0 898.0 1998.0 898.0 1996.0 900.0 1994.0 900.0 1992.0 902.0 1990.0 902.0 1984.0 904.0 1982.0 904.0 1914.0 902.0 1912.0 902.0 1890.0 904.0 1888.0 904.0 1868.0 906.0 1866.0 906.0 1862.0 908.0 1860.0 914.0 1860.0 914.0 1764.0 0.8493143320083618
1004.0 4.0 1004.0 106.0 1010.0 106.0 1014.0 110.0 1014.0 116.0 1016.0 118.0 1016.0 122.0 1018.0 124.0 1018.0 126.0 1020.0 128.0 1020.0 130.0 1028.0 138.0 1030.0 138.0 1034.0 142.0 1036.0 142.0 1038.0 144.0 1040.0 144.0 1042.0 146.0 1044.0 146.0 1046.0 148.0 1050.0 148.0 1052.0 150.0 1054.0 150.0 1056.0 152.0 1100.0 152.0 1102.0 154.0 1118.0 154.0 1120.0 156.0 1130.0 156.0 1132.0 158.0 1152.0 158.0 1154.0 156.0 1182.0 156.0 1184.0 154.0 1218.0 154.0 1220.0 156.0 1256.0 156.0 1258.0 158.0 1276.0 158.0 1278.0 160.0 1290.0 160.0 1292.0 162.0 1300.0 162.0 1302.0 164.0 1312.0 164.0 1314.0 166.0 1348.0 166.0 1350.0 168.0 1372.0 168.0 1374.0 170.0 1380.0 170.0 1382.0 172.0 1394.0 172.0 1396.0 174.0 1424.0 174.0 1426.0 172.0 1446.0 172.0 1448.0 170.0 1458.0 170.0 1460.0 168.0 1488.0 168.0 1490.0 166.0 1494.0 166.0 1496.0 168.0 1504.0 168.0 1506.0 170.0 1516.0 170.0 1518.0 172.0 1532.0 172.0 1534.0 174.0 1536.0 174.0 1538.0 176.0 1540.0 176.0 1542.0 174.0 1556.0 174.0 1558.0 172.0 1564.0 172.0 1566.0 174.0 1570.0 174.0 1576.0 180.0 1578.0 180.0 1582.0 184.0 1582.0 198.0 1580.0 200.0 1580.0 204.0 1578.0 206.0 1578.0 212.0 1576.0 214.0 1576.0 224.0 1574.0 226.0 1574.0 264.0 1572.0 266.0 1572.0 268.0 1574.0 270.0 1574.0 310.0 1576.0 312.0 1576.0 322.0 1578.0 324.0 1578.0 328.0 1580.0 330.0 1580.0 332.0 1586.0 338.0 1588.0 338.0 1590.0 340.0 1592.0 340.0 1594.0 342.0 1598.0 342.0 1600.0 344.0 1606.0 344.0 1608.0 346.0 1688.0 346.0 1690.0 348.0 1706.0 348.0 1708.0 350.0 1750.0 350.0 1752.0 348.0 1772.0 348.0 1774.0 346.0 1784.0 346.0 1786.0 348.0 1798.0 348.0 1800.0 350.0 1804.0 350.0 1806.0 352.0 1810.0 352.0 1812.0 354.0 1816.0 354.0 1818.0 356.0 1818.0 362.0 1846.0 362.0 1846.0 356.0 1850.0 352.0 1858.0 352.0 1860.0 350.0 1878.0 350.0 1880.0 348.0 1902.0 348.0 1904.0 350.0 1916.0 350.0 1918.0 348.0 1932.0 348.0 1934.0 346.0 1958.0 346.0 1960.0 344.0 1974.0 344.0 1976.0 342.0 1980.0 342.0 1982.0 340.0 1986.0 340.0 1990.0 336.0 1992.0 336.0 1996.0 332.0 1996.0 330.0 2002.0 324.0 2002.0 322.0 2004.0 320.0 2004.0 316.0 2006.0 314.0 2006.0 310.0 2008.0 308.0 2008.0 304.0 2012.0 300.0 2018.0 300.0 2018.0 280.0 2012.0 280.0 2010.0 278.0 2010.0 268.0 2008.0 266.0 2008.0 248.0 2006.0 246.0 2006.0 228.0 2004.0 226.0 2004.0 168.0 2006.0 166.0 2006.0 110.0 2004.0 108.0 2004.0 90.0 2002.0 88.0 2002.0 84.0 1996.0 78.0 1996.0 76.0 1990.0 76.0 1988.0 74.0 1982.0 74.0 1980.0 72.0 1974.0 72.0 1972.0 70.0 1970.0 70.0 1968.0 68.0 1964.0 68.0 1962.0 66.0 1956.0 66.0 1954.0 64.0 1948.0 64.0 1946.0 62.0 1944.0 62.0 1942.0 60.0 1940.0 60.0 1938.0 58.0 1936.0 58.0 1932.0 54.0 1932.0 52.0 1930.0 50.0 1928.0 50.0 1926.0 48.0 1924.0 48.0 1922.0 46.0 1920.0 46.0 1918.0 44.0 1910.0 44.0 1908.0 42.0 1898.0 42.0 1896.0 40.0 1890.0 40.0 1888.0 38.0 1886.0 38.0 1874.0 26.0 1872.0 26.0 1870.0 24.0 1866.0 24.0 1864.0 22.0 1858.0 22.0 1856.0 20.0 1848.0 20.0 1846.0 18.0 1844.0 18.0 1842.0 16.0 1840.0 16.0 1834.0 10.0 1834.0 4.0 1330.0 4.0 1330.0 10.0 1328.0 12.0 1326.0 12.0 1324.0 14.0 1318.0 14.0 1316.0 12.0 1312.0 12.0 1310.0 10.0 1310.0 4.0 1288.0 4.0 1288.0 10.0 1284.0 14.0 1270.0 14.0 1268.0 16.0 1224.0 16.0 1222.0 14.0 1206.0 14.0 1204.0 16.0 1202.0 16.0 1200.0 14.0 1082.0 14.0 1080.0 12.0 1076.0 12.0 1074.0 10.0 1074.0 4.0 0.8471993803977966
1540.0 1700.0 1540.0 1710.0 1538.0 1712.0 1532.0 1712.0 1532.0 1774.0 1538.0 1774.0 1542.0 1778.0 1542.0 1818.0 1540.0 1820.0 1540.0 1828.0 1538.0 1830.0 1532.0 1830.0 1532.0 1932.0 1538.0 1932.0 1548.0 1942.0 1550.0 1942.0 1552.0 1944.0 1554.0 1944.0 1558.0 1948.0 1560.0 1948.0 1562.0 1950.0 1564.0 1950.0 1568.0 1954.0 1572.0 1954.0 1574.0 1956.0 1584.0 1956.0 1586.0 1954.0 1600.0 1954.0 1606.0 1960.0 1606.0 1972.0 1608.0 1974.0 1608.0 1984.0 1610.0 1986.0 1610.0 1990.0 1612.0 1992.0 1614.0 1992.0 1618.0 1996.0 1620.0 1996.0 1622.0 1998.0 1626.0 1998.0 1628.0 2000.0 1634.0 2000.0 1636.0 2002.0 1648.0 2002.0 1650.0 2004.0 1682.0 2004.0 1684.0 2006.0 1712.0 2006.0 1714.0 2008.0 1726.0 2008.0 1728.0 2010.0 1736.0 2010.0 1738.0 2008.0 1748.0 2008.0 1750.0 2006.0 1758.0 2006.0 1760.0 2004.0 1766.0 2004.0 1768.0 2002.0 1776.0 2002.0 1778.0 2000.0 1784.0 2000.0 1786.0 1998.0 1790.0 1998.0 1792.0 1996.0 1796.0 1996.0 1804.0 1988.0 1804.0 1986.0 1812.0 1978.0 1814.0 1978.0 1816.0 1976.0 1818.0 1976.0 1820.0 1974.0 1822.0 1974.0 1824.0 1972.0 1826.0 1972.0 1832.0 1966.0 1832.0 1964.0 1834.0 1962.0 1834.0 1958.0 1838.0 1954.0 1836.0 1952.0 1836.0 1946.0 1834.0 1944.0 1834.0 1938.0 1832.0 1936.0 1832.0 1884.0 1834.0 1882.0 1834.0 1876.0 1846.0 1864.0 1848.0 1864.0 1854.0 1858.0 1854.0 1854.0 1856.0 1852.0 1856.0 1838.0 1858.0 1836.0 1858.0 1830.0 1860.0 1828.0 1860.0 1826.0 1864.0 1822.0 1864.0 1820.0 1868.0 1816.0 1868.0 1812.0 1870.0 1810.0 1870.0 1806.0 1872.0 1804.0 1872.0 1800.0 1874.0 1798.0 1874.0 1790.0 1876.0 1788.0 1876.0 1770.0 1878.0 1768.0 1878.0 1728.0 1880.0 1726.0 1880.0 1718.0 1882.0 1716.0 1882.0 1714.0 1880.0 1714.0 1876.0 1710.0 1874.0 1710.0 1872.0 1708.0 1872.0 1700.0 0.8291447162628174
246.0 1244.0 246.0 1250.0 244.0 1252.0 244.0 1282.0 242.0 1284.0 242.0 1312.0 240.0 1314.0 240.0 1334.0 238.0 1336.0 238.0 1346.0 236.0 1348.0 236.0 1360.0 234.0 1362.0 234.0 1380.0 232.0 1382.0 232.0 1400.0 230.0 1402.0 230.0 1414.0 228.0 1416.0 228.0 1430.0 226.0 1432.0 226.0 1454.0 224.0 1456.0 224.0 1472.0 222.0 1474.0 222.0 1482.0 220.0 1484.0 220.0 1498.0 218.0 1500.0 218.0 1518.0 216.0 1520.0 216.0 1532.0 214.0 1534.0 214.0 1542.0 212.0 1544.0 212.0 1554.0 210.0 1556.0 210.0 1576.0 208.0 1578.0 208.0 1590.0 206.0 1592.0 206.0 1600.0 204.0 1602.0 204.0 1606.0 202.0 1608.0 196.0 1608.0 196.0 1732.0 210.0 1732.0 212.0 1734.0 254.0 1734.0 256.0 1736.0 276.0 1736.0 278.0 1734.0 304.0 1734.0 306.0 1732.0 330.0 1732.0 332.0 1734.0 360.0 1734.0 362.0 1736.0 370.0 1736.0 372.0 1738.0 374.0 1738.0 376.0 1740.0 376.0 1746.0 496.0 1746.0 496.0 1740.0 500.0 1736.0 502.0 1736.0 504.0 1734.0 508.0 1734.0 510.0 1732.0 524.0 1732.0 526.0 1730.0 584.0 1730.0 586.0 1732.0 588.0 1732.0 590.0 1730.0 610.0 1730.0 610.0 1526.0 604.0 1526.0 602.0 1528.0 600.0 1528.0 598.0 1530.0 592.0 1530.0 590.0 1528.0 588.0 1528.0 586.0 1526.0 584.0 1526.0 580.0 1522.0 580.0 1520.0 578.0 1518.0 578.0 1500.0 580.0 1498.0 580.0 1496.0 582.0 1494.0 582.0 1492.0 584.0 1490.0 584.0 1488.0 586.0 1486.0 586.0 1484.0 588.0 1482.0 588.0 1478.0 590.0 1476.0 590.0 1466.0 592.0 1464.0 592.0 1432.0 594.0 1430.0 594.0 1414.0 596.0 1412.0 596.0 1404.0 598.0 1402.0 598.0 1380.0 600.0 1378.0 600.0 1360.0 602.0 1358.0 602.0 1356.0 604.0 1354.0 610.0 1354.0 610.0 1288.0 604.0 1288.0 598.0 1282.0 596.0 1282.0 594.0 1280.0 592.0 1280.0 590.0 1278.0 588.0 1278.0 586.0 1276.0 580.0 1276.0 578.0 1274.0 566.0 1274.0 564.0 1272.0 556.0 1272.0 554.0 1270.0 546.0 1270.0 544.0 1268.0 542.0 1268.0 540.0 1266.0 534.0 1266.0 532.0 1264.0 528.0 1264.0 526.0 1262.0 518.0 1262.0 516.0 1260.0 508.0 1260.0 506.0 1258.0 496.0 1258.0 494.0 1256.0 436.0 1256.0 434.0 1254.0 414.0 1254.0 412.0 1252.0 406.0 1252.0 404.0 1250.0 404.0 1244.0 0.7757753729820251
20.0 1412.0 20.0 1636.0 28.0 1636.0 38.0 1626.0 38.0 1622.0 42.0 1618.0 42.0 1612.0 44.0 1610.0 44.0 1598.0 46.0 1596.0 46.0 1590.0 48.0 1588.0 48.0 1582.0 50.0 1580.0 50.0 1572.0 52.0 1570.0 52.0 1558.0 54.0 1556.0 54.0 1544.0 56.0 1542.0 56.0 1530.0 58.0 1528.0 58.0 1510.0 60.0 1508.0 60.0 1496.0 62.0 1494.0 62.0 1478.0 64.0 1476.0 64.0 1468.0 66.0 1466.0 66.0 1462.0 68.0 1460.0 74.0 1460.0 74.0 1412.0 0.685927152633667
1878.0 1708.0 1878.0 1716.0 1880.0 1718.0 1880.0 1748.0 1878.0 1750.0 1878.0 1848.0 1876.0 1850.0 1876.0 1860.0 1874.0 1862.0 1874.0 1870.0 1872.0 1872.0 1872.0 1874.0 1868.0 1878.0 1866.0 1878.0 1864.0 1880.0 1864.0 1882.0 1862.0 1884.0 1862.0 1890.0 1860.0 1892.0 1860.0 1906.0 1858.0 1908.0 1852.0 1908.0 1852.0 1994.0 1862.0 1994.0 1864.0 1996.0 1868.0 1996.0 1870.0 1998.0 1878.0 1998.0 1880.0 2000.0 1938.0 2000.0 1940.0 1998.0 1942.0 2000.0 1946.0 2000.0 1948.0 1998.0 1956.0 1998.0 1958.0 2000.0 1974.0 2000.0 1976.0 2002.0 2000.0 2002.0 2002.0 2004.0 2002.0 2010.0 2046.0 2010.0 2046.0 1708.0 0.6419293284416199
2030.0 1988.0 2030.0 1994.0 2028.0 1996.0 2022.0 1996.0 2020.0 1998.0 2008.0 1998.0 2006.0 2000.0 1994.0 2000.0 1992.0 2002.0 1976.0 2002.0 1974.0 2004.0 1960.0 2004.0 1958.0 2006.0 1890.0 2006.0 1888.0 2004.0 1878.0 2004.0 1876.0 2002.0 1872.0 2002.0 1870.0 2000.0 1848.0 2000.0 1846.0 2002.0 1836.0 2002.0 1834.0 2004.0 1826.0 2004.0 1824.0 2006.0 1818.0 2006.0 1816.0 2008.0 1814.0 2008.0 1812.0 2010.0 1808.0 2010.0 1806.0 2012.0 1800.0 2012.0 1798.0 2014.0 1794.0 2014.0 1792.0 2016.0 1786.0 2016.0 1784.0 2018.0 1778.0 2018.0 1776.0 2020.0 1766.0 2020.0 1764.0 2022.0 1762.0 2020.0 1754.0 2020.0 1752.0 2018.0 1748.0 2018.0 1746.0 2016.0 1742.0 2016.0 1740.0 2014.0 1726.0 2014.0 1724.0 2012.0 1712.0 2012.0 1710.0 2014.0 1692.0 2014.0 1690.0 2012.0 1682.0 2012.0 1680.0 2014.0 1600.0 2014.0 1598.0 2016.0 1580.0 2016.0 1578.0 2018.0 1572.0 2018.0 1572.0 2046.0 2046.0 2046.0 2046.0 1988.0 0.6033827066421509
740.0 276.0 740.0 440.0 748.0 440.0 754.0 446.0 758.0 446.0 760.0 448.0 768.0 448.0 770.0 450.0 788.0 450.0 790.0 452.0 798.0 452.0 800.0 454.0 804.0 454.0 806.0 456.0 808.0 456.0 812.0 460.0 812.0 466.0 918.0 466.0 918.0 458.0 924.0 452.0 924.0 448.0 926.0 446.0 926.0 438.0 928.0 436.0 928.0 430.0 930.0 428.0 930.0 416.0 932.0 414.0 932.0 376.0 934.0 374.0 934.0 358.0 936.0 356.0 936.0 346.0 938.0 344.0 938.0 338.0 936.0 336.0 936.0 316.0 934.0 314.0 934.0 306.0 932.0 304.0 932.0 300.0 930.0 298.0 924.0 298.0 922.0 296.0 908.0 296.0 906.0 294.0 900.0 294.0 898.0 292.0 896.0 292.0 894.0 290.0 890.0 290.0 888.0 288.0 876.0 288.0 874.0 286.0 862.0 286.0 860.0 284.0 858.0 284.0 856.0 282.0 856.0 276.0 0.5533235669136047
