0 0.304688 0.658203 0.304688 0.661133 0.303711 0.662109 0.301758 0.662109 0.300781 0.663086 0.294922 0.663086 0.293945 0.664062 0.288086 0.664062 0.287109 0.665039 0.283203 0.665039 0.282227 0.666016 0.28125 0.666016 0.280273 0.666992 0.279297 0.666992 0.27832 0.667969 0.275391 0.667969 0.274414 0.668945 0.272461 0.668945 0.271484 0.669922 0.269531 0.669922 0.268555 0.670898 0.266602 0.670898 0.265625 0.671875 0.260742 0.671875 0.259766 0.672852 0.246094 0.672852 0.245117 0.673828 0.242188 0.673828 0.241211 0.674805 0.239258 0.674805 0.238281 0.675781 0.233398 0.675781 0.232422 0.676758 0.228516 0.676758 0.227539 0.677734 0.224609 0.677734 0.223633 0.678711 0.222656 0.678711 0.22168 0.679688 0.220703 0.679688 0.219727 0.680664 0.21875 0.680664 0.213867 0.685547 0.213867 0.686523 0.212891 0.6875 0.212891 0.688477 0.209961 0.691406 0.209961 0.692383 0.208984 0.693359 0.208008 0.693359 0.206055 0.691406 0.205078 0.691406 0.203125 0.689453 0.202148 0.689453 0.201172 0.688477 0.199219 0.688477 0.198242 0.6875 0.185547 0.6875 0.18457 0.686523 0.161133 0.686523 0.160156 0.6875 0.150391 0.6875 0.149414 0.688477 0.143555 0.688477 0.142578 0.689453 0.136719 0.689453 0.135742 0.69043 0.125977 0.69043 0.125 0.691406 0.121094 0.691406 0.120117 0.692383 0.118164 0.692383 0.117188 0.693359 0.115234 0.693359 0.114258 0.694336 0.112305 0.694336 0.111328 0.695312 0.109375 0.695312 0.108398 0.696289 0.106445 0.696289 0.105469 0.697266 0.104492 0.697266 0.103516 0.698242 0.101562 0.698242 0.100586 0.699219 0.0976562 0.699219 0.0966797 0.700195 0.0947266 0.700195 0.09375 0.701172 0.0917969 0.701172 0.0908203 0.702148 0.0878906 0.702148 0.0878906 0.729492 0.0908203 0.729492 0.0917969 0.730469 0.0917969 0.731445 0.0927734 0.732422 0.0927734 0.736328 0.09375 0.737305 0.09375 0.742188 0.0947266 0.743164 0.0947266 0.748047 0.0957031 0.749023 0.0957031 0.750977 0.0966797 0.751953 0.0966797 0.754883 0.0976562 0.755859 0.0976562 0.759766 0.0986328 0.760742 0.0986328 0.765625 0.0996094 0.766602 0.0996094 0.769531 0.100586 0.770508 0.100586 0.773438 0.101562 0.774414 0.101562 0.77832 0.102539 0.779297 0.102539 0.783203 0.103516 0.78418 0.103516 0.786133 0.104492 0.787109 0.104492 0.789062 0.105469 0.790039 0.105469 0.795898 0.106445 0.796875 0.106445 0.802734 0.107422 0.803711 0.107422 0.806641 0.108398 0.807617 0.108398 0.811523 0.109375 0.8125 0.109375 0.819336 0.110352 0.820312 0.110352 0.826172 0.111328 0.827148 0.111328 0.830078 0.112305 0.831055 0.112305 0.833984 0.113281 0.834961 0.113281 0.837891 0.114258 0.838867 0.114258 0.841797 0.115234 0.842773 0.115234 0.845703 0.116211 0.84668 0.116211 0.851562 0.117188 0.852539 0.117188 0.859375 0.118164 0.860352 0.118164 0.865234 0.119141 0.866211 0.119141 0.867188 0.120117 0.868164 0.120117 0.870117 0.121094 0.871094 0.121094 0.873047 0.12207 0.874023 0.12207 0.875977 0.123047 0.876953 0.123047 0.87793 0.124023 0.878906 0.124023 0.879883 0.125 0.880859 0.125 0.884766 0.125977 0.885742 0.125977 0.888672 0.126953 0.889648 0.126953 0.892578 0.12793 0.893555 0.12793 0.895508 0.128906 0.896484 0.128906 0.900391 0.129883 0.901367 0.129883 0.904297 0.130859 0.905273 0.130859 0.907227 0.132812 0.90918 0.132812 0.910156 0.133789 0.911133 0.133789 0.915039 0.157227 0.915039 0.157227 0.912109 0.158203 0.911133 0.160156 0.911133 0.161133 0.910156 0.164062 0.910156 0.165039 0.90918 0.169922 0.90918 0.170898 0.908203 0.175781 0.908203 0.176758 0.907227 0.180664 0.907227 0.181641 0.90625 0.186523 0.90625 0.1875 0.905273 0.192383 0.905273 0.193359 0.904297 0.197266 0.904297 0.198242 0.90332 0.200195 0.90332 0.201172 0.902344 0.202148 0.902344 0.203125 0.901367 0.204102 0.901367 0.205078 0.900391 0.205078 0.899414 0.206055 0.898438 0.206055 0.897461 0.207031 0.896484 0.207031 0.895508 0.208008 0.894531 0.208008 0.892578 0.208984 0.891602 0.208984 0.889648 0.209961 0.888672 0.209961 0.887695 0.210938 0.886719 0.210938 0.885742 0.217773 0.878906 0.21875 0.878906 0.219727 0.87793 0.220703 0.87793 0.22168 0.876953 0.222656 0.876953 0.226562 0.873047 0.227539 0.873047 0.228516 0.87207 0.228516 0.870117 0.229492 0.869141 0.229492 0.865234 0.232422 0.862305 0.233398 0.862305 0.234375 0.861328 0.236328 0.861328 0.237305 0.862305 0.238281 0.862305 0.240234 0.864258 0.240234 0.865234 0.241211 0.866211 0.241211 0.868164 0.245117 0.87207 0.24707 0.87207 0.248047 0.873047 0.250977 0.873047 0.251953 0.874023 0.257812 0.874023 0.258789 0.875 0.260742 0.875 0.261719 0.875977 0.262695 0.875977 0.263672 0.876953 0.264648 0.876953 0.265625 0.87793 0.267578 0.87793 0.268555 0.878906 0.282227 0.878906 0.283203 0.87793 0.286133 0.87793 0.287109 0.876953 0.288086 0.876953 0.289062 0.875977 0.290039 0.875977 0.290039 0.875 0.291992 0.873047 0.291992 0.87207 0.295898 0.868164 0.297852 0.868164 0.298828 0.867188 0.301758 0.867188 0.304688 0.870117 0.304688 0.871094 0.305664 0.87207 0.305664 0.874023 0.306641 0.875 0.306641 0.875977 0.307617 0.876953 0.307617 0.87793 0.310547 0.880859 0.322266 0.880859 0.323242 0.879883 0.325195 0.879883 0.326172 0.878906 0.330078 0.878906 0.331055 0.87793 0.334961 0.87793 0.335938 0.876953 0.339844 0.876953 0.34082 0.875977 0.344727 0.875977 0.345703 0.875 0.350586 0.875 0.351562 0.874023 0.356445 0.874023 0.357422 0.873047 0.362305 0.873047 0.363281 0.87207 0.367188 0.87207 0.368164 0.871094 0.371094 0.871094 0.37207 0.870117 0.376953 0.870117 0.37793 0.869141 0.383789 0.869141 0.384766 0.868164 0.388672 0.868164 0.389648 0.867188 0.394531 0.867188 0.395508 0.866211 0.400391 0.866211 0.401367 0.865234 0.405273 0.865234 0.40625 0.864258 0.40918 0.864258 0.410156 0.863281 0.412109 0.863281 0.413086 0.862305 0.415039 0.862305 0.416016 0.861328 0.416992 0.861328 0.417969 0.860352 0.417969 0.859375 0.419922 0.857422 0.422852 0.857422 0.422852 0.856445 0.419922 0.856445 0.418945 0.855469 0.418945 0.853516 0.417969 0.852539 0.417969 0.851562 0.416992 0.850586 0.416992 0.848633 0.416016 0.847656 0.416016 0.84668 0.415039 0.845703 0.415039 0.844727 0.414062 0.84375 0.414062 0.841797 0.413086 0.84082 0.413086 0.839844 0.412109 0.838867 0.412109 0.837891 0.411133 0.836914 0.411133 0.835938 0.410156 0.834961 0.410156 0.833008 0.40918 0.832031 0.40918 0.831055 0.408203 0.830078 0.408203 0.828125 0.407227 0.827148 0.407227 0.826172 0.40625 0.825195 0.40625 0.824219 0.405273 0.823242 0.405273 0.821289 0.404297 0.820312 0.404297 0.819336 0.402344 0.817383 0.402344 0.816406 0.401367 0.81543 0.401367 0.814453 0.400391 0.813477 0.400391 0.8125 0.398438 0.810547 0.398438 0.80957 0.397461 0.80957 0.395508 0.807617 0.392578 0.807617 0.391602 0.806641 0.389648 0.806641 0.388672 0.805664 0.387695 0.805664 0.386719 0.804688 0.385742 0.804688 0.384766 0.803711 0.383789 0.803711 0.382812 0.802734 0.382812 0.801758 0.381836 0.800781 0.381836 0.799805 0.379883 0.797852 0.379883 0.790039 0.378906 0.789062 0.378906 0.766602 0.37793 0.765625 0.37793 0.760742 0.378906 0.759766 0.378906 0.758789 0.37793 0.757812 0.37793 0.754883 0.376953 0.753906 0.376953 0.751953 0.375977 0.750977 0.375977 0.749023 0.375 0.748047 0.375 0.74707 0.374023 0.746094 0.374023 0.745117 0.373047 0.744141 0.373047 0.743164 0.37207 0.742188 0.37207 0.740234 0.371094 0.739258 0.371094 0.738281 0.370117 0.737305 0.370117 0.735352 0.368164 0.733398 0.368164 0.732422 0.367188 0.731445 0.367188 0.729492 0.366211 0.728516 0.366211 0.727539 0.365234 0.726562 0.365234 0.724609 0.364258 0.723633 0.364258 0.722656 0.363281 0.72168 0.363281 0.719727 0.362305 0.71875 0.362305 0.716797 0.361328 0.71582 0.361328 0.711914 0.360352 0.710938 0.360352 0.708008 0.359375 0.707031 0.359375 0.705078 0.358398 0.704102 0.358398 0.703125 0.357422 0.702148 0.357422 0.701172 0.353516 0.697266 0.353516 0.696289 0.349609 0.692383 0.349609 0.69043 0.348633 0.689453 0.348633 0.688477 0.347656 0.6875 0.347656 0.686523 0.34668 0.685547 0.34668 0.68457 0.345703 0.683594 0.345703 0.682617 0.34082 0.677734 0.337891 0.680664 0.336914 0.679688 0.336914 0.677734 0.335938 0.676758 0.335938 0.669922 0.334961 0.668945 0.334961 0.666016 0.333008 0.664062 0.333008 0.663086 0.331055 0.661133 0.331055 0.658203 0.979766
0 0.663086 0.845703 0.663086 0.848633 0.661133 0.850586 0.658203 0.850586 0.657227 0.851562 0.654297 0.851562 0.65332 0.852539 0.649414 0.852539 0.648438 0.853516 0.646484 0.853516 0.645508 0.854492 0.643555 0.854492 0.642578 0.855469 0.639648 0.855469 0.638672 0.856445 0.635742 0.856445 0.634766 0.857422 0.633789 0.857422 0.632812 0.858398 0.630859 0.858398 0.629883 0.859375 0.62793 0.859375 0.626953 0.860352 0.62207 0.860352 0.621094 0.861328 0.618164 0.861328 0.617188 0.862305 0.615234 0.862305 0.614258 0.863281 0.611328 0.863281 0.610352 0.864258 0.605469 0.864258 0.604492 0.865234 0.580078 0.865234 0.579102 0.866211 0.575195 0.866211 0.574219 0.867188 0.568359 0.867188 0.567383 0.868164 0.563477 0.868164 0.5625 0.869141 0.55957 0.869141 0.558594 0.870117 0.556641 0.870117 0.555664 0.871094 0.552734 0.871094 0.551758 0.87207 0.547852 0.87207 0.546875 0.873047 0.543945 0.873047 0.542969 0.874023 0.541992 0.874023 0.541016 0.875 0.538086 0.875 0.537109 0.875977 0.53418 0.875977 0.533203 0.876953 0.530273 0.876953 0.529297 0.87793 0.525391 0.87793 0.524414 0.878906 0.520508 0.878906 0.519531 0.879883 0.515625 0.879883 0.514648 0.880859 0.512695 0.880859 0.511719 0.881836 0.505859 0.881836 0.505859 0.898438 0.508789 0.898438 0.510742 0.900391 0.510742 0.901367 0.511719 0.902344 0.511719 0.90332 0.512695 0.904297 0.512695 0.90625 0.513672 0.907227 0.513672 0.908203 0.514648 0.90918 0.514648 0.910156 0.515625 0.911133 0.515625 0.913086 0.516602 0.914062 0.516602 0.915039 0.517578 0.916016 0.517578 0.916992 0.518555 0.917969 0.518555 0.918945 0.519531 0.919922 0.519531 0.920898 0.520508 0.921875 0.520508 0.922852 0.521484 0.923828 0.521484 0.924805 0.522461 0.925781 0.522461 0.926758 0.523438 0.927734 0.523438 0.928711 0.524414 0.929688 0.524414 0.930664 0.525391 0.931641 0.525391 0.932617 0.527344 0.93457 0.527344 0.9375 0.52832 0.938477 0.52832 0.942383 0.529297 0.943359 0.529297 0.944336 0.530273 0.945312 0.530273 0.946289 0.53125 0.947266 0.53125 0.949219 0.532227 0.950195 0.532227 0.952148 0.533203 0.953125 0.533203 0.955078 0.535156 0.957031 0.535156 0.958984 0.536133 0.959961 0.536133 0.961914 0.537109 0.962891 0.537109 0.963867 0.538086 0.964844 0.538086 0.96582 0.539062 0.966797 0.539062 0.96875 0.540039 0.969727 0.540039 0.97168 0.541016 0.972656 0.541016 0.974609 0.541992 0.975586 0.541992 0.977539 0.542969 0.978516 0.542969 0.979492 0.543945 0.980469 0.543945 0.982422 0.544922 0.983398 0.544922 0.984375 0.546875 0.986328 0.546875 0.988281 0.547852 0.989258 0.547852 0.990234 0.548828 0.991211 0.548828 0.992188 0.549805 0.993164 0.549805 0.994141 0.550781 0.995117 0.550781 0.996094 0.551758 0.99707 0.551758 0.999023 0.746094 0.999023 0.746094 0.998047 0.745117 0.99707 0.745117 0.991211 0.744141 0.990234 0.744141 0.987305 0.743164 0.986328 0.743164 0.984375 0.742188 0.983398 0.742188 0.980469 0.741211 0.979492 0.741211 0.977539 0.740234 0.976562 0.740234 0.973633 0.739258 0.972656 0.739258 0.97168 0.738281 0.970703 0.738281 0.969727 0.737305 0.96875 0.737305 0.967773 0.736328 0.966797 0.736328 0.964844 0.735352 0.963867 0.735352 0.962891 0.734375 0.961914 0.734375 0.960938 0.733398 0.959961 0.733398 0.958984 0.732422 0.958008 0.732422 0.957031 0.731445 0.956055 0.731445 0.955078 0.730469 0.954102 0.730469 0.953125 0.729492 0.952148 0.729492 0.950195 0.728516 0.949219 0.728516 0.945312 0.727539 0.944336 0.727539 0.942383 0.726562 0.941406 0.726562 0.94043 0.725586 0.939453 0.725586 0.936523 0.724609 0.935547 0.724609 0.932617 0.723633 0.931641 0.723633 0.929688 0.722656 0.928711 0.722656 0.925781 0.72168 0.924805 0.72168 0.921875 0.720703 0.920898 0.720703 0.917969 0.719727 0.916992 0.719727 0.915039 0.71875 0.914062 0.71875 0.913086 0.717773 0.912109 0.717773 0.911133 0.716797 0.910156 0.716797 0.908203 0.71582 0.907227 0.71582 0.90625 0.714844 0.905273 0.714844 0.902344 0.713867 0.901367 0.713867 0.899414 0.712891 0.898438 0.712891 0.896484 0.711914 0.895508 0.711914 0.894531 0.710938 0.893555 0.710938 0.890625 0.709961 0.889648 0.709961 0.886719 0.708984 0.885742 0.708984 0.882812 0.708008 0.881836 0.708008 0.880859 0.707031 0.879883 0.707031 0.876953 0.706055 0.875977 0.706055 0.874023 0.705078 0.873047 0.705078 0.871094 0.704102 0.870117 0.704102 0.868164 0.703125 0.867188 0.703125 0.866211 0.702148 0.865234 0.702148 0.864258 0.701172 0.863281 0.701172 0.862305 0.699219 0.860352 0.699219 0.859375 0.698242 0.858398 0.698242 0.857422 0.697266 0.856445 0.697266 0.854492 0.696289 0.853516 0.696289 0.852539 0.695312 0.851562 0.695312 0.850586 0.694336 0.849609 0.694336 0.845703 0.959324
0 0.167969 0.00195312 0.167969 0.00683594 0.168945 0.0078125 0.168945 0.00878906 0.172852 0.00878906 0.172852 0.00195312 0.167969 0.00195312 0.154297 0.00195312 0.00195312 0.00195312 0.00195312 0.130859 0.0078125 0.130859 0.00878906 0.131836 0.0117188 0.131836 0.0126953 0.132812 0.0166016 0.132812 0.0175781 0.133789 0.0205078 0.133789 0.0214844 0.134766 0.0253906 0.134766 0.0263672 0.135742 0.0341797 0.135742 0.0351562 0.136719 0.0429688 0.136719 0.0439453 0.135742 0.0458984 0.135742 0.046875 0.134766 0.0488281 0.134766 0.0507812 0.132812 0.0517578 0.132812 0.0527344 0.131836 0.0546875 0.131836 0.0556641 0.130859 0.0742188 0.130859 0.0751953 0.129883 0.0830078 0.129883 0.0839844 0.130859 0.0927734 0.130859 0.09375 0.131836 0.0976562 0.131836 0.0986328 0.132812 0.103516 0.132812 0.104492 0.133789 0.111328 0.133789 0.112305 0.134766 0.119141 0.134766 0.120117 0.135742 0.126953 0.135742 0.12793 0.136719 0.144531 0.136719 0.145508 0.135742 0.149414 0.135742 0.150391 0.134766 0.151367 0.134766 0.152344 0.133789 0.15332 0.133789 0.154297 0.132812 0.154297 0.131836 0.155273 0.130859 0.155273 0.128906 0.15625 0.12793 0.15625 0.126953 0.157227 0.125977 0.157227 0.124023 0.158203 0.123047 0.158203 0.120117 0.15918 0.119141 0.15918 0.115234 0.160156 0.114258 0.160156 0.109375 0.161133 0.108398 0.161133 0.0976562 0.162109 0.0966797 0.162109 0.0722656 0.163086 0.0712891 0.163086 0.0664062 0.164062 0.0654297 0.164062 0.0595703 0.165039 0.0585938 0.165039 0.0517578 0.166016 0.0507812 0.166016 0.0458984 0.166992 0.0449219 0.166992 0.0390625 0.167969 0.0380859 0.167969 0.0371094 0.166992 0.0361328 0.166016 0.0361328 0.164062 0.0380859 0.164062 0.0390625 0.163086 0.0400391 0.162109 0.0400391 0.161133 0.0390625 0.161133 0.0380859 0.160156 0.0371094 0.160156 0.0351562 0.15918 0.0341797 0.15918 0.0332031 0.157227 0.03125 0.157227 0.0292969 0.15625 0.0283203 0.15625 0.0234375 0.155273 0.0224609 0.155273 0.0166016 0.154297 0.015625 0.154297 0.00195312 0.942292
0 0.829102 0.822266 0.829102 0.825195 0.828125 0.826172 0.827148 0.826172 0.826172 0.827148 0.822266 0.827148 0.821289 0.828125 0.819336 0.828125 0.818359 0.829102 0.81543 0.829102 0.814453 0.830078 0.80957 0.830078 0.808594 0.831055 0.805664 0.831055 0.804688 0.832031 0.801758 0.832031 0.800781 0.833008 0.797852 0.833008 0.796875 0.833984 0.793945 0.833984 0.792969 0.834961 0.790039 0.834961 0.789062 0.835938 0.786133 0.835938 0.785156 0.836914 0.77832 0.836914 0.777344 0.837891 0.772461 0.837891 0.771484 0.838867 0.767578 0.838867 0.766602 0.839844 0.762695 0.839844 0.761719 0.84082 0.756836 0.84082 0.755859 0.841797 0.750977 0.841797 0.75 0.842773 0.746094 0.842773 0.745117 0.84375 0.742188 0.84375 0.741211 0.844727 0.738281 0.844727 0.737305 0.845703 0.734375 0.845703 0.733398 0.84668 0.730469 0.84668 0.729492 0.847656 0.726562 0.847656 0.725586 0.848633 0.72168 0.848633 0.720703 0.849609 0.71875 0.849609 0.717773 0.850586 0.716797 0.850586 0.71582 0.851562 0.713867 0.851562 0.712891 0.852539 0.708984 0.852539 0.708984 0.878906 0.711914 0.878906 0.713867 0.880859 0.713867 0.881836 0.714844 0.882812 0.714844 0.884766 0.71582 0.885742 0.71582 0.888672 0.716797 0.889648 0.716797 0.891602 0.717773 0.892578 0.717773 0.893555 0.71875 0.894531 0.71875 0.896484 0.719727 0.897461 0.719727 0.899414 0.720703 0.900391 0.720703 0.902344 0.72168 0.90332 0.72168 0.905273 0.722656 0.90625 0.722656 0.90918 0.723633 0.910156 0.723633 0.914062 0.724609 0.915039 0.724609 0.916992 0.725586 0.917969 0.725586 0.918945 0.726562 0.919922 0.726562 0.922852 0.727539 0.923828 0.727539 0.925781 0.728516 0.926758 0.728516 0.928711 0.729492 0.929688 0.729492 0.931641 0.730469 0.932617 0.730469 0.935547 0.731445 0.936523 0.731445 0.938477 0.732422 0.939453 0.732422 0.94043 0.733398 0.941406 0.733398 0.943359 0.734375 0.944336 0.734375 0.945312 0.735352 0.946289 0.735352 0.948242 0.736328 0.949219 0.736328 0.951172 0.737305 0.952148 0.737305 0.955078 0.738281 0.956055 0.738281 0.958984 0.739258 0.959961 0.739258 0.961914 0.740234 0.962891 0.740234 0.963867 0.741211 0.964844 0.741211 0.966797 0.742188 0.967773 0.742188 0.96875 0.743164 0.969727 0.743164 0.97168 0.744141 0.972656 0.744141 0.974609 0.745117 0.975586 0.745117 0.977539 0.746094 0.978516 0.746094 0.981445 0.74707 0.982422 0.74707 0.983398 0.748047 0.984375 0.748047 0.986328 0.749023 0.987305 0.749023 0.989258 0.75 0.990234 0.75 0.991211 0.750977 0.992188 0.750977 0.994141 0.751953 0.995117 0.751953 0.996094 0.75293 0.99707 0.75293 0.999023 0.926758 0.999023 0.926758 0.998047 0.927734 0.99707 0.930664 0.99707 0.930664 0.992188 0.927734 0.992188 0.926758 0.991211 0.926758 0.990234 0.925781 0.989258 0.925781 0.988281 0.924805 0.987305 0.924805 0.985352 0.923828 0.984375 0.923828 0.983398 0.922852 0.982422 0.922852 0.979492 0.921875 0.978516 0.921875 0.975586 0.920898 0.974609 0.920898 0.972656 0.919922 0.97168 0.919922 0.970703 0.918945 0.969727 0.918945 0.96875 0.916992 0.966797 0.916992 0.96582 0.913086 0.961914 0.913086 0.960938 0.912109 0.959961 0.912109 0.958984 0.911133 0.958008 0.911133 0.956055 0.910156 0.955078 0.910156 0.952148 0.90918 0.951172 0.90918 0.948242 0.908203 0.947266 0.908203 0.944336 0.907227 0.943359 0.907227 0.939453 0.90625 0.938477 0.90625 0.935547 0.905273 0.93457 0.905273 0.930664 0.904297 0.929688 0.904297 0.916016 0.90332 0.915039 0.90332 0.912109 0.902344 0.911133 0.902344 0.910156 0.901367 0.90918 0.901367 0.908203 0.900391 0.907227 0.900391 0.905273 0.899414 0.904297 0.899414 0.90332 0.898438 0.902344 0.898438 0.901367 0.897461 0.900391 0.897461 0.899414 0.896484 0.898438 0.896484 0.895508 0.895508 0.894531 0.895508 0.892578 0.894531 0.891602 0.894531 0.890625 0.893555 0.889648 0.893555 0.888672 0.892578 0.887695 0.892578 0.885742 0.891602 0.884766 0.891602 0.883789 0.890625 0.882812 0.890625 0.880859 0.889648 0.879883 0.889648 0.876953 0.888672 0.875977 0.888672 0.873047 0.887695 0.87207 0.887695 0.868164 0.886719 0.867188 0.886719 0.864258 0.885742 0.863281 0.885742 0.860352 0.884766 0.859375 0.884766 0.856445 0.883789 0.855469 0.883789 0.852539 0.882812 0.851562 0.882812 0.848633 0.881836 0.847656 0.881836 0.845703 0.880859 0.844727 0.880859 0.84375 0.879883 0.842773 0.879883 0.841797 0.878906 0.84082 0.878906 0.839844 0.87793 0.838867 0.87793 0.837891 0.876953 0.836914 0.876953 0.835938 0.875 0.833984 0.875 0.833008 0.874023 0.832031 0.874023 0.831055 0.87207 0.829102 0.87207 0.828125 0.870117 0.826172 0.870117 0.822266 0.941426
0 0.0458984 0.716797 0.0458984 0.719727 0.0449219 0.720703 0.0419922 0.720703 0.0410156 0.72168 0.0341797 0.72168 0.0332031 0.722656 0.0292969 0.722656 0.0283203 0.723633 0.0263672 0.723633 0.0253906 0.724609 0.0205078 0.724609 0.0195312 0.725586 0.0117188 0.725586 0.0107422 0.726562 0.00195312 0.726562 0.00195312 0.935547 0.00585938 0.935547 0.00683594 0.936523 0.0175781 0.936523 0.0185547 0.935547 0.0253906 0.935547 0.0263672 0.93457 0.03125 0.93457 0.0322266 0.933594 0.0371094 0.933594 0.0380859 0.932617 0.0439453 0.932617 0.0449219 0.931641 0.0488281 0.931641 0.0498047 0.930664 0.0537109 0.930664 0.0546875 0.929688 0.0595703 0.929688 0.0605469 0.928711 0.0654297 0.928711 0.0664062 0.927734 0.0712891 0.927734 0.0722656 0.926758 0.0761719 0.926758 0.0771484 0.925781 0.0810547 0.925781 0.0820312 0.924805 0.0869141 0.924805 0.0878906 0.923828 0.0908203 0.923828 0.0917969 0.922852 0.0927734 0.922852 0.0957031 0.919922 0.0957031 0.918945 0.0966797 0.917969 0.0966797 0.916992 0.0976562 0.916016 0.0976562 0.914062 0.0986328 0.913086 0.0986328 0.912109 0.0996094 0.911133 0.0996094 0.910156 0.101562 0.908203 0.101562 0.899414 0.102539 0.898438 0.102539 0.894531 0.103516 0.893555 0.106445 0.893555 0.106445 0.891602 0.103516 0.891602 0.102539 0.890625 0.102539 0.884766 0.101562 0.883789 0.101562 0.87793 0.100586 0.876953 0.100586 0.867188 0.0996094 0.866211 0.0996094 0.860352 0.0986328 0.859375 0.0986328 0.855469 0.0976562 0.854492 0.0976562 0.852539 0.0966797 0.851562 0.0966797 0.849609 0.0957031 0.848633 0.0957031 0.84668 0.0947266 0.845703 0.0947266 0.842773 0.09375 0.841797 0.09375 0.838867 0.0927734 0.837891 0.0927734 0.830078 0.0917969 0.829102 0.0917969 0.824219 0.0908203 0.823242 0.0908203 0.820312 0.0898438 0.819336 0.0898438 0.813477 0.0888672 0.8125 0.0888672 0.807617 0.0878906 0.806641 0.0878906 0.803711 0.0869141 0.802734 0.0869141 0.799805 0.0859375 0.798828 0.0859375 0.794922 0.0849609 0.793945 0.0849609 0.790039 0.0839844 0.789062 0.0839844 0.786133 0.0830078 0.785156 0.0830078 0.782227 0.0820312 0.78125 0.0820312 0.779297 0.0810547 0.77832 0.0810547 0.776367 0.0800781 0.775391 0.0800781 0.772461 0.0791016 0.771484 0.0791016 0.768555 0.078125 0.767578 0.078125 0.762695 0.0771484 0.761719 0.0771484 0.758789 0.0761719 0.757812 0.0761719 0.753906 0.0751953 0.75293 0.0751953 0.750977 0.0742188 0.75 0.0742188 0.74707 0.0732422 0.746094 0.0732422 0.744141 0.0722656 0.743164 0.0722656 0.739258 0.0712891 0.738281 0.0712891 0.734375 0.0703125 0.733398 0.0703125 0.730469 0.0693359 0.729492 0.0693359 0.727539 0.0683594 0.726562 0.0683594 0.723633 0.0673828 0.722656 0.0673828 0.716797 0.930843
0 0.611328 0.0566406 0.611328 0.0595703 0.610352 0.0605469 0.609375 0.0605469 0.608398 0.0615234 0.604492 0.0615234 0.603516 0.0625 0.595703 0.0625 0.594727 0.0634766 0.584961 0.0634766 0.583984 0.0644531 0.580078 0.0644531 0.579102 0.0654297 0.578125 0.0654297 0.577148 0.0664062 0.575195 0.0664062 0.574219 0.0673828 0.571289 0.0673828 0.570312 0.0683594 0.568359 0.0683594 0.567383 0.0693359 0.56543 0.0693359 0.564453 0.0703125 0.560547 0.0703125 0.55957 0.0712891 0.554688 0.0712891 0.553711 0.0722656 0.550781 0.0722656 0.549805 0.0732422 0.548828 0.0732422 0.547852 0.0742188 0.544922 0.0742188 0.543945 0.0751953 0.539062 0.0751953 0.538086 0.0761719 0.53418 0.0761719 0.533203 0.0771484 0.53125 0.0771484 0.530273 0.078125 0.525391 0.078125 0.524414 0.0791016 0.514648 0.0791016 0.513672 0.0800781 0.509766 0.0800781 0.508789 0.0810547 0.506836 0.0810547 0.505859 0.0820312 0.501953 0.0820312 0.500977 0.0830078 0.493164 0.0830078 0.492188 0.0839844 0.488281 0.0839844 0.487305 0.0849609 0.485352 0.0849609 0.484375 0.0859375 0.482422 0.0859375 0.481445 0.0869141 0.476562 0.0869141 0.475586 0.0878906 0.472656 0.0878906 0.47168 0.0888672 0.470703 0.0888672 0.469727 0.0898438 0.467773 0.0898438 0.466797 0.0908203 0.46582 0.0908203 0.464844 0.0917969 0.462891 0.0917969 0.461914 0.0927734 0.460938 0.0927734 0.459961 0.09375 0.458984 0.09375 0.458008 0.0947266 0.457031 0.0947266 0.456055 0.0957031 0.454102 0.0957031 0.453125 0.0966797 0.450195 0.0966797 0.449219 0.0976562 0.445312 0.0976562 0.444336 0.0986328 0.441406 0.0986328 0.44043 0.0996094 0.4375 0.0996094 0.436523 0.100586 0.43457 0.100586 0.433594 0.101562 0.431641 0.101562 0.430664 0.102539 0.428711 0.102539 0.427734 0.103516 0.426758 0.103516 0.425781 0.104492 0.419922 0.104492 0.419922 0.144531 0.422852 0.144531 0.424805 0.146484 0.424805 0.149414 0.425781 0.150391 0.425781 0.15332 0.426758 0.154297 0.426758 0.158203 0.427734 0.15918 0.427734 0.161133 0.428711 0.162109 0.428711 0.165039 0.429688 0.166016 0.429688 0.169922 0.430664 0.170898 0.430664 0.173828 0.431641 0.174805 0.431641 0.176758 0.432617 0.177734 0.432617 0.181641 0.433594 0.182617 0.433594 0.188477 0.43457 0.189453 0.43457 0.194336 0.435547 0.195312 0.435547 0.199219 0.436523 0.200195 0.436523 0.204102 0.4375 0.205078 0.4375 0.209961 0.438477 0.210938 0.438477 0.213867 0.439453 0.214844 0.439453 0.217773 0.44043 0.21875 0.44043 0.223633 0.441406 0.224609 0.441406 0.229492 0.442383 0.230469 0.442383 0.233398 0.443359 0.234375 0.443359 0.236328 0.444336 0.237305 0.444336 0.241211 0.445312 0.242188 0.445312 0.246094 0.446289 0.24707 0.446289 0.253906 0.447266 0.254883 0.449219 0.254883 0.450195 0.255859 0.454102 0.255859 0.455078 0.254883 0.461914 0.254883 0.462891 0.253906 0.467773 0.253906 0.46875 0.25293 0.475586 0.25293 0.476562 0.251953 0.482422 0.251953 0.483398 0.250977 0.485352 0.250977 0.486328 0.25 0.489258 0.25 0.490234 0.249023 0.494141 0.249023 0.495117 0.248047 0.498047 0.248047 0.499023 0.24707 0.500977 0.24707 0.501953 0.246094 0.503906 0.246094 0.504883 0.245117 0.508789 0.245117 0.509766 0.244141 0.512695 0.244141 0.513672 0.243164 0.517578 0.243164 0.518555 0.242188 0.522461 0.242188 0.523438 0.241211 0.529297 0.241211 0.530273 0.240234 0.53418 0.240234 0.535156 0.239258 0.538086 0.239258 0.539062 0.238281 0.541016 0.238281 0.541992 0.237305 0.547852 0.237305 0.548828 0.236328 0.554688 0.236328 0.555664 0.235352 0.557617 0.235352 0.558594 0.234375 0.560547 0.234375 0.561523 0.233398 0.563477 0.233398 0.564453 0.232422 0.566406 0.232422 0.567383 0.231445 0.569336 0.231445 0.570312 0.230469 0.572266 0.230469 0.573242 0.229492 0.575195 0.229492 0.576172 0.228516 0.580078 0.228516 0.581055 0.227539 0.59082 0.227539 0.591797 0.228516 0.600586 0.228516 0.601562 0.227539 0.607422 0.227539 0.608398 0.226562 0.612305 0.226562 0.613281 0.225586 0.615234 0.225586 0.616211 0.224609 0.619141 0.224609 0.620117 0.223633 0.621094 0.223633 0.62207 0.222656 0.624023 0.222656 0.625 0.22168 0.625977 0.22168 0.626953 0.220703 0.62793 0.220703 0.628906 0.219727 0.631836 0.219727 0.632812 0.21875 0.635742 0.21875 0.636719 0.217773 0.638672 0.217773 0.639648 0.216797 0.640625 0.216797 0.641602 0.21582 0.644531 0.21582 0.645508 0.214844 0.650391 0.214844 0.651367 0.213867 0.65625 0.213867 0.657227 0.212891 0.660156 0.212891 0.661133 0.211914 0.663086 0.211914 0.664062 0.210938 0.665039 0.210938 0.666016 0.209961 0.668945 0.209961 0.668945 0.193359 0.666016 0.193359 0.664062 0.191406 0.664062 0.188477 0.663086 0.1875 0.663086 0.18457 0.662109 0.183594 0.662109 0.180664 0.661133 0.179688 0.661133 0.177734 0.660156 0.176758 0.660156 0.173828 0.65918 0.172852 0.65918 0.167969 0.658203 0.166992 0.658203 0.163086 0.657227 0.162109 0.657227 0.158203 0.65625 0.157227 0.65625 0.151367 0.655273 0.150391 0.655273 0.144531 0.654297 0.143555 0.654297 0.138672 0.65332 0.137695 0.65332 0.132812 0.652344 0.131836 0.652344 0.115234 0.651367 0.114258 0.651367 0.105469 0.650391 0.104492 0.650391 0.0996094 0.649414 0.0986328 0.649414 0.09375 0.648438 0.0927734 0.648438 0.0888672 0.647461 0.0878906 0.647461 0.0830078 0.646484 0.0820312 0.646484 0.0771484 0.645508 0.0761719 0.645508 0.0703125 0.644531 0.0693359 0.644531 0.0654297 0.643555 0.0644531 0.643555 0.0625 0.642578 0.0615234 0.642578 0.0566406 0.914558
0 0.439453 0.00195312 0.439453 0.03125 0.442383 0.03125 0.443359 0.0322266 0.443359 0.0341797 0.444336 0.0351562 0.444336 0.0410156 0.445312 0.0419922 0.445312 0.046875 0.446289 0.0478516 0.446289 0.0507812 0.447266 0.0517578 0.447266 0.0537109 0.448242 0.0546875 0.448242 0.0585938 0.449219 0.0595703 0.449219 0.0615234 0.450195 0.0625 0.450195 0.0634766 0.451172 0.0644531 0.451172 0.0673828 0.473633 0.0673828 0.473633 0.0644531 0.474609 0.0634766 0.476562 0.0634766 0.477539 0.0625 0.484375 0.0625 0.485352 0.0615234 0.493164 0.0615234 0.494141 0.0605469 0.5 0.0605469 0.500977 0.0595703 0.504883 0.0595703 0.505859 0.0585938 0.511719 0.0585938 0.512695 0.0576172 0.519531 0.0576172 0.520508 0.0566406 0.525391 0.0566406 0.526367 0.0556641 0.529297 0.0556641 0.530273 0.0546875 0.535156 0.0546875 0.536133 0.0537109 0.541016 0.0537109 0.541992 0.0527344 0.545898 0.0527344 0.546875 0.0517578 0.551758 0.0517578 0.552734 0.0507812 0.556641 0.0507812 0.557617 0.0498047 0.5625 0.0498047 0.563477 0.0488281 0.567383 0.0488281 0.568359 0.0478516 0.572266 0.0478516 0.573242 0.046875 0.579102 0.046875 0.580078 0.0458984 0.585938 0.0458984 0.586914 0.0449219 0.591797 0.0449219 0.592773 0.0439453 0.59668 0.0439453 0.597656 0.0429688 0.601562 0.0429688 0.602539 0.0419922 0.606445 0.0419922 0.607422 0.0410156 0.612305 0.0410156 0.613281 0.0400391 0.617188 0.0400391 0.618164 0.0390625 0.623047 0.0390625 0.624023 0.0380859 0.626953 0.0380859 0.62793 0.0371094 0.630859 0.0371094 0.631836 0.0361328 0.632812 0.0361328 0.633789 0.0351562 0.637695 0.0351562 0.637695 0.0126953 0.634766 0.0126953 0.633789 0.0117188 0.633789 0.00878906 0.632812 0.0078125 0.632812 0.00195312 0.913175
0 0.96582 0.818359 0.96582 0.821289 0.964844 0.822266 0.962891 0.822266 0.961914 0.823242 0.957031 0.823242 0.956055 0.824219 0.947266 0.824219 0.946289 0.825195 0.936523 0.825195 0.935547 0.826172 0.922852 0.826172 0.921875 0.827148 0.914062 0.827148 0.913086 0.828125 0.905273 0.828125 0.904297 0.829102 0.900391 0.829102 0.900391 0.854492 0.90332 0.854492 0.905273 0.856445 0.905273 0.858398 0.90625 0.859375 0.90625 0.861328 0.907227 0.862305 0.907227 0.864258 0.908203 0.865234 0.908203 0.866211 0.90918 0.867188 0.90918 0.870117 0.910156 0.871094 0.910156 0.874023 0.911133 0.875 0.911133 0.87793 0.912109 0.878906 0.912109 0.880859 0.913086 0.881836 0.913086 0.883789 0.914062 0.884766 0.914062 0.887695 0.915039 0.888672 0.915039 0.890625 0.916016 0.891602 0.916016 0.893555 0.916992 0.894531 0.916992 0.896484 0.917969 0.897461 0.917969 0.899414 0.918945 0.900391 0.918945 0.902344 0.919922 0.90332 0.919922 0.904297 0.920898 0.905273 0.920898 0.908203 0.921875 0.90918 0.921875 0.912109 0.922852 0.913086 0.922852 0.915039 0.923828 0.916016 0.923828 0.917969 0.924805 0.918945 0.924805 0.920898 0.925781 0.921875 0.925781 0.924805 0.926758 0.925781 0.926758 0.928711 0.927734 0.929688 0.927734 0.930664 0.928711 0.931641 0.928711 0.933594 0.929688 0.93457 0.929688 0.935547 0.930664 0.936523 0.930664 0.9375 0.931641 0.9375 0.932617 0.938477 0.936523 0.938477 0.9375 0.9375 0.943359 0.9375 0.944336 0.936523 0.949219 0.936523 0.950195 0.935547 0.952148 0.935547 0.953125 0.93457 0.958008 0.93457 0.958984 0.933594 0.964844 0.933594 0.96582 0.932617 0.969727 0.932617 0.970703 0.931641 0.973633 0.931641 0.974609 0.930664 0.977539 0.930664 0.978516 0.929688 0.982422 0.929688 0.983398 0.928711 0.985352 0.928711 0.986328 0.927734 0.990234 0.927734 0.991211 0.926758 0.993164 0.926758 0.994141 0.925781 0.999023 0.925781 0.999023 0.818359 0.868334
0 0.00195312 0.162109 0.00195312 0.438477 0.00976562 0.438477 0.0136719 0.442383 0.0146484 0.442383 0.015625 0.443359 0.0195312 0.443359 0.0205078 0.444336 0.0234375 0.444336 0.0244141 0.445312 0.0253906 0.445312 0.0263672 0.444336 0.0273438 0.444336 0.0283203 0.443359 0.0664062 0.443359 0.0673828 0.442383 0.0703125 0.442383 0.0712891 0.441406 0.0722656 0.441406 0.0732422 0.44043 0.0751953 0.44043 0.0761719 0.439453 0.0791016 0.439453 0.0800781 0.438477 0.0820312 0.438477 0.0839844 0.436523 0.0849609 0.436523 0.0859375 0.435547 0.0878906 0.435547 0.0888672 0.43457 0.0898438 0.43457 0.0898438 0.433594 0.0917969 0.431641 0.0917969 0.430664 0.0927734 0.429688 0.0927734 0.427734 0.0986328 0.421875 0.100586 0.421875 0.101562 0.420898 0.103516 0.420898 0.104492 0.419922 0.105469 0.419922 0.106445 0.418945 0.108398 0.418945 0.109375 0.417969 0.112305 0.417969 0.113281 0.416992 0.116211 0.416992 0.117188 0.416016 0.120117 0.416016 0.121094 0.415039 0.124023 0.415039 0.125 0.414062 0.126953 0.414062 0.12793 0.413086 0.130859 0.413086 0.131836 0.412109 0.134766 0.412109 0.135742 0.411133 0.138672 0.411133 0.139648 0.410156 0.141602 0.410156 0.142578 0.40918 0.143555 0.40918 0.144531 0.408203 0.145508 0.408203 0.146484 0.407227 0.146484 0.405273 0.147461 0.404297 0.147461 0.402344 0.148438 0.401367 0.148438 0.399414 0.149414 0.398438 0.149414 0.395508 0.150391 0.394531 0.150391 0.392578 0.151367 0.391602 0.151367 0.388672 0.152344 0.387695 0.152344 0.386719 0.15332 0.385742 0.15332 0.384766 0.160156 0.37793 0.165039 0.37793 0.165039 0.352539 0.162109 0.352539 0.15918 0.349609 0.15918 0.348633 0.158203 0.347656 0.158203 0.34668 0.154297 0.342773 0.154297 0.341797 0.151367 0.338867 0.151367 0.337891 0.149414 0.335938 0.149414 0.334961 0.148438 0.333984 0.148438 0.333008 0.146484 0.331055 0.146484 0.329102 0.145508 0.328125 0.145508 0.326172 0.144531 0.325195 0.144531 0.318359 0.143555 0.317383 0.143555 0.316406 0.142578 0.31543 0.142578 0.311523 0.141602 0.310547 0.141602 0.299805 0.142578 0.298828 0.142578 0.294922 0.145508 0.291992 0.145508 0.291016 0.146484 0.290039 0.146484 0.289062 0.147461 0.288086 0.147461 0.287109 0.148438 0.286133 0.148438 0.283203 0.149414 0.282227 0.149414 0.27832 0.148438 0.277344 0.148438 0.271484 0.147461 0.270508 0.147461 0.263672 0.146484 0.262695 0.146484 0.259766 0.145508 0.258789 0.145508 0.257812 0.144531 0.256836 0.144531 0.255859 0.143555 0.254883 0.143555 0.253906 0.141602 0.251953 0.141602 0.250977 0.136719 0.246094 0.135742 0.246094 0.133789 0.244141 0.131836 0.244141 0.130859 0.243164 0.128906 0.243164 0.12793 0.242188 0.126953 0.242188 0.125 0.240234 0.125 0.239258 0.124023 0.238281 0.124023 0.237305 0.123047 0.236328 0.123047 0.235352 0.124023 0.234375 0.124023 0.231445 0.134766 0.220703 0.134766 0.21875 0.135742 0.217773 0.135742 0.211914 0.134766 0.210938 0.134766 0.207031 0.133789 0.206055 0.133789 0.202148 0.132812 0.201172 0.132812 0.198242 0.131836 0.197266 0.131836 0.194336 0.130859 0.193359 0.130859 0.192383 0.126953 0.188477 0.125977 0.188477 0.125 0.1875 0.123047 0.1875 0.12207 0.186523 0.119141 0.186523 0.117188 0.18457 0.117188 0.183594 0.116211 0.182617 0.116211 0.181641 0.115234 0.180664 0.115234 0.179688 0.114258 0.178711 0.114258 0.177734 0.113281 0.176758 0.113281 0.175781 0.112305 0.174805 0.112305 0.173828 0.106445 0.167969 0.104492 0.167969 0.103516 0.166992 0.101562 0.166992 0.100586 0.166016 0.0996094 0.166016 0.0986328 0.165039 0.0986328 0.162109 0.0683594 0.162109 0.0683594 0.165039 0.0664062 0.166992 0.0654297 0.166992 0.0644531 0.167969 0.0605469 0.167969 0.0595703 0.168945 0.0439453 0.168945 0.0429688 0.167969 0.0419922 0.167969 0.0390625 0.165039 0.0390625 0.162109 0.865476
0 0.363281 0.931641 0.363281 0.935547 0.362305 0.936523 0.361328 0.936523 0.360352 0.9375 0.359375 0.9375 0.358398 0.938477 0.356445 0.938477 0.355469 0.939453 0.353516 0.939453 0.352539 0.94043 0.351562 0.94043 0.350586 0.941406 0.349609 0.941406 0.348633 0.942383 0.34668 0.942383 0.345703 0.943359 0.341797 0.943359 0.34082 0.944336 0.335938 0.944336 0.334961 0.945312 0.329102 0.945312 0.328125 0.946289 0.321289 0.946289 0.320312 0.947266 0.301758 0.947266 0.300781 0.946289 0.291016 0.946289 0.290039 0.947266 0.288086 0.947266 0.286133 0.949219 0.285156 0.949219 0.28418 0.950195 0.283203 0.950195 0.282227 0.951172 0.280273 0.951172 0.279297 0.952148 0.27832 0.952148 0.277344 0.953125 0.276367 0.953125 0.275391 0.954102 0.274414 0.954102 0.273438 0.955078 0.271484 0.955078 0.270508 0.956055 0.266602 0.956055 0.265625 0.957031 0.260742 0.957031 0.259766 0.958008 0.256836 0.958008 0.255859 0.958984 0.251953 0.958984 0.250977 0.959961 0.244141 0.959961 0.243164 0.960938 0.238281 0.960938 0.237305 0.961914 0.233398 0.961914 0.232422 0.962891 0.228516 0.962891 0.227539 0.963867 0.22168 0.963867 0.220703 0.964844 0.212891 0.964844 0.211914 0.96582 0.208008 0.96582 0.207031 0.966797 0.202148 0.966797 0.201172 0.967773 0.196289 0.967773 0.195312 0.96875 0.19043 0.96875 0.189453 0.969727 0.185547 0.969727 0.18457 0.970703 0.180664 0.970703 0.179688 0.97168 0.174805 0.97168 0.173828 0.972656 0.168945 0.972656 0.167969 0.973633 0.164062 0.973633 0.163086 0.974609 0.15918 0.974609 0.158203 0.975586 0.152344 0.975586 0.151367 0.976562 0.145508 0.976562 0.144531 0.977539 0.140625 0.977539 0.139648 0.978516 0.135742 0.978516 0.134766 0.979492 0.125 0.979492 0.124023 0.980469 0.117188 0.980469 0.116211 0.981445 0.0986328 0.981445 0.0976562 0.980469 0.0849609 0.980469 0.0839844 0.981445 0.0751953 0.981445 0.0742188 0.982422 0.0673828 0.982422 0.0664062 0.983398 0.0644531 0.983398 0.0634766 0.984375 0.0605469 0.984375 0.0595703 0.985352 0.0576172 0.985352 0.0566406 0.986328 0.0537109 0.986328 0.0527344 0.987305 0.0507812 0.987305 0.0498047 0.988281 0.046875 0.988281 0.0458984 0.989258 0.0419922 0.989258 0.0410156 0.990234 0.0400391 0.990234 0.0390625 0.991211 0.0380859 0.991211 0.0371094 0.992188 0.0351562 0.992188 0.0341797 0.993164 0.0332031 0.993164 0.0322266 0.994141 0.0302734 0.994141 0.0292969 0.995117 0.0283203 0.995117 0.0273438 0.996094 0.0263672 0.996094 0.0253906 0.99707 0.0214844 0.99707 0.0205078 0.998047 0.0136719 0.998047 0.0136719 0.999023 0.478516 0.999023 0.478516 0.996094 0.477539 0.995117 0.477539 0.993164 0.476562 0.992188 0.476562 0.990234 0.475586 0.989258 0.475586 0.988281 0.474609 0.987305 0.474609 0.986328 0.473633 0.985352 0.473633 0.984375 0.472656 0.984375 0.469727 0.981445 0.460938 0.981445 0.459961 0.980469 0.458984 0.980469 0.458008 0.979492 0.457031 0.979492 0.455078 0.977539 0.455078 0.976562 0.454102 0.975586 0.454102 0.974609 0.453125 0.973633 0.453125 0.97168 0.452148 0.970703 0.452148 0.96875 0.451172 0.967773 0.451172 0.96582 0.450195 0.964844 0.450195 0.962891 0.449219 0.961914 0.449219 0.960938 0.448242 0.959961 0.448242 0.958984 0.447266 0.958008 0.447266 0.957031 0.446289 0.956055 0.446289 0.955078 0.445312 0.954102 0.445312 0.953125 0.444336 0.952148 0.444336 0.951172 0.442383 0.949219 0.442383 0.948242 0.441406 0.948242 0.438477 0.945312 0.436523 0.945312 0.435547 0.944336 0.429688 0.944336 0.428711 0.943359 0.426758 0.943359 0.425781 0.942383 0.426758 0.941406 0.426758 0.94043 0.428711 0.938477 0.43457 0.938477 0.43457 0.9375 0.435547 0.936523 0.435547 0.931641 0.803988
