1 8692 1498 9287 1090 9808 1850 9213 2258
1 9310 2207 9864 1857 10158 2323 9604 2673
0 9740 2639 10162 2343 10483 2801 10061 3097
1 9099 2646 9755 2420 9911 2873 9255 3099
1 8902 3254 9616 3063 9787 3701 9073 3892
1 9800 3842 10264 3736 10364 4174 9900 4280
1 10274 3715 10912 3546 11005 3895 10367 4064
1 10623 4044 11170 3875 11317 4351 10770 4520
0 10457 4683 10976 4503 11103 4870 10584 5050
1 10951 4991 11724 4765 11831 5132 11058 5358
1 11640 5234 12136 4974 12362 5405 11866 5665
1 11592 5841 12021 5649 12195 6038 11766 6230
1 11149 6000 11602 5845 11732 6224 11279 6379
1 11670 6314 11908 6204 12155 6739 11917 6849
1 11922 6189 12196 6067 12429 6590 12155 6712
1 12349 6294 12777 6101 12923 6425 12495 6618
1 12493 6783 13124 6558 13270 6967 12639 7192
1 10177 6853 10759 6730 10879 7296 10297 7419
1 10795 6819 11295 6710 11376 7082 10876 7191
1 7759 6572 9230 6548 9238 7013 7767 7037
1 8176 7503 8181 6978 9183 6988 9178 7513
1 7375 7576 7434 6894 8154 6956 8095 7638
1 7360 8388 7399 7959 8131 8026 8092 8455
1 7347 8906 7402 8392 8129 8469 8074 8983
1 7258 8933 8081 8915 8091 9378 7268 9396
1 7312 9529 8049 9497 8073 10060 7336 10092
1 7373 10125 8102 10087 8124 10500 7395 10538
1 7726 10565 8147 10491 8239 11013 7818 11087
1 7556 11179 8254 11063 8316 11435 7618 11551
1 8312 10848 8821 10751 8907 11202 8398 11299
0 8838 10766 9362 10664 9447 11102 8923 11204
1 9388 10647 10015 10530 10101 10992 9474 11109
1 8794 10294 9549 10130 9650 10593 8895 10757
1 8192 9612 9484 9418 9579 10049 8287 10243
1 8694 9164 8700 8858 9548 8874 9542 9180
1 8730 9177 9547 9177 9547 9502 8730 9502
1 8637 8847 8638 8565 9568 8568 9567 8850
1 8354 6192 8981 6062 9059 6438 8432 6568
1 8291 5807 8901 5703 8964 6072 8354 6176
1 8754 4108 9328 3967 9458 4496 8884 4637
1 8389 3480 8892 3337 9059 3924 8556 4067
1 8673 2812 9057 2671 9278 3272 8894 3413
1 9934 1001 10418 641 10807 1164 10323 1524
1 10107 1817 10761 1344 10998 1671 10344 2144
1 9454 953 9751 754 10327 1613 10030 1812
1 10368 2157 11195 1649 11453 2069 10626 2577
1 11153 2238 11716 1959 11944 2418 11381 2697
1 10565 2564 11129 2293 11298 2644 10734 2915
1 10807 2977 11238 2787 11439 3243 11008 3433
1 11252 2756 11664 2572 11879 3054 11467 3238
1 11134 3530 11527 3313 11871 3937 11478 4154
1 11485 4164 12090 3843 12382 4393 11777 4714
1 12048 4679 12656 4375 12765 4593 12157 4897
1 12176 4900 12792 4553 12958 4847 12342 5194
1 12453 5143 13124 4775 13333 5156 12662 5524
1 12042 5644 12448 5449 12612 5790 12206 5985
1 13412 5232 13759 5100 13951 5606 13604 5738
1 12722 5520 13410 5236 13581 5651 12893 5935
1 13089 5836 13811 5691 13902 6144 13180 6289
1 13838 5620 14548 5527 14621 6087 13911 6180
1 14227 5111 14516 5031 14637 5469 14348 5549
1 14589 5369 14943 5349 14981 6020 14627 6040
0 14988 5400 15433 5379 15463 6002 15018 6023
1 14772 6152 15374 6021 15470 6462 14868 6593
0 14094 6297 14730 6164 14835 6666 14199 6799
1 14911 6646 15356 6558 15460 7086 15015 7174
0 14268 6791 14835 6706 14901 7147 14334 7232
1 14562 7245 14991 7172 15072 7647 14643 7720
1 15317 7143 15751 7110 15785 7558 15351 7591
0 14992 7175 15283 7132 15355 7623 15064 7666
0 14224 7318 14535 7240 14646 7684 14335 7762
1 14094 7848 14624 7772 14692 8249 14162 8325
1 14660 7794 15141 7703 15233 8188 14752 8279
1 15144 7741 15638 7650 15722 8105 15228 8196
1 14285 8379 15533 8207 15618 8823 14370 8995
0 14300 8379 15531 8216 15611 8820 14380 8983
0 15603 8168 16128 8100 16209 8729 15684 8797
1 14354 9153 14754 9087 14860 9729 14460 9795
0 14796 9066 15137 9019 15232 9713 14891 9760
1 15142 9063 15729 8979 15824 9646 15237 9730
1 14552 9857 15435 9761 15485 10225 14602 10321
1 14918 10303 15438 10266 15483 10891 14963 10928
0 15441 10193 15848 10142 15922 10734 15515 10785
1 15385 9789 15876 9721 15934 10142 15443 10210
0 15797 8967 16224 8913 16307 9572 15881 9626
0 15913 9701 16308 9651 16371 10144 15976 10194
1 1804 4663 3096 4579 3199 6165 1907 6249
1 2461 8930 3944 8868 3968 9444 2485 9506
1 3949 8988 4597 8293 5280 8930 4632 9625
0 3653 9535 4389 9440 4505 10340 3769 10435
0 4427 9558 5009 9479 5163 10610 4581 10689
1 4392 12133 4887 12128 4892 12613 4397 12618
0 5468 12323 6034 12220 6154 12877 5588 12980
1 3926 11044 4618 10947 4744 11842 4052 11939
1 4569 10728 5158 10632 5363 11895 4774 11991
1 4949 12110 5475 12097 5498 12996 4972 13009
1 4375 12615 4963 12569 4996 12987 4408 13033
0 14215 4845 14599 4264 14930 4483 14546 5064
0 13678 4277 13993 3987 14480 4516 14165 4806
1 15403 6081 15689 6045 15735 6409 15449 6445
0 13152 4740 13839 4355 14076 4779 13389 5164
1 12901 4271 13237 4045 13552 4513 13216 4739
1 12829 3505 13284 3214 13654 3793 13199 4084
1 12466 3714 12809 3512 13146 4085 12803 4287
0 12789 2703 13056 2546 13421 3167 13154 3324
0 12009 3168 12490 2879 12859 3493 12378 3782
0 12156 2151 12417 1986 12771 2547 12510 2712
1 11842 2399 12116 2217 12485 2772 12211 2954
0 12611 1864 13146 1519 13439 1973 12904 2318
1 12090 3857 12425 3668 12757 4255 12422 4444
1 8756 2203 9278 1995 9453 2434 8931 2642
1 8165 2951 8658 2802 8812 3311 8319 3460
1 7702 3155 8025 3037 8257 3670 7934 3788
0 7136 2711 7374 2592 7444 2731 7206 2850
1 7007 2858 7379 2687 7628 3228 7256 3399
1 6651 2964 7007 2847 7202 3441 6846 3558
1 7386 3331 7708 3213 7916 3783 7594 3901
1 6918 3529 7387 3370 7562 3888 7093 4047
1 6564 3667 6880 3544 7075 4045 6759 4168
1 6733 4252 7046 4149 7306 4940 6993 5043
1 6559 1239 7034 1182 7085 1604 6610 1661
1 6243 3154 6669 3025 6836 3577 6410 3706
1 5867 3318 6296 3217 6415 3721 5986 3822
1 6347 4404 6742 4300 6899 4898 6504 5002
1 6362 5162 6770 5139 6802 5700 6394 5723
1 6723 6379 6760 6036 7056 6068 7019 6411
1 5798 6231 6317 6223 6359 8810 5840 8818
1 6396 6614 6413 6354 7266 6409 7249 6669
1 6387 7440 6429 6639 7285 6684 7243 7485
1 6434 7870 6453 7429 7266 7464 7247 7905
1 6340 9532 6350 9057 7138 9073 7128 9548
1 6055 9566 6604 9550 6615 9929 6066 9945
0 5115 9510 5121 9097 6271 9113 6265 9526
1 11802 7010 12464 6783 12611 7211 11949 7438
1 12208 7435 12969 7166 13343 8226 12582 8495
1 13182 7435 13533 7311 13670 7699 13319 7823
1 13306 7858 13858 7752 13956 8262 13404 8368
1 13654 6332 14053 6246 14154 6715 13755 6801
1 13284 6392 13603 6271 13790 6764 13471 6885
1 13644 6872 14169 6758 14267 7210 13742 7324
0 13864 7354 14170 7271 14292 7719 13986 7802
1 13380 9189 13859 9105 13937 9547 13457 9631
1 13441 10204 14246 10117 14284 10467 13479 10554
1 15098 11087 15381 11073 15416 11779 15133 11793
0 14509 11199 14961 11180 14995 11982 14543 12001
1 15135 11799 15654 11779 15672 12241 15153 12261
1 15161 12260 15714 12239 15728 12610 15175 12631
1 15158 12650 15696 12605 15728 12990 15190 13035
1 14489 12062 14970 12033 15000 12538 14519 12567
1 14486 12609 15045 12599 15053 13055 14494 13065
0 14472 13112 15017 13107 15020 13405 14475 13410
1 15175 13078 15756 13019 15787 13321 15206 13380
0 15781 13064 16046 13038 16085 13429 15820 13455
0 13726 11842 13729 11306 14503 11311 14500 11847
1 13772 11949 14465 11904 14499 12423 13806 12468
1 13087 11599 13706 11565 13724 11888 13105 11922
1 13107 11927 13721 11891 13741 12224 13127 12260
0 13161 12272 13655 12216 13697 12590 13203 12646
0 12935 13122 13431 13060 13482 13466 12986 13528
0 12625 12321 13119 12274 13163 12732 12669 12779
0 12726 9205 13314 9069 13449 9652 12861 9788
1 12668 8614 13216 8526 13299 9040 12751 9128
1 12029 8771 12549 8604 12736 9185 12216 9352
1 11464 8610 11955 8511 12025 8859 11534 8958
0 11065 8707 11484 8625 11568 9053 11149 9135
0 11147 9121 11936 8943 12022 9325 11233 9503
1 11075 8292 11518 8120 11682 8542 11239 8714
1 10909 7926 11299 7748 11474 8130 11084 8308
1 10577 7447 10946 7204 11297 7737 10928 7980
1 10469 7999 10876 7839 11058 8303 10651 8463
1 11440 7103 11806 6999 11930 7436 11564 7540
0 11334 6597 11730 6446 11812 6660 11416 6811
1 11306 7682 12033 7409 12207 7872 11480 8145
1 12275 9725 12757 9578 12815 9768 12333 9915
0 11050 10912 11356 10830 11502 11375 11196 11457
1 10653 10960 10982 10858 11146 11385 10817 11487
1 10239 11023 10622 10895 10818 11481 10435 11609
1 10493 11618 10977 11479 11155 12100 10671 12239
1 10704 12225 12110 11901 12327 12844 10921 13168
1 11420 12816 11928 12735 12026 13347 11518 13428
0 10998 13138 11455 13040 11529 13384 11072 13482
1 11163 13498 11403 13462 11446 13747 11206 13783
1 11566 13436 12086 13337 12163 13740 11643 13839
0 9848 12778 10685 12666 10773 13322 9936 13434
0 9336 12949 9793 12840 9890 13245 9433 13354
1 9183 11761 9863 11634 9937 12029 9257 12156
0 9913 11992 10409 11860 10568 12458 10072 12590
1 8664 12326 9868 12084 9960 12540 8756 12782
0 8512 11901 9188 11765 9276 12204 8600 12340
0 8446 11380 8967 11286 9055 11774 8534 11868
0 8389 13093 9177 12990 9246 13515 8458 13618
0 8973 11310 10139 11096 10222 11547 9056 11761
1 9630 8922 10057 8859 10138 9410 9711 9473
0 10054 8865 10452 8798 10534 9288 10136 9355
1 9698 9495 10538 9320 10608 9657 9768 9832
1 9957 10166 10667 10021 10740 10379 10030 10524
1 9603 8428 10190 8360 10246 8843 9659 8911
0 10175 8326 10587 8267 10658 8765 10246 8824
1 3604 8350 3728 7313 5739 7554 5615 8591
0 5452 4436 6160 4357 6250 5166 5542 5245
0 3649 3648 4502 3549 4573 4157 3720 4256
0 4571 3539 5724 3425 5823 4426 4670 4540
1 3892 10455 4551 10410 4590 10978 3931 11023
0 6040 10470 6677 10394 6731 10849 6094 10925
0 6112 10915 6756 10845 6804 11288 6160 11358
1 6198 11327 6835 11251 6920 11961 6283 12037
1 5271 10985 6031 10903 6145 11961 5385 12043
1 9733 7012 10209 6924 10298 7405 9822 7493
1 9651 7598 10199 7513 10248 7828 9700 7913
0 9600 7986 10474 7785 10584 8264 9710 8465
0 8106 8515 8126 8002 9472 8054 9452 8567
1 10122 3020 10514 2831 10686 3189 10294 3378
1 7790 3945 8233 3805 8518 4706 8075 4846
1 6756 5178 7470 5111 7530 5749 6816 5816
1 6920 6051 6950 5712 7632 5772 7602 6111
1 7625 11586 8324 11470 8424 12069 7725 12185
0 7732 12239 8118 12181 8209 12785 7823 12843
0 8128 12169 8436 12110 8552 12715 8244 12774
0 7783 13074 8333 13002 8399 13504 7849 13576
0 7824 13583 8183 13533 8248 14000 7889 14050
0 7091 13225 7654 13134 7723 13559 7160 13650
1 6743 13245 7093 13193 7187 13820 6837 13872
0 7187 13897 7752 13794 7785 13975 7220 14078
1 6313 13352 6732 13289 6830 13946 6411 14009
1 6113 13811 6328 13774 6384 14101 6169 14138
1 5242 13176 5718 13145 5758 13756 5282 13787
1 4424 13676 4427 12987 5071 12990 5068 13679
0 4362 11576 4721 11548 4749 11907 4390 11935
1 5470 2098 6070 1948 6282 2796 5682 2946
1 5035 2618 5576 2481 5688 2925 5147 3062
1 4983 2207 5468 2091 5559 2472 5074 2588
0 4973 1749 5594 1630 5650 1924 5029 2043
0 3913 2171 4944 1958 5019 2322 3988 2535
0 4617 2399 4982 2320 5066 2706 4701 2785
0 4025 2571 4546 2462 4612 2779 4091 2888
1 3967 2926 5077 2726 5137 3058 4027 3258
0 3149 1886 3724 1853 3755 2389 3180 2422
0 2729 2034 3085 1996 3133 2442 2777 2480
1 2774 2615 3164 2586 3225 3405 2835 3434
1 2391 2663 2761 2638 2792 3094 2422 3119
1 3141 2468 3769 2392 3824 2845 3196 2921
1 3178 2940 3535 2900 3583 3333 3226 3373
1 1788 2203 2271 2163 2325 2813 1842 2853
0 1824 2898 2271 2862 2299 3214 1852 3250
1 1870 3171 2295 3133 2334 3573 1909 3611
0 1435 2562 1853 2556 1863 3206 1445 3212
0 1495 3231 1881 3194 1928 3685 1542 3722
1 1915 4012 2773 3805 2842 4090 1984 4297
0 1325 4811 1800 4782 1880 6107 1405 6136
0 1300 6096 1695 6075 1825 8571 1430 8592
0 1754 6808 2130 6785 2288 9406 1912 9429
1 1914 9521 2284 9474 2365 10116 1995 10163
1 2015 10150 2376 10094 2479 10761 2118 10817
1 1421 10044 1644 10042 1656 11367 1433 11369
1 1508 10778 2056 10721 2163 11758 1615 11815
1 2096 10801 2528 10767 2574 11360 2142 11394
1 2120 11407 2568 11342 2639 11836 2191 11901
1 2552 11162 3130 11077 3245 11857 2667 11942
1 2509 10828 3074 10747 3131 11148 2566 11229
0 3334 11666 3959 11604 3986 11880 3361 11942
1 2981 12087 3550 12070 3575 12926 3006 12943
1 2509 12076 2817 12063 2844 12688 2536 12701
1 1786 12679 1796 12052 2488 12063 2478 12690
1 2454 12752 2876 12721 2899 13033 2477 13064
0 1435 12785 2024 12735 2078 13365 1489 13415
1 2052 13116 2488 13079 2507 13303 2071 13340
0 2161 13430 2515 13385 2578 13877 2224 13922
0 2572 13812 2984 13779 3030 14350 2618 14383
1 1393 12044 1757 12035 1775 12757 1411 12766
1 2858 9747 3185 9699 3227 9986 2900 10034
0 11923 12953 12297 12814 12470 13278 12096 13417
1 12352 12838 12754 12695 12930 13190 12528 13333
0 8172 13541 8388 13509 8451 13940 8235 13972
1 14090 13561 14427 13532 14438 13656 14101 13685
0 13114 2509 13774 2096 14181 2747 13521 3160
1 15408 6648 15638 6620 15688 7030 15458 7058
0 15696 11932 16234 11886 16255 12126 15717 12172
1 15730 12732 16173 12712 16185 12986 15742 13006
0 6213 12272 6819 12175 6935 12901 6329 12998
1 6444 8823 6450 8575 7238 8594 7232 8842
0 6421 9042 6426 8824 7193 8840 7188 9058
1 14079 3709 14303 3479 14767 3932 14543 4162
0 -60 3925 352 3910 412 5607 0 5622
1 7354 4081 7806 3948 8059 4806 7607 4939
1 7321 2526 7746 2331 8058 3012 7633 3207
1 15604 11077 16164 11018 16250 11842 15690 11901
1 5944 3854 6589 3658 6761 4224 6116 4420
0 10597 8431 11098 8316 11180 8674 10679 8789
1 7762 6278 8366 6170 8436 6562 7832 6670
