8692 1498 9287 1091 9807 1850 9213 2258
9310 2207 9864 1857 10158 2323 9603 2672
9740 2639 10162 2343 10483 2801 10060 3096
9099 2646 9755 2420 9911 2873 9255 3099
8902 3254 9616 3063 9787 3701 9073 3892
9800 3842 10264 3737 10363 4174 9900 4280
10275 3715 10912 3546 11004 3895 10367 4064
10623 4044 11170 3876 11316 4351 10770 4520
10457 4683 10976 4503 11103 4870 10585 5050
10951 4991 11724 4765 11831 5132 11058 5358
11640 5234 12136 4974 12361 5405 11866 5664
11592 5841 12021 5649 12195 6038 11766 6230
11150 6000 11602 5845 11731 6224 11279 6379
11671 6314 11908 6204 12155 6739 11917 6848
11922 6189 12196 6067 12428 6590 12155 6712
12349 6294 12777 6101 12923 6425 12495 6618
12493 6783 13124 6558 13270 6966 12639 7192
10177 6853 10759 6730 10879 7296 10297 7419
10796 6819 11295 6710 11376 7082 10876 7190
7760 6572 9230 6548 9238 7013 7767 7037
8176 7503 8181 6978 9182 6988 9178 7512
7375 7576 7434 6894 8153 6956 8095 7638
7360 8388 7400 7960 8131 8026 8092 8455
7348 8906 7402 8392 8128 8469 8074 8983
7258 8933 8081 8915 8091 9377 7269 9396
7312 9529 8048 9497 8073 10060 7336 10092
7374 10125 8102 10087 8124 10500 7395 10538
7726 10565 8147 10491 8239 11013 7818 11087
7556 11179 8254 11063 8316 11435 7618 11551
8312 10848 8821 10751 8907 11202 8398 11299
8838 10766 9361 10664 9447 11102 8923 11203
9388 10648 10014 10530 10101 10992 9474 11109
8795 10294 9549 10130 9649 10593 8895 10757
8192 9612 9484 9419 9579 10049 8287 10243
8695 9164 8700 8858 9548 8874 9542 9180
8730 9502 8730 9177 9547 9177 9547 9502
8637 8846 8638 8565 9568 8568 9567 8850
8354 6192 8981 6062 9059 6438 8432 6568
8291 5807 8900 5703 8964 6071 8354 6176
8754 4108 9328 3968 9457 4496 8884 4637
8389 3480 8892 3337 9058 3924 8556 4066
8673 2812 9057 2671 9278 3272 8894 3413
9934 1001 10418 641 10807 1164 10323 1523
10107 1817 10761 1344 10998 1671 10344 2144
9454 953 9751 754 10327 1612 10030 1812
10368 2157 11195 1649 11453 2069 10626 2577
11153 2238 11716 1959 11943 2418 11381 2697
10565 2564 11129 2293 11298 2644 10734 2915
10807 2977 11238 2787 11439 3243 11009 3433
11252 2756 11664 2572 11878 3054 11467 3237
11134 3530 11527 3313 11871 3937 11477 4153
11486 4164 12090 3843 12382 4393 11777 4714
12048 4679 12656 4375 12765 4593 12157 4897
12176 4900 12792 4553 12958 4847 12342 5194
12453 5143 13125 4776 13333 5156 12662 5524
12043 5645 12448 5449 12612 5790 12206 5985
13412 5232 13759 5101 13951 5606 13604 5737
12722 5520 13410 5236 13581 5650 12893 5935
13089 5836 13811 5691 13902 6144 13180 6289
13838 5620 14548 5527 14621 6087 13912 6180
14228 5111 14516 5032 14637 5469 14348 5549
14589 5369 14943 5349 14981 6020 14627 6040
14988 5400 15433 5379 15463 6001 15018 6023
14772 6152 15374 6021 15470 6462 14868 6593
14094 6297 14730 6164 14835 6666 14199 6798
14911 6646 15356 6558 15460 7086 15015 7174
14268 6791 14835 6706 14901 7147 14335 7232
14563 7245 14991 7172 15072 7647 14643 7719
15317 7143 15751 7110 15784 7558 15351 7590
14992 7175 15283 7132 15355 7623 15064 7666
14224 7318 14535 7240 14646 7684 14335 7762
14094 7848 14624 7772 14692 8248 14162 8325
14660 7795 15141 7703 15233 8187 14752 8279
15144 7741 15638 7650 15722 8105 15228 8196
14285 8379 15533 8207 15618 8823 14370 8995
14300 8379 15531 8216 15610 8820 14380 8982
15603 8168 16128 8100 16209 8729 15684 8797
14354 9153 14754 9087 14860 9729 14460 9795
14796 9066 15137 9020 15232 9713 14891 9759
15142 9063 15729 8980 15824 9646 15237 9729
14552 9857 15435 9761 15485 10225 14602 10321
14918 10304 15438 10266 15483 10891 14963 10928
15441 10193 15848 10142 15922 10734 15515 10785
15385 9789 15875 9721 15934 10142 15444 10210
15797 8967 16224 8914 16307 9572 15881 9626
15913 9701 16307 9651 16371 10143 15976 10194
1804 4663 3096 4579 3199 6165 1907 6249
2461 8930 3943 8868 3968 9444 2485 9506
3949 8988 4597 8293 5280 8930 4632 9625
3653 9536 4388 9440 4505 10340 3769 10435
4427 9558 5009 9479 5162 10610 4581 10689
4392 12133 4887 12128 4892 12613 4397 12618
5468 12323 6034 12220 6154 12877 5588 12980
3926 11044 4618 10947 4744 11842 4052 11939
4569 10728 5158 10632 5363 11895 4774 11990
4949 12111 5475 12097 5498 12995 4972 13009
4375 12615 4963 12569 4996 12987 4408 13033
14215 4845 14599 4264 14930 4483 14545 5063
13678 4277 13993 3987 14480 4516 14165 4806
15403 6081 15689 6045 15735 6409 15449 6445
13152 4741 13839 4355 14076 4779 13389 5164
12902 4271 13237 4046 13552 4513 13216 4739
12830 3505 13284 3214 13654 3793 13199 4084
12466 3714 12809 3512 13146 4085 12803 4287
12789 2703 13056 2547 13420 3167 13154 3324
12009 3168 12490 2879 12859 3492 12378 3782
12156 2152 12417 1986 12771 2546 12510 2712
11842 2399 12116 2217 12485 2772 12211 2954
12612 1863 13146 1519 13438 1974 12904 2318
12091 3858 12425 3668 12757 4255 12422 4444
8756 2203 9278 1995 9453 2434 8931 2641
8165 2952 8658 2802 8812 3310 8319 3460
7702 3155 8025 3037 8257 3670 7934 3788
7136 2711 7374 2592 7444 2731 7206 2850
7007 2859 7379 2687 7628 3228 7256 3399
6651 2964 7007 2848 7202 3441 6846 3558
7386 3331 7708 3213 7916 3783 7595 3900
6918 3529 7387 3371 7562 3888 7093 4047
6564 3667 6880 3544 7075 4045 6759 4168
6733 4252 7046 4149 7306 4940 6993 5043
6560 1239 7034 1182 7084 1604 6610 1661
6243 3154 6669 3026 6835 3577 6410 3706
5867 3318 6296 3217 6414 3720 5986 3822
6347 4405 6742 4300 6899 4898 6504 5002
6362 5162 6769 5139 6802 5700 6394 5723
6724 6379 6760 6036 7056 6068 7019 6410
5798 6231 6316 6223 6359 8810 5840 8818
6396 6614 6413 6354 7265 6409 7249 6669
6387 7440 6429 6639 7285 6684 7243 7485
6434 7870 6453 7429 7266 7464 7247 7905
6340 9532 6350 9057 7138 9073 7128 9548
6055 9566 6604 9550 6615 9928 6067 9945
5115 9510 5121 9097 6271 9113 6265 9526
11802 7010 12464 6783 12611 7211 11949 7438
12208 7435 12969 7166 13343 8226 12582 8495
13182 7435 13533 7311 13670 7699 13319 7823
13306 7858 13858 7753 13956 8262 13404 8368
13654 6332 14053 6247 14153 6715 13755 6801
13284 6392 13603 6271 13790 6763 13471 6885
13644 6872 14169 6758 14267 7210 13742 7324
13865 7354 14170 7271 14292 7719 13986 7801
13380 9189 13859 9105 13937 9547 13457 9630
13441 10205 14246 10117 14284 10467 13479 10554
15098 11087 15381 11073 15416 11779 15133 11793
14509 11199 14961 11180 14995 11982 14543 12001
15136 11799 15654 11779 15671 12241 15153 12261
15161 12260 15714 12239 15728 12610 15175 12631
15158 12650 15695 12605 15728 12990 15190 13035
14489 12062 14970 12033 15000 12538 14519 12567
14486 12609 15045 12599 15053 13055 14494 13065
14473 13113 15017 13107 15020 13405 14475 13410
15175 13078 15756 13019 15786 13321 15206 13380
15781 13065 16046 13038 16085 13429 15821 13455
13726 11842 13729 11306 14503 11311 14499 11847
13773 11949 14465 11904 14499 12422 13806 12468
13087 11599 13706 11565 13723 11887 13105 11922
13107 11927 13721 11891 13740 12223 13127 12260
13161 12272 13654 12216 13697 12590 13204 12646
12936 13122 13431 13060 13481 13466 12986 13528
12625 12321 13119 12274 13163 12731 12669 12779
12726 9205 13314 9069 13449 9651 12861 9788
12669 8614 13216 8526 13298 9040 12751 9128
12029 8771 12549 8604 12735 9184 12216 9352
11464 8610 11955 8511 12025 8859 11535 8958
11065 8707 11484 8625 11568 9053 11149 9134
11147 9121 11936 8943 12022 9325 11233 9503
11075 8292 11517 8120 11682 8542 11240 8714
10909 7926 11298 7748 11474 8130 11085 8308
10577 7447 10945 7204 11297 7737 10928 7980
10469 7999 10876 7839 11058 8303 10651 8462
11441 7103 11806 7000 11930 7436 11564 7540
11334 6597 11730 6446 11812 6660 11416 6811
11306 7682 12032 7409 12207 7872 11480 8145
12275 9725 12757 9579 12814 9768 12333 9915
11051 10912 11356 10830 11502 11375 11196 11456
10654 10960 10982 10858 11146 11385 10817 11486
10240 11023 10622 10895 10818 11481 10435 11608
10494 11618 10977 11480 11155 12100 10671 12239
10704 12225 12109 11901 12327 12844 10922 13168
11420 12816 11928 12735 12026 13347 11518 13427
10999 13139 11455 13040 11529 13384 11072 13482
11163 13498 11403 13462 11446 13747 11206 13783
11566 13436 12086 13337 12163 13739 11643 13839
9848 12778 10685 12666 10773 13322 9936 13434
9336 12949 9793 12841 9889 13245 9433 13354
9184 11762 9863 11634 9937 12029 9257 12156
9914 11992 10409 11861 10568 12458 10072 12590
8664 12326 9868 12084 9960 12540 8756 12782
8512 11901 9187 11765 9276 12204 8601 12340
8446 11380 8967 11286 9055 11774 8534 11868
8390 13093 9177 12991 9246 13515 8458 13618
8973 11310 10139 11096 10221 11547 9056 11761
9630 8922 10057 8859 10138 9409 9712 9473
10054 8865 10452 8799 10534 9288 10136 9354
9698 9495 10537 9320 10608 9657 9768 9831
9958 10166 10667 10022 10740 10379 10030 10524
9603 8428 10190 8361 10245 8843 9659 8911
10175 8326 10587 8267 10658 8765 10246 8824
3604 8350 3728 7313 5739 7554 5615 8591
5452 4436 6160 4357 6250 5166 5543 5245
3650 3648 4502 3549 4572 4157 3720 4256
4571 3539 5723 3425 5823 4426 4670 4540
3892 10455 4550 10410 4590 10978 3931 11023
6040 10470 6677 10394 6731 10849 6094 10925
6112 10916 6756 10845 6804 11288 6160 11358
6198 11327 6834 11251 6920 11960 6283 12037
5272 10985 6031 10903 6145 11961 5385 12043
9733 7013 10209 6924 10298 7404 9822 7493
9652 7598 10199 7513 10248 7828 9700 7913
9600 7986 10473 7785 10584 8264 9711 8465
8107 8515 8126 8002 9471 8054 9452 8567
10122 3020 10514 2831 10686 3189 10294 3378
7790 3945 8233 3805 8517 4706 8075 4845
6756 5178 7470 5111 7530 5749 6817 5816
6920 6051 6950 5712 7631 5772 7602 6111
7626 11586 8324 11470 8423 12069 7725 12185
7733 12239 8118 12181 8209 12785 7823 12843
8128 12169 8436 12111 8551 12715 8244 12774
7783 13074 8333 13002 8399 13504 7849 13576
7824 13583 8183 13533 8247 14000 7889 14050
7091 13225 7654 13134 7723 13559 7160 13649
6743 13245 7093 13193 7187 13820 6838 13872
7187 13897 7751 13794 7785 13975 7220 14078
6313 13352 6732 13290 6830 13946 6411 14009
6113 13811 6328 13775 6383 14101 6169 14138
5242 13176 5718 13145 5758 13756 5282 13787
4424 13676 4427 12988 5071 12990 5068 13679
4362 11576 4721 11548 4749 11907 4390 11934
5470 2098 6070 1948 6282 2796 5682 2946
5035 2618 5576 2481 5688 2924 5148 3062
4983 2207 5467 2091 5559 2472 5075 2588
4973 1749 5594 1631 5650 1924 5030 2043
3913 2172 4943 1958 5019 2322 3988 2535
4617 2399 4982 2320 5065 2705 4701 2785
4025 2571 4545 2462 4612 2779 4091 2888
3967 2926 5077 2726 5137 3058 4027 3258
3149 1886 3724 1853 3755 2388 3180 2422
2729 2034 3085 1996 3132 2442 2777 2480
2775 2615 3164 2586 3225 3404 2835 3434
2391 2663 2761 2638 2792 3094 2422 3119
3141 2469 3769 2392 3824 2845 3196 2921
3178 2940 3535 2901 3583 3333 3226 3372
1788 2203 2271 2163 2325 2813 1842 2853
1824 2898 2270 2863 2299 3214 1852 3250
1870 3171 2295 3133 2333 3573 1909 3610
1435 2563 1853 2556 1863 3205 1445 3212
1495 3231 1880 3194 1928 3685 1542 3722
1915 4012 2773 3805 2842 4090 1984 4297
1325 4811 1800 4783 1880 6107 1405 6135
1301 6096 1695 6075 1825 8571 1430 8591
1754 6808 2130 6786 2288 9406 1912 9428
1914 9521 2284 9474 2365 10116 1995 10163
2016 10150 2376 10094 2479 10761 2118 10816
1421 10044 1644 10042 1656 11367 1434 11369
1508 10778 2056 10721 2163 11758 1615 11814
2096 10801 2528 10768 2574 11360 2142 11393
2120 11407 2568 11343 2639 11836 2191 11900
2552 11162 3130 11077 3245 11857 2667 11942
2509 10828 3074 10747 3131 11148 2566 11229
3334 11667 3958 11604 3986 11880 3361 11942
2981 12088 3550 12070 3575 12926 3006 12943
2509 12076 2817 12063 2844 12688 2536 12701
1786 12679 1796 12053 2487 12063 2478 12690
2454 12752 2876 12721 2899 13033 2477 13064
1435 12785 2024 12735 2078 13365 1489 13415
2052 13116 2488 13079 2507 13302 2072 13340
2161 13430 2515 13386 2577 13877 2224 13922
2572 13812 2984 13779 3030 14350 2618 14383
1393 12044 1756 12035 1775 12756 1411 12766
2858 9747 3185 9700 3226 9986 2900 10034
11923 12953 12297 12815 12470 13278 12096 13417
12352 12838 12754 12696 12929 13190 12528 13333
8172 13541 8388 13509 8451 13940 8235 13972
14091 13561 14427 13532 14437 13656 14101 13685
13114 2509 13774 2096 14181 2746 13521 3160
15409 6648 15638 6620 15688 7030 15458 7057
15696 11932 16234 11886 16255 12126 15717 12172
15730 12732 16173 12712 16185 12986 15742 13006
6213 12272 6819 12175 6935 12900 6330 12998
6444 8822 6451 8575 7238 8594 7232 8842
6422 9042 6426 8824 7193 8840 7188 9057
14079 3709 14303 3479 14767 3932 14542 4161
-60 3925 351 3911 412 5607 0 5621
7355 4081 7806 3948 8059 4806 7607 4939
7321 2526 7745 2332 8058 3012 7633 3206
15604 11077 16164 11019 16250 11842 15690 11900
5944 3854 6589 3658 6761 4223 6116 4420
10597 8431 11097 8316 11180 8674 10680 8789
7762 6278 8365 6170 8436 6562 7833 6670
