1 0.199219 0.769531 0.0429688 0.0429688 0.0200054
1 0.176758 0.758789 0.0410156 0.0332031 0.0216401
1 0.308594 0.759766 0.0195312 0.015625 0.0221081
1 0.212891 0.780273 0.03125 0.0292969 0.0223413
1 0.37207 0.755859 0.0253906 0.0195312 0.0225884
1 0.0703125 0.853516 0.0273438 0.0273438 0.0274246
1 0.290039 0.765625 0.0253906 0.0273438 0.0303353
1 0.314453 0.760742 0.0234375 0.0136719 0.0314541
1 0.0878906 0.821289 0.0429688 0.0527344 0.0317766
1 0.361328 0.775391 0.0507812 0.0390625 0.0373488
1 0.275391 0.755859 0.03125 0.0195312 0.0374901
1 0.0693359 0.871094 0.0253906 0.0273438 0.0392294
1 0.369141 0.77832 0.0234375 0.0214844 0.0419088
1 0.166016 0.753906 0.0273438 0.0234375 0.0424086
1 0.341797 0.779297 0.03125 0.0273438 0.0696641
1 0.117188 0.753906 0.0429688 0.0234375 0.0734676
0 0.676758 0.0947266 0.623047 0.189453 0.0836842
1 0.136719 0.753906 0.03125 0.0234375 0.116114
1 0.240234 0.772461 0.105469 0.0488281 0.322062
1 0.0761719 0.810547 0.0507812 0.0546875 0.449579
3 0.0458984 0.214844 0.0917969 0.0820312 0.516833
