1 0.00878906 0.605469 0.0175781 0.0507812 0.0213367
1 0.608398 0.0361328 0.0332031 0.0332031 0.0221796
1 0.214844 0.535156 0.0507812 0.0703125 0.0222586
1 0.210938 0.890625 0.0703125 0.078125 0.0229881
1 0.438477 0.430664 0.123047 0.0722656 0.0271895
1 0.191406 0.537109 0.0625 0.0664062 0.0274455
1 0.5 0.00976562 0.0625 0.0195312 0.0294878
1 0.610352 0.00976562 0.0332031 0.0195312 0.032786
1 0.637695 0.367188 0.103516 0.0898438 0.0332152
1 0.078125 0.557617 0.125 0.0761719 0.0400883
1 0.575195 0.383789 0.119141 0.0839844 0.046093
1 0.0488281 0.895508 0.0976562 0.150391 0.0482441
1 0.527344 0.0195312 0.179688 0.0390625 0.0524962
1 0.0126953 0.580078 0.0253906 0.078125 0.0554056
1 0.519531 0.0166016 0.09375 0.0332031 0.0737172
1 0.0214844 0.56543 0.0429688 0.0878906 0.075529
1 0.143555 0.905273 0.287109 0.189453 0.0818629
1 0.384766 0.450195 0.199219 0.103516 0.120075
1 0.536133 0.400391 0.0488281 0.0507812 0.12321
1 0.700195 0.371094 0.0449219 0.0429688 0.13896
1 0.470703 0.426758 0.0625 0.0644531 0.142327
1 0.648438 0.152344 0.0351562 0.0390625 0.202219
1 0.614258 0.369141 0.193359 0.117188 0.269789
1 0.173828 0.876953 0.148438 0.113281 0.350597
1 0.117188 0.542969 0.222656 0.0898438 0.353204
1 0.397461 0.443359 0.0839844 0.078125 0.472546
1 0.317383 0.476562 0.0722656 0.0703125 0.500264
