1 0.579102 0.385742 0.0761719 0.0605469 0.0212116
1 0.489258 0.405273 0.0371094 0.0449219 0.0218285
1 0.511719 0.0996094 0.171875 0.078125 0.0253261
1 0.508789 0.105469 0.0410156 0.0390625 0.0287989
3 0.0820312 0.886719 0.15625 0.210938 0.0402898
1 0.819336 0.0205078 0.134766 0.0410156 0.052813
1 0.486328 0.386719 0.046875 0.078125 0.0818231
1 0.505859 0.172852 0.199219 0.166016 0.0830296
1 0.772461 0.0224609 0.0488281 0.0449219 0.178417
1 0.443359 0.176758 0.0859375 0.0683594 0.201352
1 0.567383 0.0800781 0.0566406 0.0429688 0.213749
1 0.5 0.280273 0.0429688 0.0410156 0.245268
1 0.560547 0.373047 0.113281 0.09375 0.260503
1 0.582031 0.489258 0.0703125 0.0722656 0.336456
1 0.573242 0.0205078 0.0722656 0.0410156 0.411036
1 0.542969 0.207031 0.125 0.109375 0.491645
1 0.663086 0.0742188 0.0527344 0.046875 0.651887
