3 0.553711 0.951172 0.283203 0.0976562 0.0205727
1 0.222656 0.957031 0.0234375 0.0234375 0.0238328
3 0.901367 0.849609 0.197266 0.300781 0.0246757
3 0.0732422 0.0107422 0.0800781 0.0214844 0.025018
1 0.380859 0.932617 0.0507812 0.0410156 0.0254694
3 0.357422 0.777344 0.0820312 0.175781 0.0274164
3 0.77832 0.891602 0.115234 0.216797 0.0292571
1 0.365234 0.93457 0.0234375 0.0253906 0.0337365
3 0.424805 0.790039 0.224609 0.185547 0.0357606
3 0.111328 0.355469 0.179688 0.28125 0.0380646
4 0.285156 0.319336 0.078125 0.158203 0.0392679
1 0.339844 0.904297 0.0351562 0.0351562 0.0447941
1 0.330078 0.896484 0.0351562 0.0351562 0.0586192
3 0.104492 0.110352 0.162109 0.201172 0.102792
3 0.921875 0.915039 0.148438 0.169922 0.138148
3 0.0878906 0.439453 0.128906 0.105469 0.303982
3 0.114258 0.248047 0.169922 0.0664062 0.481572
3 0.847656 0.606445 0.292969 0.181641 0.524468
3 0.852539 0.751953 0.291016 0.488281 0.725489
3 0.173828 0.669922 0.191406 0.414062 0.747594
3 0.462891 0.0849609 0.136719 0.169922 0.763193
3 0.514648 0.642578 0.333984 0.707031 0.899449
