1 0.708984 0.28418 0.0351562 0.0332031 0.0211755
1 0.746094 0.264648 0.0664062 0.0449219 0.0233092
5 0.960938 0.09375 0.0390625 0.0351562 0.0251711
1 0.428711 0.724609 0.193359 0.316406 0.0271552
1 0.0546875 0.912109 0.0234375 0.0195312 0.0274898
1 0.754883 0.277344 0.0292969 0.0273438 0.0300098
1 0.432617 0.390625 0.0566406 0.046875 0.0308569
1 0.77832 0.0791016 0.0292969 0.0332031 0.0317501
1 0.364258 0.398438 0.0644531 0.0429688 0.0324538
1 0.726562 0.279297 0.046875 0.0351562 0.0328774
3 0.761719 0.0341797 0.308594 0.0683594 0.0337632
1 0.728516 0.25 0.0507812 0.0390625 0.0338085
1 0.767578 0.228516 0.0546875 0.046875 0.037822
3 0.774414 0.357422 0.0449219 0.0507812 0.0395194
1 0.740234 0.277344 0.03125 0.0273438 0.0410883
1 0.386719 0.654297 0.0820312 0.0742188 0.047834
3 0.679688 0.00976562 0.117188 0.0195312 0.0513039
1 0.758789 0.210938 0.103516 0.132812 0.0513234
4 0.161133 0.744141 0.322266 0.253906 0.0534443
1 0.423828 0.505859 0.0585938 0.0546875 0.0539772
1 0.179688 0.910156 0.09375 0.046875 0.0546609
1 0.744141 0.212891 0.0507812 0.0390625 0.074757
1 0.764648 0.306641 0.0449219 0.0351562 0.0777441
3 0.833984 0.0751953 0.0742188 0.0800781 0.0881913
3 0.816406 0.0585938 0.1875 0.117188 0.114943
1 0.757812 0.21582 0.0859375 0.0605469 0.115554
3 0.984375 0.0449219 0.03125 0.0625 0.14826
1 0.722656 0.244141 0.03125 0.03125 0.195365
1 0.430664 0.801758 0.173828 0.158203 0.235329
1 0.760742 0.169922 0.0761719 0.0507812 0.25652
1 0.411133 0.634766 0.130859 0.125 0.268398
