1 0.317383 0.962891 0.197266 0.0742188 0.0200035
1 0.706055 0.597656 0.287109 0.226562 0.0218698
1 0.30957 0.716797 0.0761719 0.0742188 0.0222459
1 0.30957 0.709961 0.0488281 0.0527344 0.0224903
1 0.0263672 0.744141 0.0449219 0.046875 0.0239979
1 0.981445 0.923828 0.0371094 0.105469 0.0255419
1 0.0175781 0.878906 0.0351562 0.0742188 0.0274305
1 0.987305 0.936523 0.0253906 0.0605469 0.0286745
0 0.200195 0.0517578 0.392578 0.103516 0.0332
1 0.112305 0.97168 0.0449219 0.0566406 0.0338882
1 0.287109 0.914062 0.0546875 0.0546875 0.0378907
1 0.0927734 0.733398 0.162109 0.0800781 0.0380817
1 0.400391 0.945312 0.0546875 0.0625 0.0408689
1 0.977539 0.808594 0.0449219 0.0507812 0.0453126
1 0.0458984 0.96582 0.0410156 0.0410156 0.0528162
1 0.0429688 0.946289 0.046875 0.0566406 0.0539826
1 0.365234 0.987305 0.0546875 0.0253906 0.0613597
1 0.941406 0.556641 0.0507812 0.0546875 0.0670924
1 0.981445 0.891602 0.0371094 0.0488281 0.0714964
1 0.313477 0.730469 0.0449219 0.0390625 0.0793993
1 0.0078125 0.0595703 0.015625 0.0644531 0.0929774
1 0.320312 0.744141 0.0703125 0.113281 0.0978938
1 0.326172 0.90918 0.0507812 0.0527344 0.103793
1 0.0615234 0.736328 0.0566406 0.0507812 0.140248
1 0.374023 0.958008 0.0957031 0.0800781 0.160305
1 0.977539 0.763672 0.0449219 0.0507812 0.164743
1 0.304688 0.905273 0.0976562 0.0683594 0.165638
1 0.24707 0.987305 0.0371094 0.0253906 0.171628
3 0.295898 0.0332031 0.169922 0.0664062 0.177265
1 0.967773 0.780273 0.0644531 0.0878906 0.194552
1 0.388672 0.838867 0.0820312 0.0800781 0.256487
1 0.316406 0.773438 0.0507812 0.046875 0.262752
0 0.172852 0.325195 0.345703 0.650391 0.352909
1 0.138672 0.737305 0.0664062 0.0644531 0.366665
