1 0.0654297 0.321289 0.0566406 0.0683594 0.0206811
1 0.0390625 0.410156 0.0351562 0.03125 0.0212169
1 0.989258 0.0683594 0.0214844 0.0742188 0.0235385
1 0.564453 0.960938 0.160156 0.078125 0.025548
1 0.0722656 0.378906 0.0507812 0.0507812 0.0270793
1 0.110352 0.147461 0.0410156 0.0449219 0.0305625
1 0.0498047 0.352539 0.0371094 0.0332031 0.0324516
1 0.552734 0.771484 0.0585938 0.0507812 0.0326571
1 0.0664062 0.308594 0.0390625 0.0351562 0.0331849
1 0.0947266 0.240234 0.0332031 0.0351562 0.033393
0 0.756836 0.166016 0.388672 0.332031 0.0335397
1 0.0400391 0.3125 0.0292969 0.0351562 0.034
1 0.0810547 0.369141 0.0371094 0.0351562 0.0447427
1 0.0654297 0.287109 0.103516 0.289062 0.0482554
1 0.0292969 0.362305 0.0585938 0.0878906 0.0515939
1 0.0488281 0.322266 0.046875 0.0507812 0.0535524
1 0.0800781 0.275391 0.0234375 0.0273438 0.053597
1 0.209961 0.629883 0.130859 0.134766 0.0616655
1 0.0390625 0.392578 0.078125 0.0664062 0.0680892
1 0.0146484 0.310547 0.0292969 0.0664062 0.0689599
1 0.0634766 0.155273 0.0527344 0.0449219 0.0775815
1 0.0576172 0.261719 0.0527344 0.046875 0.0785837
1 0.03125 0.319336 0.0625 0.0683594 0.0939982
1 0.563477 0.983398 0.154297 0.0332031 0.102943
1 0.0703125 0.193359 0.0976562 0.1875 0.124288
1 0.601562 0.990234 0.0742188 0.0195312 0.129528
1 0.875977 0.62207 0.0292969 0.0644531 0.133987
1 0.525391 0.989258 0.0703125 0.0214844 0.134375
1 0.0712891 0.203125 0.0683594 0.046875 0.15784
1 0.0917969 0.0771484 0.0390625 0.0332031 0.185663
1 0.0693359 0.228516 0.0800781 0.0859375 0.192334
1 0.525391 0.978516 0.078125 0.0429688 0.279921
1 0.046875 0.349609 0.09375 0.144531 0.322502
1 0.0839844 0.146484 0.101562 0.0742188 0.348893
1 0.544922 0.811523 0.101562 0.103516 0.591564
1 0.119141 0.432617 0.0507812 0.0449219 0.605807
1 0.523438 0.707031 0.109375 0.0859375 0.652991
1 0.0673828 0.503906 0.0527344 0.0585938 0.694302
1 0.59082 0.90918 0.0996094 0.0957031 0.712392
0 0.571289 0.245117 0.748047 0.490234 0.955343
