1 0.191406 0.945312 0.078125 0.0859375 0.0206257
1 0.439453 0.569336 0.0273438 0.0253906 0.0216175
1 0.280273 0.466797 0.0527344 0.046875 0.0236821
1 0.0839844 0.21875 0.0351562 0.0390625 0.0278072
1 0.294922 0.449219 0.0898438 0.0859375 0.0335553
1 0.251953 0.331055 0.0351562 0.0332031 0.036304
1 0.0820312 0.229492 0.0351562 0.0253906 0.0411325
1 0.0078125 0.736328 0.015625 0.0625 0.045726
1 0.144531 0.881836 0.136719 0.224609 0.0504948
1 0.271484 0.449219 0.0507812 0.0742188 0.0675682
1 0.0195312 0.225586 0.0351562 0.0292969 0.070217
1 0.444336 0.0117188 0.0761719 0.0234375 0.0840832
1 0.52832 0.296875 0.0410156 0.0742188 0.0856084
1 0.3125 0.432617 0.0351562 0.0332031 0.09455
1 0.269531 0.433594 0.0351562 0.0351562 0.0970284
4 0.457031 0.737305 0.0429688 0.0957031 0.124859
1 0.0898438 0.216797 0.0234375 0.0273438 0.168786
1 0.00976562 0.226562 0.0195312 0.0234375 0.258592
1 0.0322266 0.222656 0.0332031 0.0273438 0.364083
1 0.00976562 0.172852 0.0195312 0.0253906 0.3744
1 0.15332 0.94043 0.134766 0.0996094 0.394112
1 0.142578 0.826172 0.113281 0.09375 0.408839
1 0.135742 0.226562 0.0410156 0.0351562 0.40952
1 0.116211 0.6875 0.111328 0.109375 0.491973
1 0.0185547 0.841797 0.0371094 0.0898438 0.530103
1 0.0927734 0.251953 0.0292969 0.0273438 0.550132
1 0.0673828 0.222656 0.0214844 0.0234375 0.56446
1 0.0429688 0.168945 0.0234375 0.0214844 0.589757
1 0.0908203 0.570312 0.0878906 0.078125 0.6155
1 0.03125 0.964844 0.0625 0.0703125 0.673529
