3 0.695312 0.368164 0.140625 0.134766 0.0239471
1 0.0195312 0.989258 0.0390625 0.0214844 0.0241201
1 0.046875 0.992188 0.0820312 0.015625 0.0303286
1 0.962891 0.882812 0.0742188 0.136719 0.031045
1 0.916992 0.888672 0.166016 0.144531 0.031484
1 0.0800781 0.989258 0.105469 0.0214844 0.0338897
1 0.134766 0.984375 0.203125 0.03125 0.0357115
1 0.107422 0.989258 0.046875 0.0214844 0.0421919
1 0.459961 0.912109 0.0996094 0.0703125 0.054469
5 0.735352 0.481445 0.0292969 0.0292969 0.0653418
1 0.658203 0.375977 0.03125 0.0253906 0.100763
5 0.841797 0.414062 0.0351562 0.0390625 0.10694
1 0.185547 0.980469 0.101562 0.0390625 0.299636
