1 0.555664 0.0273438 0.142578 0.0546875 0.0201583
1 0.416016 0.341797 0.0585938 0.0546875 0.0205261
1 0.597656 0.193359 0.0703125 0.0585938 0.0213535
1 0.625 0.626953 0.0351562 0.03125 0.0217444
1 0.94043 0.878906 0.0722656 0.0664062 0.0217468
1 0.615234 0.116211 0.101562 0.0449219 0.0219555
1 0.616211 0.155273 0.0722656 0.0566406 0.0223048
1 0.949219 0.686523 0.0703125 0.0566406 0.0226546
1 0.772461 0.0498047 0.0839844 0.0761719 0.0227975
1 0.923828 0.745117 0.0390625 0.0410156 0.0228465
1 0.936523 0.769531 0.0527344 0.0429688 0.023133
1 0.598633 0.0986328 0.0722656 0.0527344 0.0234268
1 0.455078 0.249023 0.046875 0.0371094 0.0235428
1 0.574219 0.373047 0.152344 0.0820312 0.0248067
1 0.371094 0.272461 0.0273438 0.0292969 0.0248675
1 0.435547 0.015625 0.0625 0.03125 0.0249684
1 0.131836 0.651367 0.0488281 0.0332031 0.0259641
1 0.290039 0.179688 0.0410156 0.0429688 0.0269206
1 0.972656 0.848633 0.0234375 0.0175781 0.0276938
1 0.443359 0.236328 0.0585938 0.0507812 0.0284887
1 0.950195 0.929688 0.0488281 0.046875 0.0291827
1 0.0371094 0.585938 0.0273438 0.0273438 0.0305573
1 0.500977 0.274414 0.0332031 0.0371094 0.0317084
1 0.550781 0.0126953 0.132812 0.0253906 0.0321346
1 0.603516 0.172852 0.078125 0.0683594 0.0334739
1 0.795898 0.0712891 0.0527344 0.0488281 0.0352643
1 0.201172 0.655273 0.046875 0.0332031 0.0354216
1 0.933594 0.504883 0.0703125 0.0488281 0.0365502
1 0.686523 0.62207 0.0722656 0.0410156 0.036612
1 0.805664 0.0791016 0.0332031 0.0332031 0.0370825
1 0.415039 0.637695 0.0253906 0.0253906 0.0391696
1 0.913086 0.869141 0.0957031 0.0625 0.0411333
1 0.0185547 0.59668 0.0332031 0.0292969 0.0428181
1 0.290039 0.636719 0.0292969 0.0234375 0.0464243
1 0.612305 0.180664 0.0488281 0.0449219 0.0466811
1 0.945312 0.587891 0.0429688 0.0273438 0.0488243
1 0.955078 0.77832 0.0703125 0.0371094 0.0491892
1 0.447266 0.195312 0.0820312 0.0742188 0.0500552
1 0.625977 0.594727 0.0332031 0.0214844 0.0501506
1 0.510742 0.0117188 0.0878906 0.0234375 0.0560059
1 0.939453 0.604492 0.0351562 0.0332031 0.0594067
1 0.643555 0.62207 0.0839844 0.0488281 0.0600547
1 0.972656 0.582031 0.0195312 0.0195312 0.0722319
1 0.958984 0.586914 0.015625 0.0175781 0.0727235
1 0.466797 0.225586 0.0507812 0.0566406 0.0753908
1 0.470703 0.0146484 0.09375 0.0292969 0.0938273
1 0.461914 0.173828 0.0449219 0.0390625 0.0982789
1 0.984375 0.803711 0.03125 0.0410156 0.101867
1 0.96875 0.798828 0.0585938 0.0507812 0.104185
1 0.425781 0.176758 0.03125 0.0332031 0.10697
1 0.0351562 0.602539 0.0234375 0.0214844 0.114836
1 0.725586 0.0361328 0.103516 0.0722656 0.117093
1 0.291992 0.629883 0.0175781 0.0214844 0.127633
1 0.948242 0.727539 0.0527344 0.0332031 0.131182
1 0.958008 0.948242 0.0292969 0.0253906 0.133133
1 0.707031 0.613281 0.0273438 0.0234375 0.134721
1 0.454102 0.219727 0.0839844 0.0800781 0.136748
1 0.662109 0.139648 0.101562 0.0722656 0.169501
1 0.0078125 0.595703 0.015625 0.0195312 0.1855
1 0.604492 0.0703125 0.103516 0.0859375 0.202509
1 0.942383 0.59082 0.0292969 0.0175781 0.203892
1 0.93457 0.913086 0.0488281 0.0371094 0.213954
1 0.410156 0.326172 0.09375 0.09375 0.223576
1 0.0253906 0.598633 0.0195312 0.0214844 0.231659
1 0.970703 0.87207 0.03125 0.0292969 0.26729
1 0.608398 0.618164 0.0449219 0.0449219 0.277955
1 0.566406 0.345703 0.175781 0.164062 0.2817
1 0.475586 0.105469 0.0410156 0.0390625 0.302569
1 0.204102 0.655273 0.0292969 0.0253906 0.310507
1 0.303711 0.630859 0.0292969 0.0234375 0.316851
1 0.950195 0.741211 0.0800781 0.0566406 0.329846
1 0.147461 0.65918 0.0214844 0.0214844 0.335755
1 0.0693359 0.613281 0.0371094 0.03125 0.35873
1 0.428711 0.632812 0.0292969 0.0234375 0.379101
1 0.46875 0.626953 0.0273438 0.03125 0.396161
1 0.230469 0.657227 0.0234375 0.0214844 0.408275
1 0.173828 0.65918 0.0273438 0.0253906 0.410124
1 0.518555 0.618164 0.0371094 0.0292969 0.411379
1 0.351562 0.637695 0.0390625 0.0292969 0.424014
1 0.939453 0.621094 0.0351562 0.0273438 0.428916
1 0.931641 0.875 0.0351562 0.03125 0.44063
1 0.386719 0.637695 0.0234375 0.0214844 0.466656
1 0.12207 0.644531 0.0332031 0.0273438 0.476554
1 0.662109 0.625977 0.0429688 0.0332031 0.497344
1 0.941406 0.682617 0.0429688 0.0371094 0.501042
1 0.891602 0.858398 0.0449219 0.0371094 0.518436
1 0.263672 0.646484 0.03125 0.0273438 0.527572
