1 0.871094 0.290039 0.0351562 0.0292969 0.0225864
1 0.682617 0.620117 0.0800781 0.0449219 0.0250404
1 0.869141 0.352539 0.046875 0.0410156 0.0259211
1 0.882812 0.256836 0.0429688 0.0332031 0.0282606
1 0.313477 0.672852 0.0332031 0.0253906 0.0311949
1 0.875977 0.383789 0.0527344 0.0800781 0.0317759
1 0.885742 0.272461 0.0644531 0.0488281 0.0334656
1 0.989258 0.439453 0.0214844 0.046875 0.0353435
1 0.862305 0.200195 0.0410156 0.0371094 0.04078
1 0.897461 0.225586 0.0292969 0.0292969 0.0427312
1 0.303711 0.650391 0.0371094 0.03125 0.0439479
1 0.307617 0.662109 0.0371094 0.0390625 0.0508161
1 0.884766 0.235352 0.0742188 0.0605469 0.0637097
1 0.981445 0.352539 0.0371094 0.0566406 0.0660331
1 0.977539 0.416992 0.0449219 0.0644531 0.0826202
1 0.873047 0.333984 0.0390625 0.0351562 0.08488
1 0.911133 0.249023 0.0410156 0.0371094 0.0867462
1 0.870117 0.212891 0.0644531 0.0546875 0.0943311
1 0.87207 0.347656 0.0332031 0.0234375 0.153293
1 0.707031 0.626953 0.0429688 0.0429688 0.187075
1 0.87207 0.380859 0.0410156 0.0429688 0.208124
1 0.973633 0.386719 0.0527344 0.128906 0.20978
1 0.692383 0.619141 0.0332031 0.0351562 0.294041
1 0.874023 0.317383 0.0371094 0.0332031 0.300283
1 0.904297 0.186523 0.0351562 0.0371094 0.357122
1 0.651367 0.618164 0.0410156 0.0410156 0.412794
