3 0.984375 0.455078 0.03125 0.152344 0.0201616
4 0.771484 0.74707 0.449219 0.466797 0.0209986
1 0.87207 0.303711 0.0449219 0.0410156 0.0226254
4 0.44043 0.185547 0.544922 0.371094 0.0268819
3 0.982422 0.0947266 0.0351562 0.189453 0.0275434
1 0.868164 0.236328 0.0371094 0.0273438 0.0300265
5 0.958008 0.0996094 0.0371094 0.09375 0.030257
5 0.962891 0.0566406 0.03125 0.0273438 0.0382373
1 0.734375 0.165039 0.0351562 0.0449219 0.0542245
1 0.875977 0.279297 0.0527344 0.0546875 0.0887258
1 0.821289 0.242188 0.0410156 0.0390625 0.112014
1 0.015625 0.75293 0.03125 0.0371094 0.19291
1 0.0380859 0.744141 0.0332031 0.0351562 0.37358
1 0.03125 0.692383 0.0390625 0.0332031 0.395655
1 0.0283203 0.744141 0.0566406 0.0546875 0.441019
1 0.0966797 0.733398 0.0488281 0.0449219 0.455726
1 0.0976562 0.609375 0.109375 0.105469 0.571934
3 0.958008 0.0957031 0.0839844 0.1875 0.646918
