1 0.00878906 0.425781 0.0175781 0.03125 0.0573551
1 0.00878906 0.322266 0.0175781 0.0273438 0.0675993
0 0.706055 0.858398 0.583984 0.279297 0.0840903
1 0.0683594 0.385742 0.03125 0.0292969 0.123635
1 0.0800781 0.37793 0.0273438 0.0253906 0.31964
1 0.125 0.334961 0.0429688 0.0410156 0.324703
1 0.0107422 0.193359 0.0214844 0.03125 0.381828
1 0.0507812 0.384766 0.0273438 0.0273438 0.39563
1 0.0253906 0.25293 0.0351562 0.0292969 0.476689
1 0.0703125 0.297852 0.0351562 0.0332031 0.535573
1 0.0390625 0.344727 0.03125 0.0371094 0.600784
1 0.0332031 0.298828 0.0351562 0.03125 0.612543
1 0.0751953 0.338867 0.0292969 0.0332031 0.638861
