1 0.558594 0.463867 0.128906 0.0878906 0.0200547
1 0.611328 0.0849609 0.0703125 0.0566406 0.0256192
1 0.980469 0.188477 0.0390625 0.0722656 0.0278375
1 0.548828 0.463867 0.0703125 0.0683594 0.0289112
1 0.982422 0.0507812 0.0351562 0.0859375 0.0306464
1 0.811523 0.420898 0.126953 0.119141 0.0330418
1 0.456055 0.3125 0.0410156 0.0429688 0.0353409
1 0.629883 0.12207 0.146484 0.224609 0.035966
1 0.848633 0.164062 0.123047 0.167969 0.0360742
1 0.75293 0.419922 0.0917969 0.09375 0.0382691
1 0.862305 0.134766 0.0605469 0.0625 0.038444
1 0.479492 0.491211 0.0761719 0.0683594 0.0431631
1 0.773438 0.402344 0.0585938 0.0742188 0.0433063
1 0.75 0.276367 0.0390625 0.0371094 0.0532713
1 0.963867 0.208008 0.0722656 0.0761719 0.0535707
1 0.580078 0.0478516 0.0507812 0.0449219 0.0551514
1 0.512695 0.474609 0.142578 0.09375 0.0648101
1 0.501953 0.157227 0.0976562 0.0839844 0.0811419
1 0.695312 0.696289 0.382812 0.283203 0.0830978
1 0.740234 0.427734 0.0625 0.0546875 0.0838688
1 0.451172 0.111328 0.105469 0.0898438 0.0871648
1 0.652344 0.19043 0.0585938 0.0566406 0.0871907
1 0.853516 0.134766 0.0351562 0.0429688 0.142585
1 0.607422 0.277344 0.0351562 0.0351562 0.144681
1 0.882812 0.0888672 0.0429688 0.0410156 0.147283
1 0.583984 0.180664 0.0625 0.0683594 0.163365
1 0.441406 0.383789 0.0898438 0.0878906 0.181792
1 0.925781 0.334961 0.0351562 0.0292969 0.189413
1 0.361328 0.168945 0.0546875 0.0527344 0.227389
1 0.705078 0.173828 0.0390625 0.0351562 0.237031
1 0.648438 0.168945 0.0820312 0.0878906 0.247126
1 0.832031 0.132812 0.0898438 0.0625 0.269289
1 0.984375 0.0673828 0.03125 0.0449219 0.285695
1 0.919922 0.230469 0.0351562 0.0351562 0.304976
1 0.504883 0.223633 0.0488281 0.0410156 0.306817
1 0.62207 0.282227 0.0683594 0.0488281 0.310569
3 0.0986328 0.827148 0.197266 0.345703 0.323975
1 0.943359 0.37793 0.0507812 0.0488281 0.327417
1 0.470703 0.126953 0.15625 0.132812 0.329544
1 0.893555 0.279297 0.0410156 0.0390625 0.379048
1 0.72168 0.272461 0.0917969 0.0800781 0.408836
1 0.806641 0.0380859 0.0703125 0.0722656 0.430641
1 0.634766 0.0732422 0.117188 0.0957031 0.473648
1 0.935547 0.163086 0.046875 0.0410156 0.485324
1 0.841797 0.452148 0.0898438 0.119141 0.520114
1 0.855469 0.209961 0.0859375 0.0722656 0.535196
1 0.385742 0.249023 0.0996094 0.115234 0.549919
1 0.936523 0.109375 0.0449219 0.0429688 0.582546
1 0.652344 0.436523 0.117188 0.0996094 0.605408
