1 0.722656 0.453125 0.03125 0.0273438 0.0202399
5 0.286133 0.988281 0.0449219 0.0234375 0.0214669
1 0.880859 0.450195 0.0390625 0.0292969 0.0226411
3 0.277344 0.925781 0.296875 0.148438 0.0231415
1 0.703125 0.601562 0.0585938 0.0546875 0.0232043
0 0.0498047 0.979492 0.0957031 0.0410156 0.0260608
1 0.722656 0.542969 0.0351562 0.03125 0.0273108
1 0.719727 0.464844 0.0332031 0.0351562 0.0298696
1 0.697266 0.942383 0.0390625 0.0488281 0.0319235
1 0.725586 0.566406 0.0488281 0.0664062 0.0343546
1 0.746094 0.936523 0.0703125 0.0722656 0.0517
1 0.712891 0.936523 0.0742188 0.0644531 0.0583892
3 0.112305 0.925781 0.0878906 0.078125 0.0694856
1 0.719727 0.506836 0.0214844 0.0175781 0.0707152
1 0.771484 0.441406 0.0390625 0.0390625 0.0897996
5 0.305664 0.957031 0.0410156 0.0390625 0.118344
1 0.71582 0.443359 0.0292969 0.0273438 0.145454
1 0.725586 0.688477 0.0332031 0.0332031 0.16364
3 0.117188 0.805664 0.09375 0.0761719 0.171633
1 0.728516 0.931641 0.109375 0.109375 0.241141
1 0.708008 0.580078 0.0722656 0.0585938 0.25504
1 0.796875 0.444336 0.0664062 0.0449219 0.260628
3 0.0839844 0.929688 0.152344 0.109375 0.437547
1 0.879883 0.439453 0.0332031 0.03125 0.471742
1 0.720703 0.480469 0.0273438 0.0273438 0.526738
3 0.321289 0.950195 0.193359 0.0996094 0.56619
1 0.882812 0.481445 0.0429688 0.0410156 0.620442
