1 0.78125 0.850586 0.0546875 0.0566406 0.0212643
1 0.829102 0.859375 0.0371094 0.0390625 0.0213919
1 0.849609 0.223633 0.0195312 0.0175781 0.023062
1 0.757812 0.736328 0.0273438 0.0234375 0.0252067
4 0.210938 0.776367 0.421875 0.443359 0.0274
1 0.871094 0.225586 0.0234375 0.0136719 0.0289727
1 0.482422 0.254883 0.03125 0.0292969 0.0338414
1 0.477539 0.305664 0.0214844 0.0214844 0.0339067
1 0.765625 0.8125 0.0546875 0.0898438 0.0340752
1 0.492188 0.272461 0.0195312 0.0175781 0.0360505
1 0.537109 0.0527344 0.0351562 0.0273438 0.0414027
1 0.788086 0.464844 0.0292969 0.0234375 0.0450068
1 0.760742 0.78418 0.0332031 0.0332031 0.054186
1 0.488281 0.639648 0.0273438 0.0214844 0.0549092
0 0.208008 0.654297 0.416016 0.1875 0.0566404
3 0.670898 0.137695 0.0410156 0.0878906 0.0678861
1 0.768555 0.834961 0.0605469 0.0410156 0.070334
1 0.618164 0.505859 0.0136719 0.0117188 0.0782106
1 0.198242 0.47168 0.0527344 0.0527344 0.11537
1 0.541016 0.0136719 0.0390625 0.0273438 0.119121
1 0.597656 0.451172 0.0273438 0.0273438 0.217275
1 0.601562 0.488281 0.0351562 0.0273438 0.305304
1 0.793945 0.822266 0.115234 0.117188 0.335374
1 0.46875 0.15332 0.0273438 0.0253906 0.374883
1 0.492188 0.209961 0.0273438 0.0253906 0.461573
1 0.485352 0.242188 0.0292969 0.03125 0.491412
1 0.939453 0.460938 0.0507812 0.046875 0.630277
