3 0.649414 0.505859 0.107422 0.0820312 0.0219278
1 0.947266 0.783203 0.0390625 0.0351562 0.0222863
1 0.259766 0.939453 0.0859375 0.0703125 0.0225855
1 0.297852 0.908203 0.0410156 0.046875 0.0226482
1 0.821289 0.314453 0.0136719 0.0195312 0.0233332
1 0.889648 0.368164 0.0371094 0.0371094 0.0240758
1 0.269531 0.885742 0.0429688 0.0371094 0.0311862
1 0.744141 0.984375 0.0546875 0.03125 0.0337248
1 0.193359 0.963867 0.046875 0.0566406 0.0338212
1 0.719727 0.93457 0.0605469 0.115234 0.0348189
1 0.258789 0.942383 0.0175781 0.0292969 0.0355556
1 0.331055 0.90918 0.0644531 0.0605469 0.0366047
1 0.776367 0.336914 0.0527344 0.0371094 0.0387204
1 0.792969 0.334961 0.03125 0.0253906 0.0391885
1 0.355469 0.451172 0.03125 0.0273438 0.0412038
1 0.986328 0.292969 0.0273438 0.0507812 0.0423988
1 0.293945 0.925781 0.0410156 0.0390625 0.046579
1 0.194336 0.964844 0.0332031 0.0351562 0.050032
1 0.96582 0.941406 0.0683594 0.109375 0.0505243
1 0.966797 0.786133 0.0429688 0.0410156 0.0538372
1 0.234375 0.930664 0.0429688 0.0488281 0.0566754
1 0.832031 0.302734 0.03125 0.0273438 0.0568373
1 0.977539 0.273438 0.0371094 0.0351562 0.0593646
1 0.72168 0.853516 0.0449219 0.0351562 0.0595711
1 0.983398 0.769531 0.0332031 0.0703125 0.0756876
1 0.946289 0.303711 0.0527344 0.0527344 0.0870093
1 0.966797 0.291992 0.0664062 0.0683594 0.0914916
1 0.393555 0.972656 0.0449219 0.0507812 0.0932297
1 0.689453 0.824219 0.0507812 0.0390625 0.117329
1 0.698242 0.837891 0.0683594 0.0625 0.117475
1 0.301758 0.914062 0.0292969 0.0273438 0.148665
1 0.961914 0.768555 0.0722656 0.0917969 0.169659
1 0.339844 0.914062 0.0429688 0.0390625 0.181063
1 0.283203 0.941406 0.0429688 0.03125 0.186874
1 0.714844 0.900391 0.046875 0.0390625 0.234152
1 0.237305 0.941406 0.0292969 0.0273438 0.26674
1 0.0292969 0.981445 0.0585938 0.0371094 0.325499
1 0.738281 0.963867 0.0820312 0.0722656 0.349378
1 0.549805 0.774414 0.259766 0.158203 0.362143
1 0.536133 0.953125 0.0683594 0.0742188 0.39899
1 0.268555 0.981445 0.0566406 0.0371094 0.442327
1 0.427734 0.980469 0.078125 0.0390625 0.564128
1 0.617188 0.964844 0.0507812 0.0507812 0.669546
