1 0.551758 0.269531 0.0292969 0.0273438 0.0210246
1 0.161133 0.725586 0.0996094 0.0800781 0.0237293
1 0.0126953 0.765625 0.0253906 0.0585938 0.0250925
1 0.544922 0.651367 0.101562 0.0917969 0.0252582
1 0.959961 0.271484 0.0761719 0.0546875 0.0270526
1 0.693359 0.253906 0.046875 0.0546875 0.0274902
1 0.976562 0.126953 0.046875 0.117188 0.0288239
1 0.748047 0.230469 0.0742188 0.0742188 0.0335662
1 0.908203 0.166016 0.0703125 0.078125 0.0369471
1 0.620117 0.521484 0.0878906 0.0703125 0.0423165
1 0.0478516 0.75 0.0917969 0.09375 0.0468137
1 0.504883 0.271484 0.0566406 0.0390625 0.0476807
1 0.944336 0.494141 0.0332031 0.0351562 0.053262
1 0.521484 0.272461 0.0234375 0.0292969 0.0535466
1 0.908203 0.28125 0.03125 0.0273438 0.0579571
1 0.966797 0.225586 0.0273438 0.0253906 0.0661976
1 0.0234375 0.751953 0.046875 0.0703125 0.068628
1 0.688477 0.666992 0.0410156 0.0761719 0.0688486
1 0.957031 0.269531 0.0351562 0.03125 0.0706299
1 0.799805 0.358398 0.103516 0.0878906 0.0755578
1 0.634766 0.268555 0.0429688 0.0449219 0.0835567
1 0.490234 0.243164 0.0742188 0.0800781 0.0949032
1 0.964844 0.505859 0.0703125 0.0664062 0.102326
1 0.988281 0.263672 0.0234375 0.0351562 0.12206
1 0.938477 0.133789 0.123047 0.142578 0.168026
1 0.776367 0.222656 0.126953 0.109375 0.168097
1 0.533203 0.514648 0.0625 0.0683594 0.182534
1 0.982422 0.508789 0.0351562 0.0644531 0.197849
1 0.883789 0.435547 0.0800781 0.0898438 0.276542
1 0.583008 0.514648 0.158203 0.0878906 0.379882
1 0.586914 0.641602 0.177734 0.130859 0.582208
