1 0.982422 0.282227 0.0351562 0.0644531 0.0330845
1 0.976562 0.610352 0.0351562 0.0371094 0.0352943
1 0.967773 0.173828 0.0644531 0.0703125 0.0387435
1 0.942383 0.226562 0.0488281 0.0390625 0.0400753
1 0.706055 0.698242 0.0527344 0.0527344 0.0510133
1 0.969727 0.375 0.0605469 0.0585938 0.0525242
1 0.931641 0.210938 0.078125 0.0703125 0.0630262
0 0.549805 0.8125 0.900391 0.371094 0.0849206
1 0.979492 0.418945 0.0410156 0.0566406 0.146709
1 0.967773 0.356445 0.0644531 0.208984 0.174624
1 0.964844 0.307617 0.0703125 0.0839844 0.218795
1 0.946289 0.1875 0.107422 0.105469 0.295833
1 0.970703 0.40625 0.0585938 0.0976562 0.308685
1 0.514648 0.0478516 0.0605469 0.0527344 0.47806
