1 0.665039 0.0488281 0.537109 0.0976562 0.0202852
1 0.398438 0.976562 0.0742188 0.046875 0.0208547
1 0.547852 0.981445 0.169922 0.0371094 0.0213667
1 0.186523 0.113281 0.0683594 0.0585938 0.0217484
1 0.344727 0.786133 0.0878906 0.0566406 0.023216
1 0.231445 0.0322266 0.0449219 0.0410156 0.0232475
1 0.503906 0.0654297 0.0664062 0.0605469 0.0233988
1 0.447266 0.969727 0.277344 0.0605469 0.0239868
1 0.897461 0.130859 0.0371094 0.0351562 0.0245761
1 0.519531 0.567383 0.0546875 0.0410156 0.0250091
1 0.249023 0.449219 0.0527344 0.0429688 0.0256403
1 0.249023 0.432617 0.0449219 0.0332031 0.0256464
1 0.344727 0.816406 0.0839844 0.0585938 0.0263281
1 0.332031 0.837891 0.0859375 0.0546875 0.0277448
1 0.820312 0.0253906 0.0820312 0.0507812 0.0280291
1 0.379883 0.167969 0.0605469 0.0507812 0.0281854
1 0.981445 0.25 0.0371094 0.0703125 0.0289988
1 0.341797 0.766602 0.0742188 0.0488281 0.0295386
1 0.635742 0.0224609 0.0332031 0.0332031 0.029612
4 0.849609 0.762695 0.296875 0.330078 0.030666
1 0.766602 0.015625 0.0605469 0.03125 0.0326062
1 0.586914 0.0478516 0.146484 0.0878906 0.0329353
1 0.421875 0.0615234 0.0585938 0.0566406 0.0335707
1 0.213867 0.0654297 0.0996094 0.0800781 0.0345015
1 0.217773 0.862305 0.0488281 0.0644531 0.0349977
1 0.551758 0.894531 0.0605469 0.0546875 0.0355127
1 0.862305 0.0175781 0.275391 0.0351562 0.0361328
1 0.265625 0.451172 0.0390625 0.0351562 0.0375152
1 0.228516 0.388672 0.0898438 0.0664062 0.0377856
1 0.457031 0.892578 0.0742188 0.0664062 0.0379772
1 0.654297 0.161133 0.0546875 0.0566406 0.0390155
1 0.517578 0.133789 0.0351562 0.0371094 0.0403925
1 0.529297 0.989258 0.0585938 0.0214844 0.0432342
1 0.326172 0.209961 0.0820312 0.0761719 0.0435203
1 0.339844 0.912109 0.0507812 0.0390625 0.0436726
1 0.21582 0.194336 0.0917969 0.0839844 0.0443733
1 0.577148 0.15625 0.521484 0.0742188 0.0444507
1 0.40332 0.164062 0.435547 0.078125 0.0479361
1 0.889648 0.0419922 0.181641 0.0800781 0.0513062
1 0.768555 0.0107422 0.0292969 0.0214844 0.05182
1 0.538086 0.883789 0.0332031 0.0332031 0.0547855
1 0.231445 0.408203 0.0761719 0.0429688 0.055852
1 0.344727 0.745117 0.107422 0.0800781 0.0575188
1 0.330078 0.860352 0.117188 0.142578 0.0620858
1 0.333984 0.901367 0.0742188 0.0527344 0.0625626
1 0.226562 0.0136719 0.0507812 0.0273438 0.0649475
1 0.494141 0.90918 0.152344 0.119141 0.0701853
1 0.336914 0.871094 0.0683594 0.0429688 0.07098
1 0.628906 0.150391 0.136719 0.0820312 0.0735688
1 0.320312 0.567383 0.238281 0.220703 0.0760857
1 0.5625 0.155273 0.105469 0.0683594 0.0772753
1 0.821289 0.0302734 0.353516 0.0605469 0.0779025
1 0.457031 0.0439453 0.109375 0.0878906 0.0861756
1 0.532227 0.850586 0.0371094 0.0292969 0.0919902
1 0.484375 0.160156 0.144531 0.0742188 0.0920212
1 0.416016 0.166016 0.148438 0.0625 0.0981117
1 0.532227 0.15918 0.0566406 0.0605469 0.101584
1 0.762695 0.161133 0.306641 0.0761719 0.102325
1 0.557617 0.0283203 0.0683594 0.0527344 0.110625
4 0.863281 0.49707 0.183594 0.185547 0.114927
1 0.327148 0.870117 0.0996094 0.0683594 0.115852
1 0.744141 0.0166016 0.0234375 0.0253906 0.137182
1 0.456055 0.161133 0.0722656 0.0605469 0.138373
1 0.367188 0.97168 0.109375 0.0566406 0.141804
1 0.271484 0.344727 0.0820312 0.0722656 0.146223
1 0.251953 0.360352 0.132812 0.119141 0.177101
1 0.589844 0.150391 0.0585938 0.0664062 0.195142
1 0.842773 0.158203 0.146484 0.0859375 0.200073
1 0.683594 0.0185547 0.0664062 0.0371094 0.216623
1 0.208984 0.09375 0.113281 0.0859375 0.225452
1 0.515625 0.0478516 0.230469 0.0957031 0.234864
1 0.270508 0.198242 0.201172 0.103516 0.317656
1 0.458008 0.611328 0.0644531 0.0625 0.322377
1 0.699219 0.162109 0.140625 0.0664062 0.367778
