0 0.333984 0.797852 0.601562 0.400391 0.0225941
1 0.929688 0.927734 0.03125 0.03125 0.025694
0 0.355469 0.951172 0.578125 0.0976562 0.0285208
1 0.837891 0.836914 0.0429688 0.0449219 0.0288384
1 0.333984 0.520508 0.121094 0.0722656 0.0310381
1 0.0126953 0.177734 0.0253906 0.0429688 0.0324387
1 0.0175781 0.0947266 0.03125 0.0253906 0.0387352
1 0.288086 0.536133 0.0644531 0.0605469 0.0424247
1 0.448242 0.451172 0.0878906 0.0742188 0.0468641
1 0.00878906 0.0996094 0.0175781 0.0273438 0.0605745
1 0.0351562 0.210938 0.0234375 0.0273438 0.0608623
1 0.359375 0.50293 0.191406 0.123047 0.0654855
1 0.015625 0.154297 0.03125 0.0703125 0.067403
1 0.954102 0.537109 0.0253906 0.0390625 0.0755569
1 0.992188 0.739258 0.0117188 0.0332031 0.0787735
1 0.548828 0.43457 0.046875 0.0449219 0.082028
1 0.151367 0.262695 0.0332031 0.0371094 0.0972943
1 0.0166016 0.0126953 0.0332031 0.0253906 0.107745
1 0.00976562 0.145508 0.0195312 0.0488281 0.145609
1 0.985352 0.841797 0.0292969 0.0351562 0.214761
1 0.919922 0.866211 0.03125 0.0332031 0.218291
1 0.953125 0.856445 0.0234375 0.0332031 0.22966
1 0.921875 0.817383 0.0390625 0.0332031 0.239903
1 0.958984 0.46582 0.0273438 0.0292969 0.328951
1 0.987305 0.462891 0.0253906 0.0507812 0.344493
1 0.930664 0.750977 0.0332031 0.0371094 0.351781
1 0.0556641 0.267578 0.0410156 0.0390625 0.376299
1 0.893555 0.766602 0.0371094 0.0371094 0.477641
1 0.93457 0.490234 0.0410156 0.0390625 0.483974
1 0.921875 0.535156 0.0390625 0.0351562 0.588923
1 0.96875 0.741211 0.03125 0.0332031 0.621795
1 0.970703 0.536133 0.0507812 0.0449219 0.666938
