1 0.946289 0.421875 0.107422 0.132812 0.0204253
1 0.114258 0.71875 0.0566406 0.0742188 0.0216608
1 0.303711 0.0439453 0.0292969 0.0253906 0.0218973
1 0.416016 0.15918 0.0351562 0.0292969 0.0232922
1 0.111328 0.53418 0.0390625 0.0371094 0.0233093
1 0.454102 0.166992 0.0644531 0.0605469 0.0238294
1 0.864258 0.825195 0.271484 0.244141 0.0238617
1 0.755859 0.21875 0.0585938 0.0507812 0.0243304
1 0.980469 0.855469 0.03125 0.0273438 0.0246168
1 0.522461 0.204102 0.0371094 0.0332031 0.0257242
1 0.951172 0.393555 0.0859375 0.0722656 0.0261168
1 0.991211 0.0927734 0.0175781 0.0449219 0.0262921
1 0.907227 0.560547 0.181641 0.164062 0.0272898
1 0.81543 0.193359 0.0332031 0.0351562 0.0292068
1 0.0361328 0.197266 0.0292969 0.03125 0.0293928
1 0.986328 0.368164 0.0273438 0.0683594 0.0310201
1 0.689453 0.103516 0.03125 0.03125 0.0322388
1 0.0810547 0.205078 0.0488281 0.0390625 0.0324699
1 0.90918 0.19043 0.0527344 0.0527344 0.0336782
1 0.967773 0.0595703 0.0644531 0.119141 0.0342004
1 0.126953 0.143555 0.0507812 0.0527344 0.0344363
1 0.984375 0.0830078 0.03125 0.0488281 0.0345164
1 0.991211 0.818359 0.0175781 0.0390625 0.0357214
1 0.269531 0.0302734 0.0390625 0.0410156 0.0368327
1 0.34082 0.624023 0.0566406 0.0566406 0.0381026
1 0.0214844 0.65918 0.0390625 0.0644531 0.0385211
1 0.757812 0.90918 0.0390625 0.0488281 0.0400741
1 0.542969 0.524414 0.0195312 0.0214844 0.0406906
1 0.989258 0.789062 0.0214844 0.078125 0.0428007
1 0.203125 0.539062 0.0390625 0.0351562 0.0431707
1 0.963867 0.0253906 0.0722656 0.0507812 0.0471929
1 0.78125 0.40918 0.101562 0.0605469 0.0484813
1 0.0810547 0.728516 0.0683594 0.0585938 0.0509715
1 0.556641 0.179688 0.0585938 0.046875 0.0517221
1 0.193359 0.619141 0.0351562 0.0429688 0.0533431
1 0.404297 0.142578 0.046875 0.0429688 0.0556848
1 0.925781 0.40625 0.0976562 0.0703125 0.0581488
1 0.148438 0.609375 0.046875 0.0390625 0.0593522
1 0.987305 0.345703 0.0253906 0.0429688 0.0608792
1 0.797852 0.587891 0.0878906 0.105469 0.0666796
1 0.925781 0.476562 0.148438 0.304688 0.0695179
1 0.640625 0.0722656 0.0546875 0.046875 0.0867564
1 0.235352 0.414062 0.0371094 0.0390625 0.0957412
1 0.102539 0.500977 0.0722656 0.0605469 0.0982931
1 0.658203 0.490234 0.0585938 0.0507812 0.0992832
1 0.00976562 0.0107422 0.0195312 0.0214844 0.101354
1 0.666992 0.106445 0.0683594 0.0488281 0.102242
1 0.753906 0.405273 0.046875 0.0488281 0.102717
1 0.881836 0.116211 0.0527344 0.0449219 0.105007
1 0.381836 0.141602 0.0683594 0.0410156 0.113265
1 0.832031 0.864258 0.160156 0.146484 0.116455
1 0.135742 0.117188 0.0410156 0.0390625 0.121434
1 0.985352 0.245117 0.0292969 0.0449219 0.122293
1 0.584961 0.550781 0.0292969 0.0273438 0.135229
1 0.367188 0.145508 0.0390625 0.0292969 0.148184
1 0.693359 0.925781 0.0507812 0.0585938 0.159189
1 0.333008 0.615234 0.0371094 0.0351562 0.166913
1 0.750977 0.910156 0.0332031 0.03125 0.195783
1 0.0957031 0.470703 0.0859375 0.125 0.196128
1 0.0791016 0.44043 0.0683594 0.0566406 0.214281
1 0.0888672 0.726562 0.103516 0.0898438 0.230249
1 0.578125 0.517578 0.0273438 0.0195312 0.240293
1 0.304688 0.170898 0.0546875 0.0449219 0.243848
1 0.658203 0.0888672 0.0859375 0.0761719 0.269491
1 0.463867 0.15332 0.0449219 0.0410156 0.277577
1 0.0859375 0.22168 0.046875 0.0371094 0.281894
1 0.939453 0.1875 0.0859375 0.0585938 0.313207
1 0.78125 0.203125 0.0898438 0.0664062 0.321877
1 0.229492 0.0478516 0.0449219 0.0292969 0.35193
1 0.0693359 0.183594 0.0410156 0.0390625 0.373037
1 0.169922 0.612305 0.0703125 0.0527344 0.400415
1 0.0205078 0.375 0.0410156 0.0625 0.402513
1 0.339844 0.431641 0.046875 0.0390625 0.41629
1 0.393555 0.0517578 0.0371094 0.0371094 0.447782
1 0.0205078 0.635742 0.0410156 0.0683594 0.46428
1 0.875977 0.339844 0.0410156 0.0429688 0.467856
1 0.283203 0.0234375 0.0585938 0.046875 0.510841
1 0.116211 0.154297 0.0449219 0.0351562 0.516291
1 0.498047 0.0400391 0.0429688 0.0371094 0.541132
1 0.204102 0.0849609 0.0371094 0.0371094 0.548858
1 0.25293 0.209961 0.0371094 0.0371094 0.584227
1 0.0263672 0.204102 0.0410156 0.0332031 0.587627
