1 0.893555 0.0107422 0.0527344 0.0214844 0.0208595
1 0.816406 0.162109 0.03125 0.03125 0.0216242
1 0.197266 0.699219 0.03125 0.03125 0.0220773
1 0.973633 0.0341797 0.0527344 0.0683594 0.0221986
0 0.494141 0.610352 0.984375 0.763672 0.0232698
1 0.109375 0.75293 0.0195312 0.0214844 0.0270534
1 0.892578 0.0966797 0.171875 0.173828 0.0530619
2 0.665039 0.811523 0.0800781 0.0683594 0.0550793
1 0.663086 0.0302734 0.271484 0.0605469 0.0715509
1 0.75293 0.265625 0.0566406 0.0351562 0.105552
1 0.162109 0.0244141 0.113281 0.0488281 0.166241
2 0.668945 0.811523 0.0488281 0.0488281 0.503915
