1 0.290039 0.0214844 0.0292969 0.0351562 0.0200478
1 0.162109 0.492188 0.0351562 0.03125 0.0207413
1 0.0078125 0.439453 0.015625 0.0507812 0.0213321
1 0.255859 0.478516 0.0234375 0.0195312 0.0217814
1 0.666992 0.758789 0.0253906 0.0292969 0.0218383
1 0.0810547 0.495117 0.0566406 0.0488281 0.0223282
1 0.285156 0.490234 0.015625 0.0195312 0.0232954
1 0.126953 0.493164 0.0195312 0.0292969 0.0235189
1 0.676758 0.766602 0.0332031 0.0488281 0.023553
1 0.505859 0.0175781 0.148438 0.0351562 0.024212
1 0.324219 0.457031 0.046875 0.0546875 0.0265317
1 0.196289 0.485352 0.0527344 0.0371094 0.0282841
0 0.530273 0.630859 0.107422 0.105469 0.0296112
1 0.972656 0.269531 0.0546875 0.226562 0.0321756
1 0.276367 0.455078 0.111328 0.078125 0.0333618
1 0.961914 0.703125 0.0332031 0.0390625 0.0344352
1 0.24707 0.449219 0.0644531 0.0585938 0.0356725
4 0.5 0.845703 0.277344 0.308594 0.0361634
4 0.52832 0.637695 0.0878906 0.0917969 0.0387465
1 0.259766 0.488281 0.0234375 0.0234375 0.038993
4 0.183594 0.789062 0.359375 0.421875 0.0391028
4 0.625 0.981445 0.0625 0.0371094 0.0395996
1 0.677734 0.759766 0.0234375 0.0234375 0.0397507
1 0.672852 0.00878906 0.0449219 0.0175781 0.0415771
1 0.0771484 0.479492 0.0371094 0.0253906 0.0434395
1 0.980469 0.200195 0.0390625 0.0488281 0.0440431
4 0.507812 0.202148 0.355469 0.216797 0.0494059
1 0.0371094 0.492188 0.0234375 0.0273438 0.0495326
1 0.100586 0.481445 0.0175781 0.0214844 0.050022
1 0.384766 0.0371094 0.0273438 0.0234375 0.0555267
1 0.179688 0.490234 0.0234375 0.0273438 0.0629738
1 0.990234 0.333008 0.0195312 0.0566406 0.0759113
1 0.303711 0.454102 0.0488281 0.0488281 0.0762121
1 0.0712891 0.498047 0.0371094 0.0351562 0.0790493
1 0.208984 0.489258 0.0273438 0.0253906 0.0791428
1 0.118164 0.490234 0.0253906 0.0273438 0.0865724
1 0.0664062 0.505859 0.03125 0.0273438 0.0873197
1 0.0800781 0.454102 0.0390625 0.0332031 0.113684
1 0.974609 0.233398 0.0507812 0.103516 0.143744
1 0.553711 0.00878906 0.0488281 0.0175781 0.158433
1 0.21875 0.445312 0.117188 0.0703125 0.220297
1 0.475586 0.0146484 0.0644531 0.0292969 0.222628
1 0.15332 0.492188 0.0253906 0.0273438 0.446645
