1 0.311523 0.642578 0.0527344 0.0429688 0.022134
3 0.526367 0.0605469 0.552734 0.121094 0.0224194
1 0.129883 0.623047 0.0644531 0.046875 0.0237051
1 0.271484 0.866211 0.0390625 0.0410156 0.0243527
1 0.273438 0.833984 0.0625 0.0664062 0.0288866
1 0.348633 0.977539 0.0253906 0.0253906 0.0292977
1 0.0107422 0.640625 0.0214844 0.0390625 0.0302483
1 0.299805 0.859375 0.0410156 0.0390625 0.0368687
3 0.783203 0.0771484 0.394531 0.154297 0.0374984
1 0.207031 0.0332031 0.0703125 0.0664062 0.0394992
1 0.282227 0.87793 0.0214844 0.0214844 0.0421492
1 0.282227 0.856445 0.0839844 0.0605469 0.056402
3 0.785156 0.0244141 0.402344 0.0488281 0.0571458
1 0.0234375 0.837891 0.046875 0.0429688 0.0592393
1 0.117188 0.619141 0.0351562 0.0273438 0.060306
1 0.0107422 0.839844 0.0214844 0.0390625 0.0624458
1 0.264648 0.810547 0.0410156 0.0351562 0.0643583
1 0.282227 0.833984 0.0996094 0.128906 0.293373
3 0.686523 0.0185547 0.197266 0.0371094 0.325542
1 0.262695 0.637695 0.0527344 0.0410156 0.410338
3 0.404297 0.0488281 0.300781 0.0976562 0.417915
1 0.316406 0.649414 0.0351562 0.0292969 0.444023
1 0.332031 0.734375 0.0429688 0.0429688 0.47612
1 0.319336 0.692383 0.0371094 0.0332031 0.517339
