1 0.839844 0.576172 0.0507812 0.0625 0.021199
1 0.0175781 0.879883 0.0351562 0.0332031 0.0217265
1 0.926758 0.138672 0.0371094 0.0234375 0.0220298
1 0.59668 0.25293 0.0410156 0.0332031 0.0234256
1 0.763672 0.280273 0.0429688 0.0449219 0.0245641
1 0.314453 0.0976562 0.03125 0.0390625 0.0264291
1 0.839844 0.634766 0.0351562 0.0351562 0.030821
1 0.93457 0.164062 0.0410156 0.0273438 0.0317644
1 0.737305 0.328125 0.0332031 0.0234375 0.0328895
1 0.861328 0.610352 0.101562 0.0957031 0.0341199
1 0.946289 0.188477 0.0488281 0.0410156 0.0355173
1 0.861328 0.555664 0.0234375 0.0410156 0.0393524
1 0.824219 0.303711 0.0273438 0.0371094 0.0406582
1 0.662109 0.21875 0.0585938 0.046875 0.048193
1 0.833008 0.609375 0.0371094 0.0390625 0.0523259
1 0.975586 0.237305 0.0488281 0.0644531 0.0525878
1 0.748047 0.288086 0.0625 0.0566406 0.0546507
1 0.953125 0.594727 0.078125 0.0527344 0.0566226
1 0.990234 0.264648 0.0195312 0.0332031 0.0573595
1 0.779297 0.53418 0.03125 0.0253906 0.0591458
1 0.608398 0.24707 0.0488281 0.0410156 0.0697976
1 0.945312 0.175781 0.0625 0.0507812 0.0724982
1 0.637695 0.230469 0.0996094 0.0703125 0.0908775
1 0.939453 0.614258 0.0507812 0.0410156 0.0921952
1 0.880859 0.619141 0.0585938 0.0742188 0.0963685
1 0.959961 0.573242 0.0800781 0.0683594 0.0987339
1 0.987305 0.563477 0.0253906 0.0566406 0.105575
1 0.885742 0.599609 0.0410156 0.0390625 0.105651
1 0.922852 0.130859 0.0371094 0.0273438 0.114557
1 0.871094 0.640625 0.0742188 0.046875 0.117065
1 0.914062 0.547852 0.0195312 0.0332031 0.125247
1 0.988281 0.213867 0.0234375 0.0253906 0.161696
1 0.894531 0.519531 0.03125 0.0234375 0.203368
1 0.911133 0.0898438 0.0410156 0.0351562 0.203602
1 0.988281 0.243164 0.0234375 0.0449219 0.248288
1 0.827148 0.59082 0.0410156 0.0449219 0.250847
1 0.733398 0.299805 0.0527344 0.0566406 0.285377
1 0.772461 0.339844 0.0332031 0.03125 0.384088
1 0.850586 0.560547 0.0292969 0.03125 0.461102
1 0.952148 0.543945 0.0410156 0.0371094 0.570507
1 0.887695 0.550781 0.0332031 0.0351562 0.687165
