5 0.453125 0.192383 0.0390625 0.0410156 0.0207935
1 0.326172 0.407227 0.0898438 0.0566406 0.0216097
1 0.0498047 0.549805 0.0371094 0.0410156 0.0219091
1 0.154297 0.354492 0.0742188 0.0605469 0.0219328
1 0.185547 0.761719 0.105469 0.0742188 0.0220373
1 0.0107422 0.789062 0.0214844 0.105469 0.0224786
1 0.224609 0.0166016 0.0703125 0.0332031 0.0240082
1 0.200195 0.847656 0.0722656 0.0742188 0.025256
1 0.0214844 0.223633 0.0429688 0.130859 0.0259558
1 0.414062 0.200195 0.0390625 0.0410156 0.027483
1 0.519531 0.608398 0.0742188 0.0957031 0.0277252
1 0.148438 0.436523 0.0507812 0.0449219 0.0282371
1 0.162109 0.667969 0.0859375 0.0703125 0.0284466
1 0.160156 0.541016 0.0625 0.0585938 0.0288935
1 0.339844 0.414062 0.0351562 0.0351562 0.0297403
1 0.135742 0.229492 0.0644531 0.0644531 0.0305495
1 0.00976562 0.767578 0.0195312 0.0507812 0.0313372
1 0.353516 0.408203 0.0546875 0.046875 0.031443
1 0.15332 0.385742 0.0644531 0.0449219 0.0323352
5 0.71875 0.708008 0.0859375 0.0683594 0.0332402
1 0.336914 0.392578 0.0292969 0.0234375 0.0339915
1 0.145508 0.369141 0.103516 0.175781 0.0340672
1 0.160156 0.706055 0.160156 0.0839844 0.0419122
1 0.150391 0.322266 0.078125 0.0664062 0.0431218
1 0.132812 0.239258 0.046875 0.0371094 0.0433516
1 0.773438 0.0185547 0.0703125 0.0371094 0.0443142
1 0.413086 0.417969 0.0488281 0.046875 0.0505657
1 0.146484 0.423828 0.078125 0.0703125 0.0571151
1 0.125977 0.144531 0.0605469 0.09375 0.0602417
1 0.015625 0.161133 0.03125 0.0644531 0.0628791
1 0.367188 0.401367 0.0273438 0.0292969 0.0651666
1 0.361328 0.862305 0.0859375 0.0957031 0.06559
1 0.0185547 0.15625 0.0371094 0.117188 0.0687186
1 0.841797 0.349609 0.0585938 0.0664062 0.0813666
1 0.0576172 0.545898 0.103516 0.0761719 0.0828879
1 0.146484 0.388672 0.0898438 0.078125 0.0881261
1 0.351562 0.691406 0.0585938 0.0546875 0.0915764
1 0.177734 0.667969 0.125 0.121094 0.0966063
1 0.487305 0.604492 0.130859 0.123047 0.101834
1 0.0195312 0.194336 0.0390625 0.0566406 0.114555
1 0.0136719 0.121094 0.0273438 0.125 0.117868
1 0.240234 0.0322266 0.113281 0.0644531 0.13596
1 0.135742 0.110352 0.0292969 0.0292969 0.142797
1 0.165039 0.738281 0.150391 0.300781 0.143958
1 0.324219 0.472656 0.105469 0.0820312 0.157364
1 0.0185547 0.262695 0.0371094 0.0410156 0.180208
1 0.103516 0.126953 0.0742188 0.0546875 0.185207
1 0.145508 0.207031 0.0410156 0.0390625 0.204287
1 0.00976562 0.0976562 0.0195312 0.078125 0.20981
1 0.15625 0.299805 0.0742188 0.0605469 0.24291
1 0.128906 0.169922 0.0429688 0.0351562 0.34963
1 0.183594 0.823242 0.109375 0.130859 0.403403
