1 0.681641 0.859375 0.0429688 0.0429688 0.0220954
1 0.18457 0.944336 0.0605469 0.0605469 0.0233261
1 0.0673828 0.992188 0.0410156 0.015625 0.0237463
1 0.737305 0.964844 0.0371094 0.0351562 0.0244851
3 0.584961 0.625977 0.154297 0.0449219 0.0248547
3 0.510742 0.476562 0.0214844 0.0234375 0.0251385
1 0.822266 0.986328 0.0273438 0.0273438 0.0253302
1 0.771484 0.876953 0.0585938 0.046875 0.025701
1 0.755859 0.963867 0.0351562 0.0332031 0.0270588
1 0.743164 0.841797 0.0410156 0.0351562 0.0290582
1 0.744141 0.962891 0.113281 0.0742188 0.0290862
1 0.755859 0.869141 0.0546875 0.046875 0.0311315
1 0.973633 0.583008 0.0488281 0.0292969 0.0334584
1 0.768555 0.947266 0.0605469 0.0742188 0.0341209
1 0.121094 0.950195 0.0429688 0.0449219 0.0353156
1 0.764648 0.942383 0.0371094 0.0371094 0.0388744
1 0.733398 0.850586 0.0800781 0.0566406 0.0405903
1 0.961914 0.582031 0.0253906 0.0234375 0.042199
3 0.294922 0.651367 0.03125 0.0292969 0.0441979
1 0.761719 0.927734 0.0351562 0.03125 0.0454241
3 0.171875 0.661133 0.0898438 0.0410156 0.0538852
1 0.757812 0.986328 0.0742188 0.0273438 0.0547155
1 0.757812 0.881836 0.0273438 0.0253906 0.0549194
1 0.214844 0.931641 0.324219 0.105469 0.0553984
1 0.875977 0.241211 0.0488281 0.0488281 0.10312
1 0.77832 0.984375 0.0332031 0.03125 0.106325
1 0.100586 0.938477 0.0996094 0.0800781 0.201587
