1 0.463867 0.938477 0.0292969 0.0214844 0.0242716
1 0.647461 0.155273 0.0292969 0.0292969 0.0252528
1 0.980469 0.0146484 0.0390625 0.0292969 0.0287538
1 0.133789 0.15332 0.0371094 0.0292969 0.0290499
1 0.985352 0.0712891 0.0292969 0.0527344 0.0294361
0 0.291992 0.75293 0.525391 0.0878906 0.0379575
1 0.665039 0.941406 0.0566406 0.0429688 0.0395247
1 0.600586 0.921875 0.0253906 0.0234375 0.0399046
1 0.625977 0.0917969 0.0253906 0.0234375 0.0432353
1 0.786133 0.913086 0.0253906 0.0253906 0.0434978
1 0.49707 0.935547 0.0371094 0.03125 0.044775
1 0.655273 0.166992 0.0449219 0.0605469 0.0463374
1 0.425781 0.9375 0.0351562 0.0195312 0.0472452
1 0.691406 0.931641 0.0351562 0.0273438 0.0474719
1 0.655273 0.175781 0.0292969 0.03125 0.0643649
1 0.353516 0.979492 0.0234375 0.0292969 0.0729768
1 0.378906 0.975586 0.0585938 0.0371094 0.0729818
1 0.362305 0.983398 0.119141 0.0332031 0.0758694
1 0.713867 0.926758 0.0253906 0.0253906 0.0765531
1 0.676758 0.933594 0.0410156 0.0273438 0.0842332
1 0.728516 0.922852 0.0585938 0.0371094 0.0891738
1 0.767578 0.916992 0.0429688 0.0332031 0.0911172
1 0.980469 0.0517578 0.0390625 0.103516 0.115592
1 0.737305 0.924805 0.0332031 0.0292969 0.122192
1 0.378906 0.975586 0.0273438 0.0292969 0.125002
1 0.727539 0.923828 0.119141 0.046875 0.149725
1 0.56543 0.922852 0.0332031 0.0253906 0.165214
1 0.254883 0.988281 0.0332031 0.0234375 0.171227
1 0.370117 0.978516 0.0253906 0.0273438 0.220302
1 0.27832 0.988281 0.0292969 0.0234375 0.28109
1 0.325195 0.982422 0.0410156 0.03125 0.28619
1 0.401367 0.97168 0.0332031 0.0292969 0.330589
1 0.845703 0.908203 0.0585938 0.046875 0.511273
