1 0.416016 0.771484 0.0351562 0.0273438 0.0224871
1 0.429688 0.790039 0.0351562 0.0332031 0.0244553
0 0.869141 0.904297 0.222656 0.191406 0.0261021
1 0.435547 0.805664 0.0390625 0.0332031 0.0272481
0 0.608398 0.733398 0.146484 0.185547 0.0279945
1 0.431641 0.926758 0.0546875 0.0488281 0.0297954
1 0.983398 0.243164 0.0332031 0.0371094 0.0311852
1 0.433594 0.919922 0.0390625 0.03125 0.0487468
1 0.417969 0.751953 0.0546875 0.0625 0.0503025
1 0.925781 0.651367 0.078125 0.0449219 0.0607421
1 0.626953 0.743164 0.0351562 0.0371094 0.0663458
1 0.413086 0.745117 0.0371094 0.0332031 0.0783765
1 0.44043 0.976562 0.0488281 0.0429688 0.120493
3 0.705078 0.806641 0.109375 0.105469 0.16556
1 0.804688 0.538086 0.0664062 0.0644531 0.205977
1 0.436523 0.952148 0.0605469 0.0878906 0.320266
