1 0.84082 0.336914 0.0410156 0.0371094 0.0224883
1 0.920898 0.960938 0.0410156 0.0429688 0.0234215
1 0.797852 0.423828 0.0449219 0.0625 0.0252296
1 0.901367 0.838867 0.0332031 0.0292969 0.0370053
1 0.866211 0.453125 0.0527344 0.0703125 0.0719486
5 0.630859 0.626953 0.0351562 0.0351562 0.105261
1 0.857422 0.458008 0.0351562 0.0253906 0.115602
1 0.894531 0.783203 0.046875 0.0585938 0.144647
1 0.244141 0.0185547 0.0507812 0.0371094 0.199781
1 0.871094 0.462891 0.0390625 0.0273438 0.346059
1 0.900391 0.87793 0.0351562 0.0371094 0.432734
1 0.867188 0.431641 0.0507812 0.0351562 0.434397
1 0.847656 0.388672 0.046875 0.0429688 0.47858
1 0.869141 0.508789 0.0507812 0.0488281 0.528617
