5 0.979492 0.34668 0.0371094 0.0410156 0.0236633
5 0.832031 0.321289 0.0429688 0.0371094 0.0260885
3 0.811523 0.272461 0.0800781 0.0761719 0.029648
4 0.833008 0.443359 0.330078 0.234375 0.0305213
0 0.87793 0.078125 0.244141 0.15625 0.0427016
3 0.324219 0.584961 0.078125 0.111328 0.0485726
5 0.529297 0.238281 0.0273438 0.0234375 0.0561609
3 0.485352 0.166992 0.169922 0.0878906 0.0694939
5 0.55957 0.262695 0.0253906 0.0253906 0.0813392
5 0.544922 0.185547 0.03125 0.0351562 0.114087
3 0.433594 0.201172 0.0546875 0.0429688 0.168127
3 0.448242 0.181641 0.0917969 0.0898438 0.181013
