1 0.550781 0.476562 0.0546875 0.0546875 0.0207691
1 0.548828 0.285156 0.0273438 0.0234375 0.0207838
1 0.639648 0.361328 0.0527344 0.0546875 0.0209428
1 0.636719 0.228516 0.0351562 0.03125 0.0211557
3 0.0712891 0.620117 0.138672 0.0410156 0.0214541
1 0.477539 0.316406 0.0292969 0.0195312 0.0221007
1 0.555664 0.34375 0.0761719 0.0546875 0.0229832
1 0.443359 0.290039 0.0351562 0.0332031 0.0233367
1 0.546875 0.335938 0.0390625 0.0351562 0.0264762
1 0.826172 0.34082 0.03125 0.0292969 0.0273426
1 0.458984 0.412109 0.0351562 0.03125 0.0279536
1 0.399414 0.320312 0.0527344 0.046875 0.028756
1 0.414062 0.240234 0.078125 0.0703125 0.0287897
1 0.487305 0.495117 0.107422 0.0800781 0.0309897
1 0.681641 0.415039 0.0585938 0.162109 0.0317184
1 0.524414 0.503906 0.0488281 0.046875 0.0358559
1 0.678711 0.275391 0.0683594 0.0742188 0.0360307
1 0.0136719 0.3125 0.0273438 0.0859375 0.0405244
5 0.285156 0.292969 0.0390625 0.0390625 0.0414923
1 0.682617 0.273438 0.0488281 0.0429688 0.0433206
1 0.404297 0.456055 0.0585938 0.0566406 0.0447266
1 0.671875 0.233398 0.0625 0.0605469 0.0462229
1 0.678711 0.258789 0.0488281 0.0371094 0.0480937
1 0.685547 0.433594 0.0351562 0.03125 0.0564683
1 0.395508 0.262695 0.0644531 0.0410156 0.0576427
1 0.484375 0.225586 0.0273438 0.0253906 0.0581871
1 0.683594 0.295898 0.046875 0.0449219 0.0601609
1 0.472656 0.181641 0.0390625 0.03125 0.062327
1 0.285156 0.292969 0.0351562 0.0351562 0.0691456
1 0.410156 0.416016 0.0546875 0.0429688 0.0852025
1 0.513672 0.429688 0.0429688 0.046875 0.0944725
1 0.479492 0.292969 0.0292969 0.0273438 0.102983
1 0.358398 0.357422 0.0371094 0.0351562 0.10684
1 0.62207 0.356445 0.0449219 0.0449219 0.108731
1 0.401367 0.475586 0.0449219 0.0410156 0.111094
1 0.46582 0.483398 0.0683594 0.0683594 0.115578
1 0.542969 0.490234 0.078125 0.0742188 0.120265
1 0.507812 0.838867 0.0664062 0.0644531 0.124132
1 0.552734 0.193359 0.0585938 0.0429688 0.124343
1 0.685547 0.454102 0.0507812 0.0566406 0.136357
5 0.652344 0.916016 0.0507812 0.046875 0.14058
1 0.663086 0.213867 0.0761719 0.0683594 0.186039
1 0.519531 0.761719 0.0625 0.0507812 0.219971
1 0.682617 0.370117 0.0527344 0.0527344 0.234339
1 0.421875 0.228516 0.0546875 0.0429688 0.267665
5 0.600586 0.94043 0.0605469 0.0566406 0.305934
1 0.47168 0.362305 0.0371094 0.0410156 0.308865
1 0.564453 0.560547 0.0664062 0.0585938 0.315408
1 0.533203 0.193359 0.0351562 0.0429688 0.321033
1 0.412109 0.364258 0.0546875 0.0410156 0.327102
1 0.397461 0.307617 0.0761719 0.0644531 0.334654
1 0.397461 0.128906 0.0410156 0.0390625 0.362421
1 0.432617 0.820312 0.0527344 0.0429688 0.474761
3 0.0722656 0.710938 0.144531 0.183594 0.483055
1 0.47168 0.136719 0.0449219 0.0429688 0.521683
1 0.569336 0.196289 0.0332031 0.0371094 0.522035
1 0.605469 0.192383 0.0273438 0.0292969 0.529528
1 0.584961 0.12793 0.0566406 0.0488281 0.565227
1 0.405273 0.185547 0.0644531 0.0507812 0.586635
