1 0.90918 0.722656 0.0761719 0.0625 0.0234608
1 0.908203 0.631836 0.167969 0.236328 0.024038
1 0.881836 0.825195 0.0683594 0.0527344 0.0321552
1 0.938477 0.271484 0.0410156 0.0507812 0.0346637
1 0.881836 0.950195 0.0410156 0.0371094 0.0388497
1 0.878906 0.901367 0.0664062 0.0878906 0.0426532
1 0.851562 0.929688 0.03125 0.0351562 0.0496625
1 0.880859 0.93457 0.0429688 0.0292969 0.0518519
5 0.974609 0.964844 0.0429688 0.046875 0.0580327
1 0.886719 0.869141 0.0351562 0.03125 0.0728807
1 0.880859 0.896484 0.0507812 0.0507812 0.18541
3 0.0615234 0.333008 0.123047 0.177734 0.204394
1 0.879883 0.96582 0.0371094 0.0332031 0.239611
1 0.859375 0.254883 0.121094 0.111328 0.415661
