1 0.889648 0.337891 0.197266 0.273438 0.0208782
1 0.966797 0.433594 0.0664062 0.160156 0.0231115
1 0.357422 0.175781 0.0703125 0.0664062 0.0258541
1 0.785156 0.124023 0.253906 0.244141 0.0263603
1 0.0253906 0.231445 0.0507812 0.0800781 0.0263777
1 0.177734 0.217773 0.078125 0.0761719 0.0339268
1 0.0195312 0.232422 0.0390625 0.046875 0.0344409
1 0.244141 0.212891 0.0585938 0.0585938 0.0356562
1 0.950195 0.234375 0.0605469 0.0546875 0.0364846
1 0.954102 0.478516 0.0917969 0.105469 0.036568
1 0.892578 0.46875 0.148438 0.113281 0.0375497
0 0.411133 0.874023 0.431641 0.251953 0.0388691
1 0.0195312 0.285156 0.0390625 0.0625 0.0423836
1 0.148438 0.237305 0.0703125 0.0644531 0.0438161
1 0.755859 0.0380859 0.15625 0.0761719 0.0485217
1 0.137695 0.232422 0.123047 0.0820312 0.0516805
1 0.793945 0.392578 0.0878906 0.0703125 0.0536
1 0.808594 0.4375 0.105469 0.144531 0.0563229
1 0.0205078 0.257812 0.0410156 0.078125 0.0606285
1 0.887695 0.352539 0.0839844 0.0683594 0.0670751
1 0.974609 0.116211 0.0507812 0.0566406 0.0972366
1 0.791016 0.0654297 0.21875 0.130859 0.111998
1 0.981445 0.472656 0.0371094 0.0703125 0.130516
1 0.905273 0.277344 0.154297 0.117188 0.134315
1 0.96875 0.046875 0.0625 0.0898438 0.164107
1 0.848633 0.188477 0.123047 0.107422 0.217242
1 0.863281 0.43457 0.210938 0.189453 0.238552
0 0.594727 0.84375 0.802734 0.3125 0.305986
