1 0.173828 0.0292969 0.0976562 0.0585938 0.0219122
1 0.707031 0.185547 0.0546875 0.109375 0.0245372
1 0.751953 0.313477 0.0429688 0.0410156 0.024794
1 0.958984 0.879883 0.0664062 0.126953 0.0255525
1 0.720703 0.21582 0.0546875 0.0761719 0.0257883
1 0.172852 0.0429688 0.251953 0.0859375 0.0271239
1 0.848633 0.576172 0.0605469 0.0742188 0.0275657
1 0.981445 0.0234375 0.0371094 0.046875 0.028423
1 0.755859 0.322266 0.03125 0.0273438 0.0292485
1 0.964844 0.904297 0.0351562 0.03125 0.0300614
1 0.787109 0.416992 0.046875 0.0332031 0.0315975
1 0.787109 0.392578 0.0546875 0.0429688 0.0354259
1 0.157227 0.015625 0.0644531 0.03125 0.044442
1 0.744141 0.28125 0.046875 0.0742188 0.0500189
2 0.467773 0.0332031 0.0917969 0.0664062 0.0523431
1 0.100586 0.121094 0.0878906 0.0625 0.0572418
1 0.761719 0.34082 0.0390625 0.0371094 0.0587571
1 0.820312 0.595703 0.0234375 0.0234375 0.0594371
5 0.163086 0.147461 0.0878906 0.0800781 0.0625939
1 0.767578 0.352539 0.0507812 0.0449219 0.0653074
1 0.192383 0.0214844 0.189453 0.0429688 0.0654097
1 0.466797 0.0322266 0.0898438 0.0644531 0.0661661
1 0.245117 0.0126953 0.0996094 0.0253906 0.0662722
1 0.792969 0.432617 0.0390625 0.0332031 0.0826633
1 0.72168 0.21582 0.0449219 0.0410156 0.0829932
1 0.708984 0.192383 0.0429688 0.0527344 0.083637
1 0.831055 0.524414 0.0371094 0.0410156 0.124089
1 0.956055 0.864258 0.0488281 0.0644531 0.126198
1 0.0263672 0.333008 0.0527344 0.103516 0.12727
1 0.162109 0.147461 0.0898438 0.0800781 0.140991
1 0.09375 0.12207 0.0585938 0.0410156 0.145413
1 0.961914 0.883789 0.0332031 0.0292969 0.146139
1 0.774414 0.383789 0.0566406 0.0449219 0.147642
1 0.209961 0.0214844 0.0761719 0.0429688 0.150628
1 0.749023 0.303711 0.0332031 0.0292969 0.153908
1 0.918945 0.775391 0.0332031 0.0273438 0.156092
1 0.0195312 0.314453 0.0390625 0.0429688 0.169378
1 0.109375 0.119141 0.0234375 0.0273438 0.180519
1 0.695312 0.144531 0.0351562 0.0273438 0.217431
1 0.802734 0.456055 0.0429688 0.0410156 0.23758
1 0.0263672 0.359375 0.0488281 0.0429688 0.243864
1 0.826172 0.513672 0.03125 0.0234375 0.25236
1 0.0810547 0.123047 0.0332031 0.03125 0.262738
1 0.947266 0.850586 0.0429688 0.0449219 0.280659
1 0.898438 0.717773 0.0390625 0.0332031 0.292527
1 0.775391 0.37207 0.0703125 0.0839844 0.297713
1 0.729492 0.226562 0.0292969 0.0234375 0.303555
1 0.69043 0.131836 0.0410156 0.0488281 0.32991
1 0.707031 0.182617 0.03125 0.0292969 0.336438
1 0.876953 0.640625 0.0429688 0.0351562 0.366598
1 0.835938 0.538086 0.03125 0.0253906 0.372553
1 0.844727 0.569336 0.0410156 0.0410156 0.424559
1 0.81543 0.488281 0.0371094 0.0273438 0.465617
1 0.736328 0.265625 0.0390625 0.0390625 0.47462
1 0.978516 0.926758 0.0429688 0.0449219 0.49197
1 0.886719 0.678711 0.0351562 0.0332031 0.492775
1 0.0927734 0.0537109 0.0917969 0.0761719 0.493773
1 0.716797 0.207031 0.0273438 0.0234375 0.495863
1 0.242188 0.0673828 0.0429688 0.0410156 0.497914
1 0.908203 0.754883 0.0390625 0.0332031 0.533403
