1 0.0517578 0.0273438 0.0292969 0.03125 0.0214835
1 0.479492 0.988281 0.0449219 0.0234375 0.0237408
4 0.0419922 0.923828 0.0839844 0.152344 0.0241849
1 0.552734 0.884766 0.0429688 0.0390625 0.0279602
5 0.873047 0.430664 0.0859375 0.0839844 0.0303256
4 0.723633 0.117188 0.142578 0.140625 0.0316683
1 0.458008 0.642578 0.0527344 0.0976562 0.0367684
1 0.537109 0.90332 0.132812 0.119141 0.0378129
0 0.72168 0.598633 0.548828 0.794922 0.0435566
0 0.703125 0.859375 0.582031 0.277344 0.0436976
2 0.975586 0.352539 0.0488281 0.103516 0.046305
1 0.59375 0.34082 0.0625 0.0527344 0.0485625
1 0.462891 0.666992 0.0351562 0.0332031 0.049273
1 0.430664 0.03125 0.0371094 0.0351562 0.0496526
2 0.946289 0.549805 0.0527344 0.0527344 0.0527277
1 0.290039 0.930664 0.0488281 0.0449219 0.0853753
1 0.47168 0.0224609 0.0371094 0.0371094 0.134342
1 0.458008 0.613281 0.0410156 0.0351562 0.173694
2 0.875977 0.435547 0.0722656 0.0859375 0.19654
1 0.526367 0.886719 0.0996094 0.0703125 0.226049
2 0.944336 0.547852 0.0800781 0.0800781 0.247401
1 0.510742 0.982422 0.0449219 0.0351562 0.342711
5 0.901367 0.491211 0.0371094 0.0371094 0.352913
1 0.489258 0.757812 0.0761719 0.078125 0.395678
