1 0.713867 0.0683594 0.365234 0.136719 0.0222611
1 0.986328 0.87793 0.0273438 0.0371094 0.0255124
5 0.305664 0.716797 0.0292969 0.0351562 0.0284021
1 0.981445 0.899414 0.0371094 0.0957031 0.0293525
1 0.985352 0.917969 0.0292969 0.046875 0.0338817
1 0.980469 0.130859 0.0390625 0.0585938 0.0375133
1 0.132812 0.476562 0.0625 0.046875 0.0408781
1 0.398438 0.15332 0.234375 0.251953 0.048432
1 0.980469 0.0458984 0.0390625 0.0839844 0.0501037
1 0.930664 0.438477 0.134766 0.130859 0.0516415
1 0.475586 0.0478516 0.0605469 0.0722656 0.0540394
1 0.990234 0.966797 0.0195312 0.0429688 0.0795859
1 0.950195 0.0527344 0.0488281 0.0625 0.0804425
1 0.984375 0.964844 0.03125 0.0585938 0.0809194
5 0.267578 0.819336 0.046875 0.0449219 0.0870502
5 0.291016 0.868164 0.0429688 0.0410156 0.232985
