1 0.930664 0.0302734 0.138672 0.0605469 0.0329615
2 0.955078 0.96582 0.0429688 0.0371094 0.0362713
1 0.380859 0.0439453 0.0507812 0.0410156 0.0532286
1 0.369141 0.00878906 0.078125 0.0175781 0.0593779
1 0.374023 0.0751953 0.0488281 0.0410156 0.0692521
1 0.364258 0.0595703 0.0527344 0.0410156 0.080489
1 0.540039 0.0800781 0.0292969 0.0273438 0.0815902
1 0.53418 0.0585938 0.0332031 0.0351562 0.117303
1 0.373047 0.109375 0.0429688 0.03125 0.124972
1 0.476562 0.015625 0.101562 0.03125 0.13004
0 0.454102 0.894531 0.826172 0.207031 0.163917
1 0.378906 0.0595703 0.0742188 0.0722656 0.16851
