1 0.90332 0.944336 0.0214844 0.0214844 0.0205608
1 0.551758 0.985352 0.0332031 0.0292969 0.023431
1 0.587891 0.976562 0.0351562 0.0429688 0.0239359
1 0.849609 0.966797 0.03125 0.0351562 0.0242739
1 0.851562 0.977539 0.078125 0.0449219 0.0255179
1 0.5625 0.988281 0.0429688 0.0234375 0.0387522
1 0.963867 0.941406 0.0488281 0.0390625 0.0410813
1 0.0126953 0.332031 0.0253906 0.0429688 0.053831
1 0.576172 0.234375 0.0429688 0.0429688 0.0863031
1 0.858398 0.989258 0.0566406 0.0214844 0.0951006
1 0.982422 0.869141 0.0351562 0.0625 0.104682
1 0.581055 0.984375 0.0683594 0.03125 0.134837
1 0.601562 0.378906 0.0429688 0.0429688 0.143845
1 0.642578 0.97168 0.046875 0.0527344 0.235343
1 0.601562 0.977539 0.125 0.0449219 0.254641
1 0.767578 0.112305 0.0390625 0.0371094 0.345079
