1 0.0185547 0.782227 0.0371094 0.0449219 0.0204163
1 0.693359 0.540039 0.0429688 0.0488281 0.0206066
1 0.415039 0.884766 0.0410156 0.03125 0.0221633
1 0.0078125 0.34668 0.015625 0.0527344 0.0231244
1 0.706055 0.651367 0.0371094 0.0371094 0.0245997
1 0.727539 0.757812 0.0214844 0.015625 0.0272007
5 0.632812 0.189453 0.0351562 0.0429688 0.0272898
1 0.415039 0.822266 0.0332031 0.0273438 0.0274983
1 0.419922 0.985352 0.0429688 0.0292969 0.032971
1 0.712891 0.695312 0.0351562 0.0273438 0.0348753
1 0.422852 0.888672 0.0644531 0.128906 0.0361434
1 0.0175781 0.408203 0.0351562 0.105469 0.0362824
0 0.728516 0.706055 0.542969 0.541016 0.0367989
1 0.433594 0.759766 0.0273438 0.0234375 0.0375122
1 0.712891 0.956055 0.0234375 0.0371094 0.0406738
1 0.748047 0.960938 0.0546875 0.0429688 0.0432624
0 0.628906 0.467773 0.742188 0.791016 0.0446522
1 0.719727 0.722656 0.0253906 0.0273438 0.0476928
1 0.706055 0.635742 0.0332031 0.0253906 0.0493643
1 0.708008 0.688477 0.0488281 0.0917969 0.050665
1 0.733398 0.956055 0.0332031 0.0332031 0.0527153
1 0.0214844 0.407227 0.0234375 0.0253906 0.0533784
1 0.015625 0.376953 0.03125 0.0703125 0.053828
1 0.00976562 0.40918 0.0195312 0.0214844 0.0561841
1 0.694336 0.970703 0.0253906 0.0195312 0.0569893
1 0.0224609 0.429688 0.0175781 0.0195312 0.0571222
1 0.71875 0.942383 0.0273438 0.0292969 0.0588879
1 0.0078125 0.432617 0.015625 0.0214844 0.0601704
1 0.0126953 0.736328 0.0253906 0.0703125 0.0671975
1 0.0185547 0.751953 0.0371094 0.0390625 0.0702984
1 0.0458984 0.71875 0.0371094 0.0351562 0.0736945
1 0.0136719 0.400391 0.0273438 0.0273438 0.0892179
1 0.404297 0.620117 0.0585938 0.0800781 0.0895903
1 0.714844 0.712891 0.03125 0.03125 0.0901286
1 0.0732422 0.723633 0.0214844 0.0253906 0.0910193
1 0.724609 0.741211 0.0195312 0.0214844 0.0913118
1 0.699219 0.574219 0.0273438 0.03125 0.102202
1 0.0371094 0.726562 0.0507812 0.0429688 0.111663
1 0.706055 0.667969 0.0371094 0.0351562 0.116942
1 0.754883 0.927734 0.0292969 0.0234375 0.118385
1 0.666992 0.977539 0.0214844 0.0214844 0.119691
1 0.0361328 0.775391 0.0644531 0.0507812 0.14142
1 0.416016 0.866211 0.0390625 0.0292969 0.149121
1 0.417969 0.853516 0.0429688 0.046875 0.168395
1 0.746094 0.955078 0.03125 0.0273438 0.185068
1 0.416992 0.637695 0.0332031 0.0292969 0.190539
1 0.0126953 0.364258 0.0253906 0.0371094 0.192149
1 0.447266 0.808594 0.0273438 0.0273438 0.202627
1 0.689453 0.537109 0.03125 0.0273438 0.212321
1 0.44043 0.981445 0.0761719 0.0371094 0.228967
1 0.402344 0.529297 0.0742188 0.0585938 0.278694
1 0.740234 0.899414 0.046875 0.0410156 0.283451
1 0.0400391 0.746094 0.0800781 0.117188 0.301483
1 0.736328 0.847656 0.046875 0.0429688 0.340282
1 0.421875 0.912109 0.046875 0.0429688 0.385944
1 0.728516 0.786133 0.03125 0.0292969 0.424097
1 0.401367 0.785156 0.0449219 0.0429688 0.476131
1 0.398438 0.601562 0.046875 0.0390625 0.558164
0 0.871094 0.688477 0.257812 0.521484 0.684242
