1 0.19043 0.15625 0.0449219 0.0585938 0.0213138
1 0.246094 0.749023 0.046875 0.0410156 0.0213456
1 0.196289 0.814453 0.0214844 0.0195312 0.0217808
1 0.183594 0.736328 0.0898438 0.0664062 0.0218127
1 0.254883 0.151367 0.0566406 0.0332031 0.02317
1 0.0556641 0.842773 0.0332031 0.0292969 0.0243455
1 0.0400391 0.192383 0.0800781 0.0957031 0.0267281
1 0.375977 0.732422 0.0332031 0.0351562 0.0275777
1 0.229492 0.75 0.0292969 0.03125 0.0281372
1 0.0615234 0.224609 0.0410156 0.046875 0.0302779
1 0.0957031 0.19043 0.0546875 0.0488281 0.0311428
1 0.182617 0.18457 0.0644531 0.0644531 0.0319647
0 0.25 0.379883 0.5 0.380859 0.0365258
1 0.12793 0.186523 0.173828 0.0839844 0.0370286
1 0.365234 0.744141 0.0351562 0.03125 0.0415002
1 0.317383 0.03125 0.0449219 0.03125 0.043588
1 0.12793 0.185547 0.0722656 0.0625 0.04618
0 0.65918 0.319336 0.681641 0.634766 0.048203
4 0.936523 0.501953 0.126953 0.105469 0.0495113
1 0.101562 0.195312 0.0273438 0.03125 0.0504446
1 0.364258 0.756836 0.0332031 0.0371094 0.0505904
1 0.265625 0.745117 0.0390625 0.0371094 0.0559531
1 0.0136719 0.197266 0.0273438 0.0507812 0.0596929
1 0.613281 0.758789 0.0234375 0.0214844 0.062914
1 0.643555 0.749023 0.0332031 0.0292969 0.0759259
1 0.37793 0.744141 0.0566406 0.0664062 0.079414
1 0.631836 0.75293 0.0332031 0.0292969 0.0813799
1 0.326172 0.111328 0.046875 0.0820312 0.0822569
1 0.323242 0.0878906 0.0371094 0.0351562 0.0948253
1 0.158203 0.731445 0.046875 0.0488281 0.101523
1 0.320312 0.0644531 0.0546875 0.046875 0.104744
1 0.331055 0.134766 0.0527344 0.0507812 0.171028
0 0.415039 0.90918 0.236328 0.181641 0.221448
1 0.139648 0.186523 0.0410156 0.0410156 0.230485
1 0.185547 0.181641 0.0429688 0.0429688 0.246024
1 0.325195 0.0839844 0.0722656 0.164062 0.26398
1 0.229492 0.830078 0.0683594 0.0546875 0.265795
1 0.0634766 0.207031 0.0410156 0.0546875 0.271165
1 0.3125 0.0195312 0.0507812 0.0390625 0.282919
1 0.0205078 0.178711 0.0410156 0.0449219 0.363074
1 0.462891 0.886719 0.0546875 0.046875 0.373896
0 0.481445 0.856445 0.373047 0.287109 0.463454
3 0.933594 0.65918 0.132812 0.0878906 0.466995
1 0.223633 0.950195 0.0527344 0.0449219 0.486336
1 0.046875 0.817383 0.0703125 0.0605469 0.585399
1 0.0615234 0.944336 0.0527344 0.0410156 0.613423
1 0.138672 0.943359 0.0664062 0.0625 0.641907
