1 0.0810547 0.866211 0.0253906 0.0253906 0.0217302
1 0.567383 0.469727 0.0488281 0.0332031 0.0265856
1 0.754883 0.490234 0.0175781 0.015625 0.0279102
1 0.775391 0.526367 0.015625 0.0136719 0.02849
1 0.620117 0.480469 0.0644531 0.046875 0.0374745
5 0.733398 0.526367 0.0253906 0.0253906 0.0386815
1 0.510742 0.543945 0.0292969 0.0214844 0.0407364
1 0.652344 0.483398 0.0546875 0.0410156 0.0409495
1 0.913086 0.753906 0.0292969 0.0234375 0.0413931
1 0.948242 0.75293 0.0214844 0.0175781 0.0417304
1 0.725586 0.490234 0.0214844 0.015625 0.041778
0 0.0585938 0.854492 0.117188 0.291016 0.0543862
1 0.572266 0.487305 0.0273438 0.0292969 0.0557688
1 0.522461 0.811523 0.0214844 0.0175781 0.0576816
1 0.0908203 0.827148 0.0214844 0.0253906 0.058595
1 0.588867 0.485352 0.0566406 0.0410156 0.064523
1 0.467773 0.550781 0.0214844 0.0195312 0.0658499
1 0.988281 0.754883 0.0234375 0.0253906 0.0665694
3 0.793945 0.709961 0.0214844 0.0488281 0.067041
1 0.638672 0.485352 0.03125 0.0253906 0.070651
1 0.989258 0.80957 0.0214844 0.0410156 0.0745425
1 0.397461 0.485352 0.0449219 0.0449219 0.0851999
1 0.666992 0.486328 0.0332031 0.0234375 0.095728
1 0.719727 0.891602 0.0410156 0.0410156 0.102296
1 0.603516 0.480469 0.0273438 0.0234375 0.105
1 0.265625 0.0205078 0.0507812 0.0410156 0.118842
1 0.648438 0.488281 0.03125 0.0273438 0.13848
1 0.677734 0.486328 0.0273438 0.0195312 0.168849
1 0.0839844 0.793945 0.03125 0.0292969 0.232098
1 0.244141 0.158203 0.0625 0.0546875 0.317101
0 0.713867 0.888672 0.564453 0.21875 0.401625
1 0.518555 0.511719 0.0449219 0.0390625 0.528058
