1 0.571289 0.991211 0.0605469 0.0175781 0.0209661
1 0.929688 0.699219 0.0898438 0.0703125 0.0220639
1 0.0205078 0.803711 0.0410156 0.0605469 0.0220903
1 0.890625 0.350586 0.109375 0.130859 0.0225892
1 0.665039 0.393555 0.181641 0.111328 0.0235794
1 0.557617 0.483398 0.0410156 0.0410156 0.0239954
1 0.348633 0.664062 0.0878906 0.0820312 0.024499
1 0.910156 0.325195 0.0664062 0.0761719 0.0245689
1 0.822266 0.342773 0.113281 0.0878906 0.0256914
1 0.477539 0.476562 0.0878906 0.105469 0.0259457
1 0.197266 0.80957 0.0976562 0.0761719 0.0262291
1 0.125977 0.551758 0.150391 0.138672 0.0265669
1 0.182617 0.541992 0.181641 0.142578 0.0266345
1 0.163086 0.737305 0.0566406 0.0488281 0.0266977
1 0.662109 0.450195 0.214844 0.232422 0.0268359
1 0.755859 0.676758 0.164062 0.130859 0.0271516
1 0.381836 0.491211 0.107422 0.103516 0.0286311
1 0.547852 0.989258 0.107422 0.0214844 0.0298489
1 0.945312 0.799805 0.109375 0.134766 0.0304031
1 0.575195 0.648438 0.138672 0.132812 0.0321136
1 0.790039 0.349609 0.0527344 0.0546875 0.0323665
1 0.862305 0.138672 0.189453 0.160156 0.0338706
1 0.577148 0.308594 0.232422 0.332031 0.0352763
1 0.852539 0.325195 0.162109 0.0761719 0.0369773
1 0.705078 0.237305 0.160156 0.107422 0.0374002
1 0.536133 0.335938 0.158203 0.140625 0.0376674
1 0.728516 0.677734 0.0820312 0.101562 0.0406754
1 0.610352 0.236328 0.177734 0.140625 0.0442693
1 0.852539 0.325195 0.0527344 0.0449219 0.044351
1 0.923828 0.835938 0.152344 0.324219 0.0467031
1 0.788086 0.0664062 0.173828 0.128906 0.048762
1 0.8125 0.543945 0.0546875 0.0527344 0.0522779
1 0.538086 0.97168 0.146484 0.0566406 0.0526664
1 0.966797 0.395508 0.0664062 0.0957031 0.0555086
1 0.723633 0.374023 0.0683594 0.0722656 0.0563819
1 0.52832 0.37207 0.134766 0.0839844 0.0570495
1 0.449219 0.171875 0.03125 0.0273438 0.0575709
1 0.376953 0.894531 0.101562 0.09375 0.0590234
1 0.642578 0.65918 0.226562 0.150391 0.0681423
1 0.661133 0.233398 0.0605469 0.0917969 0.0863311
1 0.244141 0.535156 0.152344 0.144531 0.103858
1 0.835938 0.645508 0.0859375 0.0722656 0.111425
1 0.712891 0.511719 0.101562 0.101562 0.122629
1 0.544922 0.251953 0.167969 0.152344 0.15252
1 0.806641 0.133789 0.28125 0.263672 0.182773
1 0.1875 0.567383 0.292969 0.201172 0.221514
1 0.917969 0.585938 0.15625 0.117188 0.238066
1 0.424805 0.484375 0.173828 0.125 0.248865
1 0.629883 0.423828 0.142578 0.128906 0.251713
1 0.0751953 0.952148 0.146484 0.0957031 0.286173
1 0.178711 0.787109 0.146484 0.136719 0.305264
