1 0.762695 0.317383 0.150391 0.126953 0.0266401
1 0.708008 0.458984 0.0253906 0.0273438 0.0296987
1 0.708008 0.444336 0.0214844 0.0175781 0.029813
1 0.915039 0.37793 0.0410156 0.0410156 0.0302599
1 0.710938 0.453125 0.0351562 0.0429688 0.030425
1 0.759766 0.150391 0.078125 0.101562 0.0341635
1 0.914062 0.379883 0.0273438 0.0253906 0.0354796
1 0.896484 0.345703 0.0507812 0.0703125 0.0379412
4 0.921875 0.0585938 0.0351562 0.117188 0.0467699
1 0.928711 0.384766 0.0253906 0.0195312 0.0500489
1 0.900391 0.378906 0.0351562 0.0273438 0.050827
1 0.90625 0.325195 0.0273438 0.0253906 0.0612597
1 0.285156 0.208984 0.0351562 0.0351562 0.066664
1 0.888672 0.329102 0.0390625 0.0253906 0.0678618
1 0.885742 0.311523 0.0371094 0.0410156 0.0711571
1 0.889648 0.353516 0.0371094 0.0351562 0.0969354
1 0.731445 0.488281 0.0253906 0.0273438 0.101763
1 0.882812 0.323242 0.0234375 0.0214844 0.168465
1 0.881836 0.275391 0.0292969 0.03125 0.182538
1 0.884766 0.303711 0.0273438 0.0214844 0.196138
