1 0.56543 0.292969 0.0449219 0.0351562 0.0204881
1 0.529297 0.118164 0.0546875 0.0488281 0.0214941
1 0.518555 0.402344 0.0449219 0.0507812 0.0223701
1 0.543945 0.0429688 0.0644531 0.0703125 0.0227261
1 0.772461 0.229492 0.0371094 0.0253906 0.0228355
1 0.768555 0.232422 0.0488281 0.0546875 0.0233126
1 0.524414 0.398438 0.0253906 0.0273438 0.0246814
1 0.586914 0.291992 0.119141 0.130859 0.025168
1 0.566406 0.310547 0.0507812 0.0429688 0.0273425
1 0.554688 0.223633 0.0273438 0.0253906 0.0291121
1 0.560547 0.214844 0.0390625 0.0351562 0.0292362
1 0.543945 0.0849609 0.0683594 0.0800781 0.0319329
1 0.589844 0.325195 0.0976562 0.0566406 0.0379268
1 0.55957 0.264648 0.0722656 0.0449219 0.0411591
1 0.526367 0.112305 0.0371094 0.0292969 0.0416159
1 0.55957 0.244141 0.0800781 0.0664062 0.0417651
1 0.115234 0.323242 0.0585938 0.0527344 0.0462603
1 0.533203 0.152344 0.0625 0.0625 0.0471786
1 0.53125 0.235352 0.046875 0.0449219 0.0483885
1 0.543945 0.271484 0.0292969 0.0273438 0.0567895
0 0.319336 0.902344 0.228516 0.195312 0.0738571
1 0.773438 0.24707 0.0351562 0.0371094 0.0823492
1 0.775391 0.209961 0.0273438 0.0253906 0.0955486
1 0.5625 0.0986328 0.0351562 0.0371094 0.0979791
1 0.52832 0.135742 0.0410156 0.0332031 0.10144
1 0.523438 0.226562 0.03125 0.03125 0.130514
0 0.501953 0.901367 0.542969 0.197266 0.136184
1 0.129883 0.0478516 0.0722656 0.0644531 0.143709
1 0.532227 0.0996094 0.0449219 0.0390625 0.145695
1 0.544922 0.0136719 0.046875 0.0273438 0.16622
1 0.540039 0.0556641 0.0527344 0.0371094 0.198173
1 0.539062 0.169922 0.0625 0.0507812 0.366613
