1 0.666992 0.507812 0.0527344 0.0390625 0.0206067
1 0.361328 0.988281 0.0703125 0.0234375 0.0210697
1 0.575195 0.320312 0.0292969 0.0195312 0.0212589
1 0.316406 0.0078125 0.0546875 0.015625 0.0212798
1 0.700195 0.570312 0.0605469 0.0546875 0.0224932
1 0.375 0.924805 0.0585938 0.0761719 0.0242799
1 0.288086 0.93457 0.0371094 0.0332031 0.02452
1 0.198242 0.986328 0.0371094 0.0273438 0.0246252
1 0.711914 0.672852 0.0292969 0.0292969 0.0265513
1 0.713867 0.640625 0.0683594 0.0703125 0.0304102
1 0.166016 0.0634766 0.0625 0.0566406 0.0318609
1 0.695312 0.677734 0.0234375 0.0273438 0.0322161
1 0.0878906 0.0908203 0.03125 0.0292969 0.0342622
1 0.726562 0.663086 0.0507812 0.0449219 0.0367427
1 0.759766 0.664062 0.015625 0.0195312 0.0383744
1 0.375977 0.939453 0.0878906 0.121094 0.0417885
1 0.65918 0.688477 0.0644531 0.0527344 0.0476161
1 0.75293 0.660156 0.0410156 0.0390625 0.0491454
1 0.767578 0.666992 0.0195312 0.0175781 0.054152
1 0.678711 0.510742 0.0214844 0.0253906 0.0545212
1 0.285156 0.0107422 0.109375 0.0214844 0.0585705
1 0.668945 0.514648 0.0332031 0.0292969 0.0599999
1 0.0654297 0.90332 0.130859 0.193359 0.0653149
1 0.0947266 0.0820312 0.0410156 0.0429688 0.0729479
1 0.231445 0.0244141 0.0527344 0.0449219 0.0845989
1 0.575195 0.720703 0.0253906 0.0234375 0.0856633
1 0.649414 0.691406 0.0449219 0.0351562 0.117091
1 0.733398 0.645508 0.0449219 0.0527344 0.118816
1 0.700195 0.640625 0.0371094 0.0390625 0.125534
1 0.268555 0.0273438 0.142578 0.0546875 0.126563
1 0.738281 0.65918 0.03125 0.0292969 0.135407
1 0.0595703 0.105469 0.0214844 0.0234375 0.148202
1 0.577148 0.301758 0.0449219 0.0410156 0.160544
1 0.732422 0.62207 0.0273438 0.0253906 0.198281
1 0.268555 0.84668 0.193359 0.111328 0.20063
1 0.787109 0.925781 0.0664062 0.0429688 0.2468
1 0.662109 0.685547 0.0390625 0.0351562 0.254404
1 0.0205078 0.12207 0.0410156 0.0410156 0.389426
1 0.694336 0.574219 0.0410156 0.0351562 0.445449
1 0.137695 0.0703125 0.119141 0.0664062 0.48087
