1 0.305664 0.619141 0.0605469 0.0546875 0.0212563
1 0.0107422 0.861328 0.0214844 0.0546875 0.0275701
1 0.897461 0.0136719 0.0566406 0.0273438 0.0352313
1 0.0898438 0.317383 0.078125 0.0527344 0.0359883
1 0.078125 0.277344 0.113281 0.128906 0.0425394
1 0.174805 0.352539 0.0488281 0.0605469 0.0472176
1 0.209961 0.00878906 0.107422 0.0175781 0.0477405
1 0.106445 0.321289 0.0488281 0.0410156 0.0478273
1 0.545898 0.575195 0.0527344 0.0644531 0.0544834
1 0.505859 0.595703 0.0507812 0.0546875 0.0837354
1 0.0556641 0.258789 0.0683594 0.0644531 0.132611
1 0.714844 0.0302734 0.0742188 0.0605469 0.158565
1 0.402344 0.351562 0.113281 0.0898438 0.209296
1 0.484375 0.193359 0.0859375 0.0742188 0.255397
1 0.880859 0.0224609 0.09375 0.0449219 0.256695
1 0.435547 0.586914 0.0898438 0.0800781 0.272045
1 0.322266 0.606445 0.09375 0.0839844 0.30609
1 0.893555 0.546875 0.0605469 0.0546875 0.309573
1 0.417969 0.464844 0.0859375 0.078125 0.348729
1 0.271484 0.351562 0.0859375 0.0742188 0.38141
1 0.158203 0.363281 0.0859375 0.078125 0.389955
1 0.0849609 0.0166016 0.0917969 0.0332031 0.397452
1 0.291016 0.480469 0.0859375 0.078125 0.524651
1 0.105469 0.119141 0.0898438 0.078125 0.546423
1 0.198242 0.62207 0.107422 0.0839844 0.591539
1 0.134766 0.250977 0.078125 0.0761719 0.601279
1 0.467773 0.0644531 0.0878906 0.078125 0.60807
1 0.255859 0.225586 0.0898438 0.0761719 0.616501
1 0.174805 0.507812 0.0996094 0.0859375 0.656549
1 0.374023 0.209961 0.0917969 0.0761719 0.66709
1 0.228516 0.102539 0.0859375 0.0800781 0.755512
1 0.350586 0.0859375 0.0917969 0.0742188 0.809471
