1 0.59375 0.581055 0.0351562 0.0292969 0.0201726
1 0.211914 0.879883 0.0839844 0.0800781 0.0212817
1 0.738281 0.981445 0.0429688 0.0371094 0.0222177
0 0.851562 0.676758 0.296875 0.623047 0.0232674
1 0.0332031 0.171875 0.0273438 0.0234375 0.0262901
1 0.874023 0.869141 0.0605469 0.0429688 0.0270282
1 0.0107422 0.959961 0.0214844 0.0449219 0.0279615
1 0.904297 0.946289 0.078125 0.0917969 0.0280575
1 0.662109 0.955078 0.0507812 0.046875 0.029859
1 0.880859 0.894531 0.0507812 0.0507812 0.0306031
1 0.663086 0.920898 0.0488281 0.0292969 0.0306583
1 0.338867 0.706055 0.0371094 0.0332031 0.0349698
1 0.65625 0.936523 0.0664062 0.0644531 0.0398478
1 0.356445 0.989258 0.0371094 0.0214844 0.0399345
1 0.323242 0.786133 0.0449219 0.0488281 0.0403281
1 0.219727 0.783203 0.0761719 0.0625 0.0449852
1 0.0166016 0.975586 0.0332031 0.0488281 0.0458409
1 0.172852 0.857422 0.111328 0.105469 0.0472839
1 0.523438 0.606445 0.0703125 0.0605469 0.0519214
1 0.0498047 0.976562 0.0957031 0.046875 0.0522335
1 0.71582 0.969727 0.0878906 0.0605469 0.0550862
1 0.910156 0.952148 0.046875 0.0410156 0.0551197
1 0.239258 0.125977 0.0253906 0.0253906 0.056006
1 0.925781 0.985352 0.0625 0.0292969 0.0647428
1 0.854492 0.824219 0.0371094 0.03125 0.0671214
1 0.207031 0.116211 0.0234375 0.0253906 0.0792891
1 0.49707 0.991211 0.0410156 0.0175781 0.0830366
1 0.90918 0.927734 0.126953 0.144531 0.0848047
1 0.881836 0.908203 0.0410156 0.0351562 0.100801
1 0.886719 0.898438 0.0859375 0.0820312 0.102752
1 0.848633 0.789062 0.0683594 0.0585938 0.113829
1 0.0830078 0.964844 0.0683594 0.0664062 0.122328
1 0.924805 0.970703 0.0761719 0.0585938 0.136849
1 0.463867 0.991211 0.103516 0.0175781 0.14392
1 0.323242 0.717773 0.0683594 0.0566406 0.224851
1 0.0566406 0.956055 0.113281 0.0878906 0.254836
1 0.547852 0.599609 0.126953 0.0742188 0.311838
1 0.689453 0.950195 0.148438 0.0996094 0.331903
1 0.186523 0.833984 0.150391 0.171875 0.392699
1 0.692383 0.580078 0.0605469 0.0625 0.669375
