1 0.451172 0.951172 0.117188 0.0742188 0.0202359
1 0.599609 0.864258 0.0664062 0.0605469 0.0227507
1 0.706055 0.325195 0.119141 0.0644531 0.0229689
1 0.576172 0.791016 0.03125 0.03125 0.0261175
1 0.668945 0.273438 0.0761719 0.0546875 0.0264948
1 0.615234 0.0966797 0.21875 0.189453 0.0284626
1 0.650391 0.268555 0.0429688 0.0449219 0.0302538
1 0.612305 0.902344 0.0332031 0.03125 0.0330629
1 0.695312 0.396484 0.0625 0.0585938 0.0351565
3 0.400391 0.266602 0.257812 0.0566406 0.0369577
1 0.466797 0.944336 0.195312 0.0996094 0.0528493
1 0.588867 0.0273438 0.201172 0.0546875 0.0587607
1 0.6875 0.257812 0.113281 0.078125 0.0618745
1 0.31543 0.918945 0.0371094 0.0371094 0.0844087
1 0.518555 0.90918 0.0410156 0.0371094 0.0868882
1 0.40918 0.929688 0.0722656 0.0585938 0.0912711
1 0.704102 0.324219 0.138672 0.214844 0.0933232
1 0.719727 0.379883 0.119141 0.0996094 0.105712
1 0.356445 0.591797 0.0292969 0.0234375 0.148836
1 0.621094 0.748047 0.0546875 0.0546875 0.246703
