3 0.201172 0.219727 0.144531 0.255859 0.0201573
1 0.698242 0.21582 0.0449219 0.0371094 0.0240071
1 0.728516 0.195312 0.0703125 0.0585938 0.0269981
1 0.732422 0.214844 0.046875 0.0429688 0.0275788
1 0.847656 0.238281 0.03125 0.0273438 0.0305336
3 0.0654297 0.831055 0.130859 0.0957031 0.0342365
1 0.836914 0.40332 0.0371094 0.0332031 0.0350941
1 0.980469 0.331055 0.0351562 0.0332031 0.0400969
1 0.613281 0.631836 0.0273438 0.0292969 0.0446048
1 0.685547 0.210938 0.03125 0.0273438 0.0457137
1 0.746094 0.167969 0.0742188 0.078125 0.0481188
1 0.709961 0.206055 0.0800781 0.0527344 0.0492648
1 0.696289 0.1875 0.0839844 0.0820312 0.0588872
1 0.673828 0.182617 0.0429688 0.0449219 0.0596985
1 0.750977 0.467773 0.0605469 0.0488281 0.0695933
1 0.991211 0.333984 0.0175781 0.0390625 0.0747481
1 0.759766 0.147461 0.046875 0.0410156 0.0751973
1 0.988281 0.306641 0.0234375 0.046875 0.0905771
3 0.299805 0.416016 0.119141 0.1875 0.103409
1 0.819336 0.210938 0.0488281 0.0390625 0.109246
1 0.702148 0.162109 0.0332031 0.03125 0.122505
1 0.982422 0.310547 0.0351562 0.0859375 0.122929
1 0.763672 0.428711 0.0273438 0.0253906 0.145531
1 0.777344 0.399414 0.0390625 0.0332031 0.153449
1 0.692383 0.522461 0.0839844 0.0488281 0.188554
1 0.803711 0.401367 0.0722656 0.0410156 0.209859
3 0.118164 0.44043 0.236328 0.326172 0.219039
1 0.694336 0.446289 0.0566406 0.0761719 0.225077
1 0.855469 0.400391 0.03125 0.0234375 0.231321
3 0.154297 0.414062 0.15625 0.191406 0.241782
3 0.0507812 0.894531 0.101562 0.210938 0.283346
3 0.195312 0.767578 0.0976562 0.09375 0.292327
3 0.0507812 0.424805 0.101562 0.349609 0.324588
1 0.699219 0.427734 0.046875 0.0351562 0.329509
1 0.720703 0.179688 0.132812 0.117188 0.329638
1 0.717773 0.514648 0.0371094 0.0332031 0.333103
1 0.717773 0.0175781 0.0644531 0.0351562 0.359452
3 0.176758 0.345703 0.353516 0.507812 0.395295
1 0.675781 0.525391 0.046875 0.0351562 0.395463
1 0.984375 0.268555 0.03125 0.0332031 0.398923
1 0.685547 0.464844 0.046875 0.046875 0.515442
1 0.741211 0.460938 0.0332031 0.0351562 0.533155
1 0.477539 0.125 0.0527344 0.0507812 0.5424
1 0.453125 0.0419922 0.0625 0.0683594 0.554422
