1 0.253906 0.149414 0.0273438 0.0253906 0.0209538
0 0.866211 0.25 0.267578 0.5 0.0231876
1 0.234375 0.114258 0.0585938 0.0722656 0.0273759
5 0.207031 0.549805 0.0429688 0.0332031 0.0309182
1 0.251953 0.170898 0.0546875 0.0566406 0.03252
1 0.236328 0.114258 0.0390625 0.0371094 0.0343783
1 0.232422 0.0292969 0.09375 0.0585938 0.0353
1 0.538086 0.151367 0.0292969 0.0253906 0.0354256
1 0.223633 0.0126953 0.0683594 0.0253906 0.0630418
0 0.43457 0.5 0.869141 1 0.0658311
1 0.493164 0.171875 0.0722656 0.0546875 0.0681894
3 0.662109 0.205078 0.0546875 0.101562 0.0734409
3 0.199219 0.500977 0.0664062 0.0410156 0.0797718
3 0.208008 0.485352 0.0917969 0.0761719 0.080915
0 0.724609 0.186523 0.546875 0.373047 0.110911
1 0.222656 0.0361328 0.0507812 0.0527344 0.120467
1 0.481445 0.176758 0.0488281 0.0371094 0.132428
1 0.585938 0.616211 0.0429688 0.0410156 0.271671
3 0.874023 0.882812 0.0527344 0.046875 0.342232
1 0.615234 0.508789 0.0742188 0.0644531 0.62394
