1 0.567383 0.0693359 0.0527344 0.0878906 0.0234276
1 0.853516 0.046875 0.0625 0.0664062 0.0239456
1 0.545898 0.0117188 0.0371094 0.0234375 0.0239973
1 0.749023 0.0302734 0.0292969 0.0410156 0.0244728
0 0.449219 0.658203 0.890625 0.683594 0.031861
1 0.739258 0.0498047 0.0449219 0.0839844 0.0332925
1 0.90918 0.015625 0.0683594 0.03125 0.0333422
1 0.581055 0.104492 0.0371094 0.0761719 0.0370671
1 0.892578 0.356445 0.0351562 0.0371094 0.0373653
1 0.625977 0.108398 0.0644531 0.0683594 0.0380875
1 0.904297 0.338867 0.0585938 0.0683594 0.0481655
1 0.871094 0.31543 0.109375 0.103516 0.0493911
3 0.0791016 0.34082 0.126953 0.0488281 0.0553238
1 0.569336 0.0673828 0.0292969 0.0449219 0.0613585
1 0.577148 0.0800781 0.0371094 0.0351562 0.0628324
1 0.914062 0.0351562 0.046875 0.0546875 0.0703379
1 0.740234 0.0751953 0.0351562 0.0371094 0.0794898
1 0.87207 0.899414 0.169922 0.146484 0.0823055
1 0.796875 0.217773 0.0351562 0.0371094 0.106328
1 0.798828 0.0351562 0.0625 0.046875 0.111488
1 0.970703 0.987305 0.0585938 0.0253906 0.119868
1 0.736328 0.0244141 0.0507812 0.0449219 0.147129
1 0.50293 0.952148 0.283203 0.0957031 0.157886
1 0.556641 0.0429688 0.03125 0.03125 0.169296
1 0.854492 0.301758 0.0683594 0.0566406 0.265882
1 0.683594 0.0849609 0.078125 0.0800781 0.270684
1 0.598633 0.119141 0.0605469 0.0546875 0.321794
1 0.642578 0.09375 0.152344 0.101562 0.330588
1 0.628906 0.0175781 0.0507812 0.0351562 0.345926
1 0.826172 0.0449219 0.121094 0.0820312 0.449781
1 0.927734 0.458984 0.0507812 0.046875 0.478047
