1 0.835938 0.933594 0.0390625 0.0351562 0.0201682
1 0.87793 0.914062 0.0332031 0.03125 0.0204234
1 0.867188 0.720703 0.03125 0.0273438 0.0205814
1 0.610352 0.746094 0.0292969 0.0390625 0.0217616
1 0.617188 0.75293 0.0703125 0.0488281 0.023072
1 0.535156 0.921875 0.03125 0.0273438 0.0236317
1 0.441406 0.786133 0.101562 0.0566406 0.0271628
1 0.900391 0.895508 0.0390625 0.0332031 0.0273769
1 0.845703 0.925781 0.0429688 0.0273438 0.0273997
1 0.944336 0.862305 0.0488281 0.0371094 0.0274636
1 0.358398 0.0488281 0.0371094 0.03125 0.0274644
1 0.743164 0.71582 0.0449219 0.0371094 0.0277517
1 0.738281 0.72168 0.0234375 0.0292969 0.0281339
1 0.645508 0.987305 0.0332031 0.0214844 0.0298384
1 0.791992 0.941406 0.0214844 0.0195312 0.0318616
1 0.893555 0.692383 0.0683594 0.0449219 0.0327707
1 0.810547 0.704102 0.0742188 0.0566406 0.034423
1 0.736328 0.961914 0.0195312 0.0136719 0.0352966
1 0.730469 0.963867 0.0234375 0.0175781 0.037042
1 0.904297 0.671875 0.0898438 0.0898438 0.0387248
1 0.926758 0.888672 0.0761719 0.046875 0.039576
1 0.822266 0.93457 0.03125 0.0253906 0.0399145
1 0.805664 0.94043 0.0253906 0.0214844 0.0413823
1 0.867188 0.696289 0.0742188 0.0683594 0.0471656
1 0.480469 0.804688 0.0546875 0.046875 0.0479091
1 0.524414 0.910156 0.0527344 0.0429688 0.0492113
1 0.563477 0.901367 0.0292969 0.0253906 0.053136
1 0.333008 0.046875 0.0410156 0.0273438 0.0532507
1 0.631836 0.991211 0.0488281 0.0175781 0.0535153
1 0.347656 0.0527344 0.0625 0.046875 0.0546314
1 0.530273 0.955078 0.0488281 0.0351562 0.0548655
1 0.817383 0.701172 0.0410156 0.046875 0.0551257
1 0.823242 0.69043 0.0292969 0.0371094 0.057934
1 0.972656 0.880859 0.03125 0.0273438 0.0602872
1 0.916016 0.680664 0.0585938 0.0605469 0.0673643
1 0.957031 0.878906 0.0546875 0.0351562 0.0797369
1 0.759766 0.953125 0.0234375 0.0195312 0.0812484
1 0.638672 0.745117 0.046875 0.0410156 0.0841083
1 0.792969 0.708008 0.0507812 0.0449219 0.0852002
1 0.833008 0.699219 0.0488281 0.0585938 0.0915668
1 0.835938 0.925781 0.0195312 0.0195312 0.0929776
1 0.491211 0.84082 0.0527344 0.0449219 0.0972958
1 0.623047 0.746094 0.210938 0.0585938 0.0990117
1 0.473633 0.787109 0.0644531 0.046875 0.111698
1 0.507812 0.867188 0.0664062 0.0507812 0.112797
1 0.916016 0.697266 0.0234375 0.0273438 0.115041
1 0.702148 0.728516 0.0527344 0.0351562 0.119312
1 0.576172 0.793945 0.0625 0.0332031 0.12006
1 0.761719 0.712891 0.03125 0.03125 0.137417
1 0.532227 0.772461 0.0332031 0.0332031 0.139637
1 0.791992 0.706055 0.0292969 0.0332031 0.162769
1 0.945312 0.875977 0.078125 0.0605469 0.164804
1 0.880859 0.680664 0.0429688 0.0488281 0.184735
1 0.512695 0.895508 0.0722656 0.0722656 0.188109
1 0.855469 0.924805 0.0234375 0.0214844 0.20721
1 0.598633 0.791016 0.0253906 0.0273438 0.21701
1 0.462891 0.787109 0.0390625 0.0351562 0.243348
1 0.670898 0.739258 0.111328 0.0566406 0.25782
1 0.927734 0.650391 0.0390625 0.0390625 0.284843
1 0.558594 0.929688 0.0234375 0.0234375 0.287449
1 0.540039 0.958008 0.0253906 0.0253906 0.322708
1 0.564453 0.764648 0.0898438 0.0488281 0.325845
1 0.412109 0.789062 0.0507812 0.046875 0.362154
1 0.566406 0.799805 0.0351562 0.0292969 0.447708
1 0.939453 0.683594 0.0273438 0.0234375 0.448437
1 0.580078 0.958984 0.0429688 0.0390625 0.517341
