1 0.613281 0.429688 0.101562 0.0546875 0.0243458
1 0.258789 0.277344 0.119141 0.0742188 0.0277556
1 0.479492 0.277344 0.0332031 0.0742188 0.0277593
1 0.229492 0.266602 0.0800781 0.0644531 0.0323529
1 0.291992 0.375977 0.208984 0.0839844 0.03272
1 0.219727 0.371094 0.0566406 0.0546875 0.0332265
1 0.297852 0.422852 0.216797 0.169922 0.0410627
1 0.302734 0.264648 0.0585938 0.0722656 0.0421339
1 0.0400391 0.607422 0.0722656 0.0585938 0.0727586
1 0.224609 0.0800781 0.078125 0.101562 0.0821189
1 0.245117 0.374023 0.107422 0.0683594 0.0882494
1 0.228516 0.237305 0.0859375 0.103516 0.150222
1 0.240234 0.541016 0.0859375 0.113281 0.179308
1 0.249023 0.244141 0.142578 0.140625 0.341479
1 0.354492 0.448242 0.111328 0.126953 0.366924
1 0.0771484 0.134766 0.130859 0.148438 0.534944
1 0.260742 0.0751953 0.142578 0.138672 0.576614
