1 0.904297 0.889648 0.1875 0.201172 0.0217656
1 0.709961 0.123047 0.0332031 0.0390625 0.0219075
1 0.836914 0.200195 0.0371094 0.0488281 0.0227846
1 0.988281 0.277344 0.0234375 0.0507812 0.0234785
1 0.625 0.0166016 0.0390625 0.0332031 0.0285909
1 0.943359 0.160156 0.0390625 0.0351562 0.0316261
1 0.876953 0.336914 0.0507812 0.0605469 0.0319916
1 0.958008 0.146484 0.0644531 0.0585938 0.0354915
1 0.847656 0.307617 0.0585938 0.0527344 0.0396347
1 0.981445 0.136719 0.0371094 0.0585938 0.0489637
1 0.797852 0.216797 0.0527344 0.0585938 0.049239
1 0.826172 0.30957 0.136719 0.0683594 0.0492995
1 0.230469 0.0263672 0.0273438 0.0253906 0.0638042
1 0.744141 0.237305 0.0664062 0.0644531 0.0774273
1 0.986328 0.129883 0.0273438 0.0332031 0.0818444
1 0.983398 0.296875 0.0332031 0.0625 0.0864031
1 0.955078 0.296875 0.0859375 0.0703125 0.235607
1 0.890625 0.179688 0.046875 0.0507812 0.248473
1 0.741211 0.0175781 0.0996094 0.0351562 0.289636
1 0.785156 0.302734 0.0625 0.0546875 0.31459
1 0.769531 0.227539 0.117188 0.0800781 0.353272
1 0.868164 0.316406 0.0644531 0.0664062 0.376526
1 0.777344 0.381836 0.0546875 0.0527344 0.39715
