1 0.917969 0.03125 0.144531 0.0625 0.0203592
1 0.172852 0.463867 0.0488281 0.0488281 0.0205405
1 0.140625 0.313477 0.03125 0.0332031 0.0210169
1 0.0976562 0.523438 0.0625 0.0703125 0.02162
1 0.957031 0.828125 0.0820312 0.0585938 0.0216489
1 0.208984 0.461914 0.0742188 0.0605469 0.0224771
1 0.169922 0.378906 0.0585938 0.0429688 0.023317
1 0.135742 0.458008 0.0488281 0.0605469 0.0234959
1 0.966797 0.986328 0.0625 0.0273438 0.0269636
1 0.165039 0.379883 0.0761719 0.0761719 0.0273992
1 0.967773 0.763672 0.0644531 0.078125 0.0275001
1 0.961914 0.967773 0.0761719 0.0644531 0.0303762
1 0.723633 0.0078125 0.0644531 0.015625 0.0304506
1 0.108398 0.274414 0.0605469 0.0566406 0.0313101
1 0.0947266 0.254883 0.0449219 0.0332031 0.0352279
1 0.0615234 0.540039 0.0527344 0.0605469 0.0408898
1 0.236328 0.458984 0.0351562 0.0390625 0.0424697
1 0.757812 0.0683594 0.046875 0.0429688 0.044275
1 0.12793 0.306641 0.0488281 0.046875 0.0454375
1 0.833008 0.046875 0.0566406 0.0625 0.0473765
1 0.748047 0.0224609 0.046875 0.0449219 0.0533206
1 0.12207 0.504883 0.0644531 0.0488281 0.0567357
1 0.186523 0.453125 0.0683594 0.0703125 0.0645057
1 0.743164 0.0341797 0.0332031 0.0253906 0.0648025
1 0.75293 0.0625 0.0292969 0.0273438 0.0651508
1 0.182617 0.398438 0.0527344 0.046875 0.0662596
1 0.131836 0.478516 0.0722656 0.101562 0.0702995
1 0.0117188 0.571289 0.0234375 0.0410156 0.070616
1 0.148438 0.394531 0.0664062 0.0429688 0.0770533
1 0.185547 0.429688 0.0976562 0.121094 0.088419
1 0.158203 0.352539 0.0546875 0.0449219 0.088656
1 0.104492 0.509766 0.0410156 0.0429688 0.0925752
1 0.743164 0.0107422 0.0644531 0.0214844 0.0960861
1 0.0332031 0.5625 0.0429688 0.0351562 0.0966507
1 0.0703125 0.213867 0.0390625 0.0371094 0.104158
1 0.115234 0.296875 0.0664062 0.0625 0.138099
1 0.191406 0.417969 0.0703125 0.0703125 0.139749
1 0.955078 0.785156 0.0898438 0.132812 0.140989
1 0.132812 0.445312 0.0390625 0.0351562 0.159975
1 0.0380859 0.553711 0.0722656 0.0722656 0.16089
1 0.768555 0.0810547 0.0566406 0.0605469 0.316433
1 0.0136719 0.244141 0.0273438 0.0546875 0.317225
1 0.952148 0.930664 0.0957031 0.134766 0.327375
1 0.129883 0.398438 0.0332031 0.03125 0.346026
1 0.830078 0.0498047 0.0390625 0.0371094 0.370318
1 0.889648 0.0283203 0.0644531 0.0566406 0.375568
