1 0.788086 0.439453 0.0253906 0.0234375 0.0208517
1 0.797852 0.4375 0.0371094 0.0273438 0.0222205
1 0.0859375 0.0400391 0.0351562 0.0410156 0.0234656
1 0.286133 0.0898438 0.201172 0.164062 0.0242925
1 0.733398 0.526367 0.0410156 0.0527344 0.0251862
1 0.0966797 0.0556641 0.0410156 0.0332031 0.0254399
1 0.765625 0.287109 0.0351562 0.0429688 0.0258456
1 0.655273 0.53125 0.0605469 0.046875 0.0259137
1 0.242188 0.0986328 0.0585938 0.0449219 0.0274249
1 0.483398 0.242188 0.0527344 0.0507812 0.0295259
1 0.0527344 0.604492 0.0976562 0.0800781 0.0296581
1 0.379883 0.233398 0.201172 0.154297 0.0310696
1 0.0136719 0.404297 0.0273438 0.0859375 0.0349692
1 0.288086 0.253906 0.0644531 0.0585938 0.0361781
1 0.759766 0.524414 0.0546875 0.0488281 0.0372242
1 0.164062 0.650391 0.0273438 0.0273438 0.0388594
1 0.616211 0.956055 0.0722656 0.0839844 0.0398225
1 0.438477 0.124023 0.0644531 0.0488281 0.0455286
1 0.751953 0.521484 0.0273438 0.0390625 0.0472773
1 0.448242 0.179688 0.0917969 0.0742188 0.0477835
1 0.106445 0.0673828 0.0292969 0.0253906 0.0515857
1 0.330078 0.12793 0.09375 0.0722656 0.0537525
1 0.264648 0.246094 0.0800781 0.0703125 0.054391
1 0.341797 0.260742 0.0976562 0.0761719 0.0552609
1 0.824219 0.522461 0.0625 0.0449219 0.055618
1 0.0683594 0.0195312 0.03125 0.03125 0.0567631
1 0.881836 0.520508 0.0332031 0.0371094 0.0572028
1 0.228516 0.0449219 0.0703125 0.0664062 0.0583646
1 0.720703 0.420898 0.046875 0.0449219 0.0600291
1 0.927734 0.240234 0.0507812 0.0429688 0.0615883
1 0.825195 0.518555 0.0214844 0.0253906 0.0616246
1 0.858398 0.273438 0.0605469 0.0664062 0.0650275
1 0.443359 0.149414 0.0859375 0.0878906 0.075484
1 0.953125 0.526367 0.078125 0.0566406 0.0821778
1 0.874023 0.509766 0.0253906 0.0234375 0.0856953
1 0.0458984 0.472656 0.0917969 0.117188 0.0881049
1 0.232422 0.0751953 0.0742188 0.0761719 0.088655
1 0.331055 0.591797 0.0371094 0.0390625 0.09376
1 0.787109 0.283203 0.0546875 0.0507812 0.0942371
1 0.645508 0.439453 0.0800781 0.0664062 0.125782
1 0.946289 0.233398 0.103516 0.0722656 0.127927
1 0.147461 0.24707 0.0449219 0.0410156 0.172011
1 0.458008 0.182617 0.119141 0.158203 0.17604
1 0.837891 0.515625 0.03125 0.0273438 0.176742
1 0.246094 0.0742188 0.101562 0.128906 0.21029
1 0.670898 0.428711 0.142578 0.0800781 0.218295
1 0.0849609 0.0439453 0.0253906 0.0214844 0.249272
1 0.619141 0.594727 0.078125 0.0605469 0.264445
1 0.97168 0.533203 0.0410156 0.0390625 0.316497
1 0.00976562 0.394531 0.0195312 0.0429688 0.319625
1 0.391602 0.266602 0.146484 0.0957031 0.331169
1 0.301758 0.0234375 0.0449219 0.0429688 0.335147
1 0.789062 0.520508 0.0390625 0.0371094 0.348538
1 0.935547 0.523438 0.046875 0.0429688 0.388339
1 0.820312 0.277344 0.128906 0.0703125 0.418542
1 0.957031 0.981445 0.0859375 0.0371094 0.433129
1 0.683594 0.522461 0.117188 0.0839844 0.50833
1 0.651367 0.669922 0.0449219 0.0390625 0.528739
1 0.942383 0.429688 0.0488281 0.0429688 0.654254
