1 0.196289 0.310547 0.0371094 0.0351562 0.0202334
1 0.306641 0.183594 0.0703125 0.0820312 0.022234
1 0.200195 0.351562 0.0449219 0.046875 0.0232111
1 0.251953 0.338867 0.03125 0.0214844 0.0245197
1 0.180664 0.207031 0.0644531 0.121094 0.0247068
1 0.400391 0.186523 0.191406 0.0957031 0.0267743
1 0.237305 0.186523 0.0527344 0.0449219 0.0289832
1 0.274414 0.182617 0.134766 0.103516 0.0337247
1 0.204102 0.417969 0.0410156 0.0390625 0.0352303
1 0.195312 0.322266 0.046875 0.0429688 0.0436634
1 0.336914 0.177734 0.126953 0.105469 0.046734
1 0.268555 0.425781 0.0253906 0.0273438 0.0518862
1 0.408203 0.15918 0.289062 0.150391 0.0528545
1 0.253906 0.373047 0.03125 0.0390625 0.0545007
1 0.208008 0.365234 0.0332031 0.0273438 0.0557056
1 0.178711 0.179688 0.0527344 0.0546875 0.0615166
1 0.197266 0.335938 0.0390625 0.0351562 0.0623445
1 0.255859 0.40918 0.0351562 0.0253906 0.09256
1 0.254883 0.362305 0.0253906 0.0175781 0.123777
1 0.475586 0.155273 0.130859 0.138672 0.181125
1 0.253906 0.382812 0.0273438 0.0234375 0.1847
1 0.185547 0.241211 0.0585938 0.0488281 0.210365
1 0.219727 0.553711 0.0449219 0.0488281 0.231975
1 0.255859 0.301758 0.0507812 0.0449219 0.293411
