1 0.557617 0.475586 0.0527344 0.0410156 0.0201581
1 0.0517578 0.605469 0.0605469 0.0742188 0.0202221
1 0.231445 0.53418 0.0566406 0.0449219 0.0202246
1 0.983398 0.0351562 0.0332031 0.0507812 0.0227675
1 0.849609 0.505859 0.0742188 0.246094 0.0232049
1 0.654297 0.545898 0.0351562 0.0371094 0.0242471
1 0.970703 0.714844 0.0585938 0.117188 0.0264432
1 0.618164 0.472656 0.0839844 0.046875 0.0268993
1 0.325195 0.59082 0.0371094 0.0605469 0.0269156
1 0.853516 0.572266 0.0859375 0.0898438 0.0271741
1 0.990234 0.0283203 0.0195312 0.0292969 0.028553
1 0.857422 0.864258 0.0664062 0.150391 0.0290632
1 0.241211 0.572266 0.197266 0.148438 0.0308934
1 0.65625 0.501953 0.0820312 0.117188 0.0352015
1 0.856445 0.538086 0.0527344 0.0566406 0.0365588
1 0.579102 0.466797 0.0996094 0.0546875 0.0374092
1 0.647461 0.506836 0.0605469 0.0644531 0.0374787
1 0.294922 0.525391 0.046875 0.0390625 0.0381883
1 0.482422 0.785156 0.0429688 0.0585938 0.0382885
1 0.324219 0.573242 0.03125 0.0332031 0.0413471
1 0.169922 0.59668 0.046875 0.0527344 0.0446789
1 0.307617 0.529297 0.0527344 0.0546875 0.0490993
1 0.213867 0.621094 0.0371094 0.0429688 0.0515663
1 0.847656 0.422852 0.0546875 0.0488281 0.0587061
1 0.652344 0.529297 0.0507812 0.0507812 0.0591063
1 0.445312 0.831055 0.0585938 0.0527344 0.0592261
1 0.978516 0.69043 0.0429688 0.0527344 0.0703271
1 0.851562 0.474609 0.0507812 0.046875 0.0739437
1 0.272461 0.529297 0.107422 0.0546875 0.0758815
1 0.786133 0.595703 0.0761719 0.0742188 0.0763337
1 0.727539 0.459961 0.0371094 0.0371094 0.0766347
1 0.482422 0.773438 0.0351562 0.03125 0.0796154
1 0.849609 0.65918 0.078125 0.0722656 0.0808769
1 0.174805 0.573242 0.0605469 0.0761719 0.0947808
1 0.655273 0.473633 0.0605469 0.0566406 0.0954667
1 0.865234 0.857422 0.0507812 0.0390625 0.105557
1 0.81543 0.558594 0.142578 0.128906 0.105613
1 0.586914 0.475586 0.212891 0.0722656 0.114982
1 0.788086 0.519531 0.0839844 0.078125 0.118115
1 0.864258 0.586914 0.0566406 0.0527344 0.157519
1 0.188477 0.59668 0.0878906 0.0839844 0.200432
1 0.208984 0.605469 0.0507812 0.0664062 0.208818
1 0.847656 0.450195 0.0664062 0.103516 0.219612
1 0.850586 0.360352 0.0605469 0.0488281 0.260094
1 0.504883 0.478516 0.0449219 0.0507812 0.270979
1 0.496094 0.981445 0.109375 0.0371094 0.282343
1 0.856445 0.817383 0.0644531 0.0566406 0.295464
1 0.449219 0.810547 0.0898438 0.101562 0.304163
1 0.295898 0.605469 0.0722656 0.0546875 0.337762
1 0.856445 0.90625 0.0488281 0.0429688 0.348473
1 0.583984 0.548828 0.0507812 0.0390625 0.441389
1 0.863281 0.757812 0.0546875 0.0429688 0.461318
1 0.0449219 0.661133 0.0898438 0.123047 0.510517
