1 0.0175781 0.107422 0.0351562 0.03125 0.0205907
1 0.0458984 0.157227 0.0527344 0.0566406 0.0207961
1 0.615234 0.320312 0.0273438 0.0390625 0.0217277
1 0.780273 0.214844 0.0371094 0.0390625 0.0227134
1 0.598633 0.318359 0.0527344 0.0546875 0.0238938
1 0.43457 0.330078 0.0410156 0.03125 0.0242784
1 0.548828 0.324219 0.0351562 0.0390625 0.0308919
1 0.571289 0.327148 0.0644531 0.0488281 0.0315167
1 0.00683594 0.49707 0.0136719 0.0527344 0.0330915
1 0.0126953 0.734375 0.0253906 0.0429688 0.0477255
1 0.77832 0.197266 0.0410156 0.0664062 0.0549522
1 0.00585938 0.478516 0.0117188 0.0195312 0.0578146
1 0.0195312 0.163086 0.0390625 0.0488281 0.0759838
1 0.0507812 0.155273 0.0351562 0.0371094 0.109987
1 0.557617 0.332031 0.0292969 0.03125 0.28104
1 0.803711 0.272461 0.0488281 0.0488281 0.4141
1 0.588867 0.323242 0.0292969 0.0332031 0.540168
1 0.661133 0.319336 0.0410156 0.0410156 0.565125
