1 0.575195 0.710938 0.169922 0.226562 0.0210358
0 0.0898438 0.571289 0.179688 0.396484 0.0219911
1 0.15625 0.411133 0.046875 0.0527344 0.0225384
1 0.989258 0.697266 0.0214844 0.0429688 0.025065
1 0.682617 0.691406 0.0683594 0.0742188 0.0301018
1 0.680664 0.676758 0.310547 0.126953 0.0302568
1 0.583008 0.769531 0.0527344 0.0351562 0.0320312
4 0.833008 0.265625 0.330078 0.332031 0.0363746
4 0.0888672 0.589844 0.177734 0.398438 0.0429264
1 0.520508 0.758789 0.0488281 0.0371094 0.0500235
1 0.842773 0.887695 0.0644531 0.0527344 0.0523126
1 0.588867 0.78418 0.0605469 0.0722656 0.056027
1 0.517578 0.771484 0.0585938 0.0859375 0.0601166
1 0.787109 0.689453 0.0820312 0.0898438 0.0651144
1 0.550781 0.762695 0.128906 0.111328 0.116866
1 0.580078 0.801758 0.0507812 0.0371094 0.12754
1 0.516602 0.792969 0.0527344 0.046875 0.149796
1 0.742188 0.930664 0.105469 0.126953 0.177698
1 0.614258 0.933594 0.111328 0.128906 0.197451
1 0.589844 0.65625 0.109375 0.109375 0.222952
1 0.59668 0.842773 0.0527344 0.0410156 0.234315
1 0.680664 0.932617 0.228516 0.134766 0.269954
1 0.859375 0.969727 0.0898438 0.0605469 0.282096
1 0.741211 0.689453 0.169922 0.09375 0.325343
1 0.982422 0.667969 0.0351562 0.0859375 0.487099
1 0.897461 0.852539 0.169922 0.119141 0.589307
1 0.902344 0.680664 0.113281 0.0957031 0.591088
