4 0.612305 0.339844 0.0839844 0.0742188 0.0218741
1 0.474609 0.852539 0.0390625 0.0332031 0.0226846
1 0.00878906 0.584961 0.0175781 0.0175781 0.0230287
1 0.482422 0.829102 0.0429688 0.0332031 0.0295458
4 0.193359 0.884766 0.261719 0.230469 0.0316027
3 0.379883 0.015625 0.169922 0.03125 0.0345705
1 0.486328 0.584961 0.0585938 0.0371094 0.0351946
1 0.432617 0.859375 0.0410156 0.0351562 0.0370065
1 0.0341797 0.586914 0.0175781 0.0136719 0.0391147
1 0.0263672 0.585938 0.0214844 0.0195312 0.0534799
0 0.59668 0.267578 0.806641 0.460938 0.0642572
1 0.462891 0.822266 0.0859375 0.0390625 0.0826076
1 0.469727 0.769531 0.0683594 0.0546875 0.0903846
1 0.459961 0.829102 0.107422 0.216797 0.123058
1 0.347656 0.629883 0.0351562 0.0332031 0.231048
1 0.476562 0.898438 0.0625 0.0664062 0.256844
