5 0.00683594 0.516602 0.0136719 0.0214844 0.0288499
1 0.758789 0.614258 0.0371094 0.0371094 0.0290432
3 0.172852 0.236328 0.337891 0.46875 0.029964
1 0.740234 0.754883 0.0585938 0.0566406 0.0301799
1 0.989258 0.749023 0.0214844 0.0410156 0.0332066
1 0.819336 0.757812 0.138672 0.0742188 0.0343737
3 0.560547 0.348633 0.265625 0.0761719 0.0368447
1 0.952148 0.904297 0.0957031 0.078125 0.0496646
3 0.0888672 0.669922 0.0214844 0.03125 0.0551091
3 0.0224609 0.451172 0.0449219 0.207031 0.0555974
3 0.172852 0.40625 0.119141 0.0898438 0.0623972
1 0.171875 0.836914 0.03125 0.0253906 0.0664565
1 0.972656 0.744141 0.0546875 0.046875 0.0668618
1 0.707031 0.865234 0.0742188 0.0976562 0.079166
3 0.713867 0.226562 0.564453 0.453125 0.0873026
3 0.0830078 0.395508 0.0605469 0.0878906 0.113004
1 0.853516 0.759766 0.0664062 0.0625 0.121695
3 0.0673828 0.0595703 0.130859 0.119141 0.450464
