1 0.485352 0.986328 0.0800781 0.0273438 0.0227075
1 0.890625 0.989258 0.0585938 0.0214844 0.0229269
1 0.439453 0.955078 0.0820312 0.0859375 0.0271036
1 0.958008 0.1875 0.0839844 0.34375 0.0346866
1 0.427734 0.985352 0.0625 0.0292969 0.0392621
1 0.490234 0.624023 0.0390625 0.0449219 0.051745
3 0.40918 0.0634766 0.169922 0.0800781 0.0619969
1 0.195312 0.985352 0.0273438 0.0253906 0.114394
1 0.439453 0.960938 0.179688 0.078125 0.126433
1 0.460938 0.981445 0.132812 0.0371094 0.130076
1 0.977539 0.293945 0.0449219 0.0839844 0.179011
1 0.158203 0.980469 0.0390625 0.0351562 0.477845
1 0.359375 0.974609 0.0585938 0.046875 0.50788
