1 0.117188 0.855469 0.128906 0.0742188 0.0207701
1 0.825195 0.324219 0.0214844 0.0234375 0.0208887
1 0.756836 0.21875 0.0214844 0.0195312 0.0212583
1 0.0166016 0.370117 0.0332031 0.0527344 0.022171
1 0.313477 0.339844 0.0332031 0.0273438 0.0227611
1 0.0488281 0.288086 0.0625 0.0644531 0.0228081
1 0.329102 0.44043 0.0449219 0.0410156 0.0231144
1 0.163086 0.919922 0.146484 0.0859375 0.023461
1 0.324219 0.587891 0.0625 0.0507812 0.0234803
1 0.100586 0.908203 0.130859 0.0742188 0.0235576
1 0.992188 0.0556641 0.015625 0.0449219 0.0237444
1 0.842773 0.300781 0.0214844 0.03125 0.0256356
1 0.306641 0.601562 0.0390625 0.0390625 0.0262159
1 0.540039 0.563477 0.0800781 0.0566406 0.0263376
1 0.992188 0.117188 0.015625 0.03125 0.0263687
1 0.823242 0.634766 0.0488281 0.0351562 0.0269057
1 0.641602 0.337891 0.0449219 0.0429688 0.0275526
1 0.712891 0.569336 0.121094 0.0449219 0.0282912
1 0.124023 0.854492 0.220703 0.287109 0.0293091
1 0.59082 0.556641 0.0488281 0.0546875 0.0307992
1 0.113281 0.884766 0.144531 0.0703125 0.0358159
1 0.0722656 0.924805 0.09375 0.142578 0.0374959
1 0.632812 0.671875 0.0351562 0.0390625 0.0383751
1 0.347656 0.583008 0.0703125 0.0449219 0.0391106
1 0.445312 0.347656 0.0234375 0.0234375 0.0446733
1 0.43457 0.563477 0.294922 0.0761719 0.0452964
1 0.365234 0.328125 0.0664062 0.03125 0.0460746
1 0.511719 0.55957 0.0507812 0.0449219 0.0467216
1 0.487305 0.556641 0.0761719 0.0625 0.0482902
1 0.429688 0.571289 0.0742188 0.0488281 0.0501165
1 0.28125 0.364258 0.0234375 0.0253906 0.0506154
1 0.849609 0.563477 0.0273438 0.0214844 0.0513446
1 0.214844 0.951172 0.0546875 0.0703125 0.0562657
1 0.386719 0.325195 0.0390625 0.0292969 0.0589182
1 0.654297 0.582031 0.0507812 0.0390625 0.0610936
1 0.572266 0.568359 0.03125 0.03125 0.0654985
1 0.382812 0.581055 0.167969 0.0488281 0.0660937
1 0.345703 0.331055 0.0273438 0.0214844 0.0661191
1 0.0605469 0.798828 0.0546875 0.0546875 0.071942
1 0.869141 0.547852 0.0429688 0.0410156 0.074716
1 0.316406 0.364258 0.03125 0.0253906 0.076186
1 0.368164 0.333008 0.0214844 0.0175781 0.0806378
1 0.853516 0.554688 0.03125 0.0351562 0.0806842
1 0.773438 0.245117 0.03125 0.0292969 0.0817577
1 0.834961 0.56543 0.0292969 0.0214844 0.0828706
1 0.727539 0.571289 0.0449219 0.0371094 0.0911169
1 0.0957031 0.302734 0.179688 0.253906 0.0919254
1 0.197266 0.938477 0.0859375 0.0996094 0.0920684
1 0.782227 0.558594 0.0332031 0.0273438 0.101726
1 0.743164 0.569336 0.0332031 0.0371094 0.10283
1 0.990234 0.563477 0.0195312 0.0449219 0.111892
1 0.113281 0.364258 0.109375 0.107422 0.1151
1 0.537109 0.55957 0.0429688 0.0410156 0.123013
1 0.710938 0.575195 0.0390625 0.0292969 0.133306
1 0.696289 0.579102 0.0253906 0.0214844 0.13709
1 0.451172 0.557617 0.117188 0.0722656 0.146549
1 0.34375 0.438477 0.03125 0.0332031 0.147552
1 0.331055 0.333008 0.0371094 0.0214844 0.151505
1 0.631836 0.582031 0.0332031 0.0351562 0.156529
1 0.759766 0.564453 0.0585938 0.0390625 0.158672
1 0.986328 0.546875 0.0273438 0.0625 0.170285
1 0.130859 0.928711 0.207031 0.134766 0.191544
1 0.0810547 0.960938 0.0917969 0.0742188 0.202651
1 0.884766 0.541016 0.03125 0.0390625 0.205712
1 0.0136719 0.481445 0.0273438 0.0566406 0.280162
1 0.698242 0.368164 0.0214844 0.0214844 0.285477
1 0.584961 0.543945 0.0332031 0.0332031 0.390368
1 0.664062 0.580078 0.0273438 0.0273438 0.441631
