1 0.884766 0.306641 0.0429688 0.0429688 0.0200681
5 0.772461 0.651367 0.0566406 0.0527344 0.0207218
1 0.847656 0.27832 0.128906 0.142578 0.0215075
1 0.49707 0.530273 0.0488281 0.0371094 0.0219057
1 0.492188 0.220703 0.0625 0.0585938 0.0226373
1 0.897461 0.302734 0.0253906 0.0234375 0.0227887
1 0.844727 0.109375 0.310547 0.214844 0.0233963
1 0.396484 0.130859 0.0429688 0.0742188 0.0235816
1 0.482422 0.506836 0.0820312 0.154297 0.0236571
1 0.395508 0.314453 0.107422 0.117188 0.0244553
1 0.144531 0.429688 0.0507812 0.0507812 0.0246417
1 0.756836 0.141602 0.126953 0.0800781 0.024888
1 0.484375 0.494141 0.0625 0.0546875 0.0249067
0 0.746094 0.862305 0.496094 0.271484 0.0268208
1 0.0332031 0.40625 0.0234375 0.0273438 0.0275496
1 0.516602 0.543945 0.0292969 0.0371094 0.031789
1 0.126953 0.420898 0.0585938 0.0566406 0.032861
1 0.503906 0.509766 0.0390625 0.0273438 0.0329349
1 0.87793 0.321289 0.0253906 0.0214844 0.0332813
1 0.453125 0.202148 0.0351562 0.0292969 0.0351008
1 0.958984 0.24707 0.078125 0.0722656 0.0351817
1 0.366211 0.298828 0.0722656 0.0546875 0.0365096
1 0.503906 0.599609 0.0390625 0.0351562 0.0365591
1 0.112305 0.558594 0.0605469 0.0546875 0.0374026
1 0.771484 0.652344 0.0546875 0.0507812 0.0384819
1 0.536133 0.219727 0.0292969 0.0371094 0.0390184
1 0.448242 0.126953 0.123047 0.0625 0.0426646
1 0.916992 0.246094 0.166016 0.0820312 0.042767
1 0.0556641 0.683594 0.0449219 0.0429688 0.0465518
1 0.396484 0.429688 0.0703125 0.0585938 0.0608603
1 0.373047 0.387695 0.046875 0.0371094 0.0638249
1 0.354492 0.204102 0.0488281 0.0449219 0.0679711
1 0.931641 0.0615234 0.136719 0.119141 0.068152
1 0.361328 0.290039 0.109375 0.0839844 0.0712125
1 0.298828 0.416992 0.0351562 0.0371094 0.0735259
1 0.464844 0.142578 0.0351562 0.03125 0.076981
1 0.619141 0.198242 0.0429688 0.0371094 0.0814929
1 0.893555 0.237305 0.212891 0.220703 0.100503
1 0.575195 0.208008 0.0449219 0.0449219 0.118006
1 0.37207 0.367188 0.154297 0.246094 0.125877
1 0.395508 0.151367 0.0292969 0.0332031 0.139091
1 0.366211 0.382812 0.0683594 0.0625 0.139235
1 0.390625 0.110352 0.0390625 0.0371094 0.154789
1 0.396484 0.450195 0.0664062 0.0566406 0.163148
1 0.475586 0.134766 0.0644531 0.046875 0.167559
1 0.334961 0.203125 0.0917969 0.0546875 0.175534
1 0.757812 0.483398 0.0390625 0.0332031 0.226264
0 0.750977 0.651367 0.490234 0.693359 0.248775
1 0.100586 0.411133 0.0996094 0.0761719 0.257327
1 0.53418 0.640625 0.0605469 0.0390625 0.314453
1 0.501953 0.563477 0.0507812 0.0527344 0.325477
1 0.483398 0.204102 0.0878906 0.0683594 0.371679
1 0.477539 0.470703 0.0722656 0.0664062 0.447022
