1 0.523438 0.425781 0.015625 0.015625 0.0204247
1 0.724609 0.988281 0.0429688 0.0195312 0.0213238
1 0.942383 0.919922 0.0839844 0.0546875 0.0261513
1 0.894531 0.990234 0.0585938 0.0195312 0.0273045
1 0.982422 0.936523 0.0351562 0.0566406 0.0275165
1 0.408203 0.19043 0.015625 0.0175781 0.0313178
0 0.307617 0.498047 0.615234 0.996094 0.0316049
1 0.416992 0.328125 0.0214844 0.0195312 0.0337097
1 0.739258 0.987305 0.0292969 0.0214844 0.0386774
1 0.797852 0.424805 0.0644531 0.0449219 0.0395506
1 0.810547 0.0761719 0.0234375 0.0234375 0.0438951
1 0.703125 0.72168 0.0234375 0.0214844 0.0442436
1 0.988281 0.989258 0.0234375 0.0214844 0.0456749
1 0.432617 0.185547 0.0214844 0.0195312 0.0494239
1 0.526367 0.464844 0.0488281 0.0429688 0.0790042
1 0.0703125 0.733398 0.0390625 0.0410156 0.0841371
1 0.919922 0.916992 0.0429688 0.0410156 0.0844791
1 0.792969 0.987305 0.0703125 0.0253906 0.0850024
1 0.773438 0.967773 0.164062 0.0644531 0.086859
1 0.932617 0.960938 0.134766 0.078125 0.0945985
1 0.927734 0.989258 0.117188 0.0214844 0.0991167
1 0.96875 0.923828 0.0585938 0.0664062 0.127891
1 0.226562 0.0761719 0.0429688 0.0390625 0.152908
1 0.765625 0.982422 0.132812 0.0351562 0.170522
1 0.851562 0.947266 0.0351562 0.03125 0.234053
1 0.175781 0.0546875 0.0273438 0.0234375 0.268759
1 0.201172 0.0214844 0.03125 0.03125 0.370102
1 0.151367 0.0332031 0.0292969 0.03125 0.402694
