4 0.652344 0.0917969 0.308594 0.183594 0.0203807
1 0.427734 0.667969 0.0703125 0.0546875 0.0231272
1 0.962891 0.645508 0.0742188 0.142578 0.0243685
1 0.438477 0.703125 0.0644531 0.0507812 0.0325026
5 0.930664 0.322266 0.0683594 0.0625 0.0329312
3 0.959961 0.561523 0.0800781 0.326172 0.0493188
1 0.449219 0.716797 0.0546875 0.0507812 0.0582743
1 0.151367 0.449219 0.291016 0.136719 0.0711212
3 0.977539 0.479492 0.0449219 0.0839844 0.0964208
0 0.206055 0.183594 0.412109 0.363281 0.116008
4 0.458984 0.0751953 0.046875 0.146484 0.119452
1 0.433594 0.6875 0.09375 0.121094 0.165344
5 0.915039 0.262695 0.0292969 0.0292969 0.165386
5 0.922852 0.208008 0.0722656 0.0683594 0.213636
3 0.967773 0.642578 0.0605469 0.15625 0.329021
3 0.567383 0.59668 0.138672 0.259766 0.436675
