1 0.0732422 0.21875 0.0332031 0.0351562 0.0209668
1 0.676758 0.0244141 0.0566406 0.0488281 0.0225499
1 0.0673828 0.0449219 0.0371094 0.03125 0.0226052
1 0.261719 0.432617 0.0429688 0.0410156 0.0238066
1 0.0527344 0.0820312 0.0664062 0.046875 0.0279965
1 0.240234 0.150391 0.113281 0.0742188 0.028017
1 0.298828 0.136719 0.0976562 0.0820312 0.029643
1 0.319336 0.0869141 0.0878906 0.0488281 0.0299398
1 0.361328 0.0898438 0.0703125 0.0507812 0.0310612
1 0.0390625 0.144531 0.046875 0.0351562 0.034892
1 0.679688 0.0273438 0.03125 0.0351562 0.0355627
1 0.0703125 0.0751953 0.0390625 0.0292969 0.0365889
2 0.654297 0.626953 0.0703125 0.0703125 0.037419
1 0.399414 0.0830078 0.0996094 0.0683594 0.0388463
1 0.0507812 0.123047 0.0625 0.078125 0.0404541
1 0.0283203 0.0507812 0.0566406 0.078125 0.0429504
1 0.655273 0.626953 0.0683594 0.0703125 0.0430026
1 0.307617 0.912109 0.0488281 0.046875 0.0436023
1 0.202148 0.163086 0.0800781 0.0800781 0.0441718
1 0.0273438 0.0830078 0.046875 0.0566406 0.0461063
1 0.0615234 0.114258 0.0371094 0.0332031 0.0472398
1 0.280273 0.137695 0.0566406 0.0410156 0.0474014
1 0.632812 0.0166016 0.0546875 0.0332031 0.0478667
1 0.0849609 0.105469 0.0527344 0.0546875 0.0561927
1 0.609375 0.0273438 0.160156 0.0546875 0.0598242
1 0.43457 0.0722656 0.0410156 0.046875 0.0717494
1 0.217773 0.150391 0.0605469 0.0546875 0.0935008
1 0.0527344 0.0175781 0.0585938 0.0351562 0.107255
1 0.269531 0.135742 0.03125 0.0292969 0.110419
1 0.245117 0.413086 0.0371094 0.0371094 0.121041
1 0.1875 0.561523 0.0351562 0.0371094 0.123063
1 0.0546875 0.100586 0.0585938 0.0488281 0.129426
1 0.165039 0.175781 0.166016 0.09375 0.131657
1 0.351562 0.785156 0.0703125 0.0625 0.137884
1 0.0576172 0.146484 0.0410156 0.0351562 0.149377
1 0.266602 0.411133 0.0488281 0.0449219 0.173644
1 0.331055 0.759766 0.0371094 0.0351562 0.185155
1 0.124023 0.18457 0.0800781 0.0722656 0.213076
1 0.383789 0.0878906 0.0449219 0.0429688 0.220577
1 0.335938 0.773438 0.0507812 0.0585938 0.226534
1 0.111328 0.541016 0.0664062 0.0585938 0.231948
1 0.337891 0.0927734 0.0429688 0.0410156 0.235805
1 0.369141 0.786133 0.03125 0.0332031 0.259191
1 0.262695 0.407227 0.0722656 0.0683594 0.265263
1 0.0419922 0.03125 0.0839844 0.0625 0.274136
1 0.291992 0.078125 0.0410156 0.0351562 0.344609
1 0.0976562 0.112305 0.03125 0.0292969 0.398621
1 0.573242 0.0253906 0.0683594 0.0507812 0.445473
1 0.500977 0.0917969 0.0996094 0.0898438 0.550254
