1 0.953125 0.740234 0.0898438 0.0703125 0.0203597
1 0.592773 0.808594 0.0917969 0.0820312 0.0205895
1 0.333984 0.149414 0.0273438 0.0292969 0.0206211
1 0.87207 0.945312 0.0761719 0.078125 0.0207684
1 0.939453 0.695312 0.0703125 0.046875 0.0223481
1 0.376953 0.780273 0.0546875 0.0527344 0.0227664
1 0.948242 0.644531 0.0605469 0.0585938 0.0230748
1 0.229492 0.65332 0.0527344 0.0527344 0.0238903
1 0.0126953 0.773438 0.0253906 0.046875 0.0255543
1 0.249023 0.650391 0.0917969 0.0703125 0.0257653
1 0.320312 0.90625 0.0820312 0.078125 0.0261933
1 0.0546875 0.614258 0.109375 0.0957031 0.0278398
1 0.287109 0.946289 0.136719 0.0878906 0.0279312
1 0.93457 0.680664 0.103516 0.0839844 0.0282311
1 0.422852 0.780273 0.0722656 0.0683594 0.0291321
1 0.646484 0.802734 0.0703125 0.0898438 0.0310201
1 0.844727 0.870117 0.0488281 0.0488281 0.031804
1 0.474609 0.921875 0.0898438 0.0976562 0.0329728
1 0.914062 0.763672 0.171875 0.472656 0.0339001
1 0.333008 0.700195 0.0761719 0.0722656 0.0358916
1 0.0351562 0.75 0.0703125 0.101562 0.0373146
1 0.438477 0.938477 0.103516 0.0839844 0.0410858
1 0.140625 0.762695 0.140625 0.0957031 0.0419661
1 0.370117 0.759766 0.0722656 0.0820312 0.0422489
1 0.313477 0.664062 0.0800781 0.105469 0.0422605
1 0.349609 0.725586 0.09375 0.126953 0.0426403
1 0.25293 0.859375 0.142578 0.105469 0.0428597
1 0.261719 0.785156 0.105469 0.09375 0.0429345
1 0.918945 0.722656 0.158203 0.0898438 0.0470994
1 0.716797 0.119141 0.0507812 0.0507812 0.0482708
1 0.239258 0.87207 0.0839844 0.0605469 0.0602013
1 0.554688 0.742188 0.113281 0.101562 0.0696327
1 0.225586 0.853516 0.271484 0.292969 0.0704959
1 0.0253906 0.609375 0.0507812 0.0859375 0.0710897
1 0.944336 0.84082 0.107422 0.103516 0.079972
1 0.264648 0.987305 0.0957031 0.0253906 0.0858451
1 0.333008 0.977539 0.0449219 0.0410156 0.0916223
1 0.243164 0.62793 0.146484 0.107422 0.0961403
1 0.916016 0.657227 0.15625 0.228516 0.096895
1 0.175781 0.969727 0.0507812 0.0527344 0.101433
1 0.0234375 0.742188 0.046875 0.0664062 0.102483
1 0.425781 0.969727 0.109375 0.0605469 0.107061
1 0.616211 0.905273 0.0488281 0.0527344 0.112882
1 0.168945 0.760742 0.306641 0.119141 0.121165
1 0.423828 0.983398 0.0859375 0.0332031 0.125197
1 0.279297 0.904297 0.160156 0.121094 0.133909
1 0.21582 0.779297 0.169922 0.125 0.153073
1 0.279297 0.973633 0.148438 0.0527344 0.159164
1 0.623047 0.80957 0.132812 0.107422 0.179212
1 0.594727 0.767578 0.189453 0.175781 0.186778
1 0.0732422 0.751953 0.107422 0.101562 0.203701
1 0.217773 0.619141 0.0761719 0.0976562 0.334137
1 0.447266 0.928711 0.140625 0.142578 0.432203
1 0.455078 0.780273 0.109375 0.0878906 0.448364
1 0.640625 0.902344 0.0976562 0.0664062 0.452818
1 0.0859375 0.600586 0.167969 0.134766 0.53796
