1 0.401367 0.0166016 0.0371094 0.0292969 0.0212283
1 0.164062 0.476562 0.0273438 0.0429688 0.0220359
1 0.463867 0.116211 0.0253906 0.0253906 0.0273748
1 0.0869141 0.325195 0.0371094 0.0488281 0.0283403
1 0.336914 0.0332031 0.0175781 0.015625 0.0295026
1 0.823242 0.970703 0.0292969 0.0234375 0.0320425
1 0.900391 0.977539 0.0351562 0.0371094 0.0325249
2 0.508789 0.0341797 0.0761719 0.0683594 0.0340586
1 0.980469 0.141602 0.0390625 0.0527344 0.0367331
0 0.75 0.238281 0.496094 0.476562 0.0371328
1 0.442383 0.00976562 0.0253906 0.015625 0.0373168
1 0.408203 0.0224609 0.0234375 0.0253906 0.0405926
1 0.395508 0.0078125 0.0371094 0.015625 0.0581621
1 0.330078 0.0214844 0.03125 0.0351562 0.0606392
1 0.488281 0.0976562 0.0273438 0.0234375 0.0638377
1 0.204102 0.543945 0.0332031 0.0410156 0.081865
1 0.238281 0.598633 0.0351562 0.0332031 0.0879248
1 0.142578 0.4375 0.03125 0.0273438 0.0938084
1 0.297852 0.807617 0.0292969 0.0292969 0.12678
1 0.328125 0.00976562 0.0351562 0.0195312 0.130477
1 0.0830078 0.316406 0.0253906 0.0234375 0.13776
1 0.0888672 0.333984 0.0214844 0.0234375 0.144784
1 0.508789 0.0351562 0.0800781 0.0703125 0.169752
1 0.227539 0.586914 0.0214844 0.0214844 0.184339
1 0.148438 0.448242 0.0351562 0.0371094 0.207327
1 0.114258 0.381836 0.0253906 0.0214844 0.21233
1 0.124023 0.395508 0.0292969 0.0332031 0.248599
1 0.154297 0.458008 0.0351562 0.0410156 0.255236
1 0.109375 0.357422 0.0273438 0.0234375 0.300257
1 0.447266 0.0283203 0.0234375 0.0253906 0.326343
1 0.246094 0.608398 0.03125 0.0292969 0.335014
1 0.208984 0.557617 0.0273438 0.0253906 0.367827
1 0.191406 0.524414 0.03125 0.0332031 0.3816
