3 0.858398 0.959961 0.0527344 0.0292969 0.0219622
3 0.858398 0.988281 0.0410156 0.0234375 0.0278643
3 0.489258 0.344727 0.0683594 0.0527344 0.0345805
1 0.969727 0.250977 0.0605469 0.0605469 0.0348914
1 0.888672 0.164062 0.0273438 0.03125 0.0380575
3 0.463867 0.961914 0.341797 0.0683594 0.0440716
3 0.324219 0.873047 0.613281 0.246094 0.0476676
1 0.214844 0.0576172 0.0195312 0.0253906 0.063653
1 0.185547 0.0625 0.0273438 0.0234375 0.0789925
1 0.989258 0.249023 0.0214844 0.0488281 0.108229
1 0.951172 0.246094 0.0390625 0.0390625 0.124156
1 0.238281 0.0517578 0.0546875 0.0371094 0.183722
3 0.288086 0.956055 0.556641 0.0800781 0.251534
3 0.770508 0.930664 0.228516 0.138672 0.732396
