1 0.370117 0.111328 0.0292969 0.0273438 0.0200058
1 0.625977 0.507812 0.0644531 0.046875 0.0211908
1 0.794922 0.324219 0.0585938 0.046875 0.0219929
1 0.763672 0.370117 0.140625 0.142578 0.022562
1 0.759766 0.420898 0.0546875 0.0410156 0.0241113
1 0.78125 0.370117 0.046875 0.0371094 0.0260541
1 0.480469 0.0908203 0.0234375 0.0292969 0.0267441
1 0.741211 0.694336 0.0449219 0.0371094 0.0283471
1 0.645508 0.448242 0.0410156 0.0644531 0.0293774
1 0.75293 0.68457 0.0292969 0.0292969 0.032528
1 0.611328 0.494141 0.0820312 0.0546875 0.0365909
1 0.492188 0.0878906 0.03125 0.0351562 0.0401361
1 0.772461 0.349609 0.0644531 0.0507812 0.0430909
5 0.750977 0.634766 0.0332031 0.0351562 0.0456054
1 0.782227 0.576172 0.0292969 0.03125 0.0462517
1 0.789062 0.269531 0.0351562 0.0351562 0.0478035
1 0.111328 0.889648 0.03125 0.0253906 0.0478455
1 0.779297 0.543945 0.0351562 0.0371094 0.0482589
1 0.760742 0.260742 0.0800781 0.0605469 0.050959
1 0.773438 0.401367 0.0664062 0.0527344 0.057348
1 0.446289 0.146484 0.0292969 0.0273438 0.0613277
1 0.413086 0.0859375 0.0292969 0.0273438 0.0620852
1 0.754883 0.552734 0.0878906 0.0703125 0.0655488
1 0.839844 0.328125 0.0234375 0.0273438 0.0684595
1 0.834961 0.329102 0.0371094 0.0410156 0.0767151
1 0.614258 0.46582 0.0996094 0.119141 0.0810915
5 0.526367 0.0292969 0.0253906 0.0273438 0.0818251
1 0.78418 0.310547 0.0371094 0.0351562 0.0852645
1 0.738281 0.544922 0.0507812 0.0507812 0.0891024
1 0.526367 0.0302734 0.0253906 0.0253906 0.0897456
1 0.683594 0.726562 0.046875 0.0429688 0.0927457
1 0.828125 0.333984 0.0273438 0.0273438 0.0969958
1 0.761719 0.467773 0.0546875 0.0527344 0.134574
1 0.542969 0.426758 0.0429688 0.0683594 0.146138
1 0.766602 0.387695 0.0917969 0.0917969 0.172878
1 0.776367 0.319336 0.0605469 0.0488281 0.210084
5 0.689453 0.669922 0.0625 0.0585938 0.243816
1 0.704102 0.373047 0.0410156 0.0429688 0.271108
1 0.485352 0.0478516 0.0292969 0.0253906 0.275993
1 0.759766 0.231445 0.0898438 0.0839844 0.299009
1 0.592773 0.439453 0.0605469 0.0703125 0.316416
