1 0.176758 0.0644531 0.0292969 0.0195312 0.0211564
1 0.585938 0.209961 0.0546875 0.0292969 0.0252771
1 0.948242 0.0117188 0.0371094 0.0234375 0.0261526
1 0.0527344 0.958984 0.0234375 0.0195312 0.0322964
1 0.116211 0.975586 0.0371094 0.0410156 0.0332138
1 0.230469 0.0878906 0.03125 0.03125 0.0352635
1 0.21582 0.0380859 0.0332031 0.0371094 0.0370564
3 0.348633 0.37207 0.0527344 0.0449219 0.0380953
1 0.447266 0.291992 0.0585938 0.0488281 0.0387074
0 0.713867 0.204102 0.310547 0.134766 0.0524225
3 0.797852 0.676758 0.404297 0.0605469 0.057956
1 0.598633 0.223633 0.0488281 0.0488281 0.0638172
1 0.904297 0.163086 0.03125 0.123047 0.0638535
1 0.289062 0.978516 0.0507812 0.0429688 0.0699785
1 0.0556641 0.984375 0.0253906 0.0273438 0.0724687
0 0.628906 0.314453 0.691406 0.515625 0.0833225
1 0.0478516 0.523438 0.0332031 0.0351562 0.0869445
1 0.332031 0.980469 0.03125 0.0351562 0.109479
1 0.178711 0.0371094 0.0332031 0.03125 0.148132
1 0.421875 0.479492 0.03125 0.0292969 0.174525
1 0.0996094 0.980469 0.046875 0.0390625 0.260255
1 0.118164 0.970703 0.0214844 0.0234375 0.323039
1 0.592773 0.204102 0.0644531 0.0996094 0.41218
0 0.53125 0.0693359 0.660156 0.138672 0.693002
0 0.454102 0.214844 0.822266 0.429688 0.76695
