1 0.0253906 0.522461 0.0507812 0.134766 0.0202567
1 0.149414 0.250977 0.0722656 0.0527344 0.0219185
1 0.0771484 0.274414 0.0839844 0.0488281 0.0263158
1 0.251953 0.0078125 0.0390625 0.015625 0.0278539
1 0.3125 0.598633 0.0703125 0.0566406 0.0294446
1 0.266602 0.0195312 0.0644531 0.0390625 0.0312074
1 0.224609 0.0458984 0.0546875 0.0683594 0.0376666
1 0.290039 0.523438 0.0605469 0.046875 0.0444304
1 0.229492 0.0537109 0.0332031 0.0371094 0.0492222
1 0.213867 0.348633 0.0449219 0.0332031 0.0634628
1 0.719727 0.913086 0.0644531 0.0605469 0.0640918
1 0.288086 0.526367 0.0722656 0.0878906 0.0688907
1 0.299805 0.575195 0.0839844 0.0683594 0.0834279
1 0.109375 0.260742 0.15625 0.0605469 0.0863258
1 0.216797 0.0351562 0.0351562 0.0390625 0.0942283
1 0.0957031 0.274414 0.191406 0.115234 0.107309
1 0.290039 0.554688 0.0683594 0.0585938 0.110457
1 0.290039 0.496094 0.0605469 0.0625 0.115786
1 0.303711 0.552734 0.103516 0.179688 0.158298
1 0.213867 0.176758 0.0488281 0.0566406 0.160082
1 0.225586 0.366211 0.0644531 0.0683594 0.16717
1 0.563477 0.978516 0.0410156 0.0351562 0.189101
1 0.275391 0.0371094 0.0546875 0.0625 0.203
1 0.544922 0.977539 0.0820312 0.0410156 0.242704
1 0.235352 0.376953 0.0410156 0.0429688 0.264821
1 0.248047 0.0380859 0.113281 0.0761719 0.328334
1 0.0712891 0.524414 0.142578 0.189453 0.461457
