1 0.220703 0.285156 0.0195312 0.0195312 0.0210959
1 0.275391 0.311523 0.121094 0.0996094 0.0214947
4 0.773438 0.316406 0.445312 0.632812 0.0214989
1 0.299805 0.373047 0.0253906 0.0234375 0.0216883
1 0.34668 0.821289 0.0371094 0.0332031 0.0246019
5 0.298828 0.374023 0.0273438 0.0214844 0.027238
1 0.388672 0.874023 0.0273438 0.0253906 0.0303458
1 0.261719 0.268555 0.0273438 0.0253906 0.0347502
1 0.420898 0.884766 0.0761719 0.0703125 0.0349584
5 0.393555 0.0566406 0.0332031 0.0351562 0.0521605
1 0.317383 0.578125 0.0722656 0.0546875 0.0575526
1 0.341797 0.631836 0.0820312 0.0683594 0.0592544
1 0.332031 0.612305 0.101562 0.123047 0.104397
5 0.270508 0.40625 0.0332031 0.0351562 0.1287
3 0.272461 0.15918 0.197266 0.244141 0.874096
