1 0.488281 0.695312 0.03125 0.03125 0.02157
1 0.487305 0.678711 0.0371094 0.0449219 0.0225763
1 0.657227 0.529297 0.0644531 0.0664062 0.0249049
1 0.433594 0.509766 0.0234375 0.0273438 0.0261242
1 0.600586 0.28418 0.0488281 0.0371094 0.0271138
1 0.241211 0.706055 0.0410156 0.0878906 0.0272566
1 0.488281 0.667969 0.0546875 0.0742188 0.0335402
3 0.916992 0.723633 0.166016 0.0566406 0.0393652
1 0.654297 0.391602 0.0546875 0.0527344 0.0398689
1 0.238281 0.717773 0.0351562 0.0449219 0.0410095
1 0.488281 0.664062 0.0351562 0.0351562 0.0410571
1 0.688477 0.0722656 0.0214844 0.0195312 0.0416343
1 0.580078 0.545898 0.0546875 0.0488281 0.0430317
1 0.630859 0.382812 0.105469 0.0703125 0.0496486
1 0.242188 0.724609 0.0234375 0.0273438 0.0648222
1 0.238281 0.6875 0.03125 0.0351562 0.0664976
1 0.448242 0.548828 0.0371094 0.0390625 0.068052
1 0.428711 0.393555 0.0410156 0.0683594 0.0719651
1 0.426758 0.448242 0.0371094 0.0410156 0.0729494
1 0.601562 0.304688 0.105469 0.0859375 0.0761077
1 0.604492 0.37207 0.0566406 0.0449219 0.0793834
1 0.612305 0.342773 0.169922 0.166016 0.121924
0 0.53418 0.237305 0.341797 0.384766 0.122382
1 0.432617 0.413086 0.0566406 0.115234 0.262032
1 0.634766 0.536133 0.160156 0.107422 0.323883
