1 0.166992 0.837891 0.0683594 0.046875 0.0222516
1 0.459961 0.59375 0.0332031 0.03125 0.0231293
1 0.417969 0.808594 0.03125 0.0273438 0.0262431
1 0.450195 0.96875 0.0292969 0.0273438 0.0323935
1 0.47168 0.705078 0.0566406 0.0664062 0.0478355
1 0.078125 0.65918 0.0429688 0.0292969 0.0494097
1 0.140625 0.650391 0.046875 0.0390625 0.0494259
1 0.47168 0.711914 0.0410156 0.0371094 0.0565069
1 0.0478516 0.839844 0.0839844 0.0546875 0.056624
1 0.147461 0.637695 0.0449219 0.0332031 0.0716001
1 0.180664 0.834961 0.0292969 0.0332031 0.0746335
1 0.129883 0.630859 0.0214844 0.0234375 0.0749177
1 0.0683594 0.842773 0.046875 0.0410156 0.101008
1 0.473633 0.713867 0.0253906 0.0214844 0.131453
1 0.49707 0.976562 0.0253906 0.0234375 0.155098
1 0.428711 0.831055 0.0996094 0.123047 0.178639
1 0.265625 0.619141 0.0351562 0.03125 0.189526
1 0.147461 0.839844 0.0371094 0.0351562 0.200408
1 0.0947266 0.660156 0.0214844 0.0234375 0.223292
1 0.480469 0.731445 0.0429688 0.0449219 0.223655
1 0.0712891 0.663086 0.0214844 0.0214844 0.252281
1 0.125977 0.663086 0.0292969 0.0253906 0.326978
3 0.836914 0.0166016 0.181641 0.0332031 0.354005
1 0.463867 0.69043 0.0371094 0.0292969 0.382069
3 0.552734 0.0488281 0.285156 0.0976562 0.41874
1 0.0351562 0.841797 0.046875 0.0429688 0.457336
1 0.0761719 0.842773 0.0273438 0.0292969 0.460288
1 0.414062 0.637695 0.0546875 0.0371094 0.46436
1 0.46582 0.650391 0.0292969 0.0273438 0.484636
