0 0.244141 0.794922 0.488281 0.40625 0.0202141
2 0.625977 0.642578 0.103516 0.101562 0.0207759
4 0.911133 0.869141 0.177734 0.261719 0.0218866
1 0.27832 0.492188 0.0371094 0.0390625 0.0240134
1 0.213867 0.482422 0.0292969 0.0351562 0.0242073
1 0.31543 0.570312 0.0175781 0.015625 0.0242674
1 0.259766 0.514648 0.105469 0.0917969 0.0253319
1 0.321289 0.530273 0.0292969 0.0410156 0.031905
1 0.304688 0.576172 0.0273438 0.0195312 0.0323476
1 0.154297 0.496094 0.046875 0.0390625 0.0337942
1 0.0146484 0.110352 0.0292969 0.0605469 0.0351897
1 0.251953 0.513672 0.230469 0.0976562 0.0368827
1 0.211914 0.520508 0.0449219 0.0722656 0.038897
1 0.223633 0.503906 0.0527344 0.0703125 0.0389629
1 0.211914 0.499023 0.0332031 0.0449219 0.0392728
1 0.0371094 0.56543 0.0546875 0.0488281 0.0397888
1 0.0126953 0.0849609 0.0253906 0.0253906 0.0478918
1 0.291016 0.579102 0.03125 0.0214844 0.0503547
1 0.216797 0.525391 0.0351562 0.0390625 0.0516927
1 0.0195312 0.112305 0.0390625 0.111328 0.0553826
1 0.351562 0.519531 0.03125 0.0390625 0.0562525
1 0.275391 0.473633 0.0234375 0.0253906 0.0564857
1 0.0136719 0.0537109 0.0273438 0.0800781 0.0570197
1 0.301758 0.518555 0.0761719 0.0644531 0.0595024
1 0.337891 0.518555 0.0585938 0.0566406 0.0598886
1 0.0185547 0.150391 0.0371094 0.046875 0.0619149
1 0.291016 0.489258 0.0273438 0.0253906 0.0620758
1 0.115234 0.569336 0.0234375 0.0253906 0.0724392
1 0.166992 0.522461 0.0566406 0.0761719 0.0839323
1 0.0810547 0.567383 0.0371094 0.0410156 0.0886818
1 0.166992 0.541016 0.0449219 0.0429688 0.0937757
1 0.223633 0.536133 0.0605469 0.0566406 0.100113
1 0.0976562 0.56543 0.0351562 0.0410156 0.100432
1 0.00976562 0.0566406 0.0195312 0.0429688 0.105708
1 0.314453 0.123047 0.0429688 0.0390625 0.11358
1 0.0634766 0.563477 0.0566406 0.0488281 0.114501
1 0.334961 0.454102 0.0292969 0.0292969 0.119913
3 0.789062 0.930664 0.0625 0.134766 0.12922
1 0.249023 0.481445 0.0332031 0.0371094 0.140083
1 0.287109 0.52832 0.046875 0.0449219 0.14403
1 0.00976562 0.0195312 0.0195312 0.0390625 0.146272
1 0.192383 0.520508 0.107422 0.0878906 0.154352
1 0.321289 0.445312 0.0605469 0.046875 0.244921
1 0.310547 0.441406 0.0351562 0.0351562 0.249366
1 0.0400391 0.551758 0.0800781 0.0722656 0.34913
