3 0.0107422 0.115234 0.0214844 0.132812 0.0204104
1 0.508789 0.626953 0.0292969 0.0273438 0.0207705
1 0.839844 0.693359 0.101562 0.09375 0.0211483
1 0.577148 0.620117 0.111328 0.0371094 0.0230717
1 0.584961 0.933594 0.0722656 0.0546875 0.0231189
1 0.381836 0.609375 0.0371094 0.0234375 0.0243869
1 0.433594 0.609375 0.03125 0.0273438 0.0250104
1 0.816406 0.947266 0.0507812 0.046875 0.0252699
1 0.209961 0.585938 0.0214844 0.0234375 0.0255076
1 0.694336 0.938477 0.0292969 0.0371094 0.0277796
1 0.72168 0.681641 0.0449219 0.0390625 0.0281463
1 0.34668 0.597656 0.0214844 0.0234375 0.0312228
1 0.554688 0.924805 0.0546875 0.0410156 0.0322664
1 0.452148 0.78418 0.0566406 0.0644531 0.0347178
1 0.435547 0.629883 0.0351562 0.0292969 0.0354601
1 0.279297 0.59668 0.0234375 0.0292969 0.0371456
1 0.407227 0.673828 0.0566406 0.0507812 0.0374367
1 0.594727 0.729492 0.0371094 0.0371094 0.0387883
1 0.599609 0.938477 0.0429688 0.0410156 0.0403297
1 0.561523 0.787109 0.0292969 0.0273438 0.0409456
1 0.704102 0.932617 0.0527344 0.0488281 0.0419841
1 0.43457 0.619141 0.0410156 0.0390625 0.042609
1 0.676758 0.941406 0.0371094 0.0351562 0.0431209
1 0.661133 0.94043 0.0292969 0.0332031 0.0445095
1 0.582031 0.798828 0.0664062 0.0546875 0.0476578
1 0.241211 0.833008 0.0488281 0.0488281 0.0481107
1 0.540039 0.926758 0.0332031 0.0371094 0.0515906
1 0.618164 0.9375 0.0410156 0.0390625 0.0537691
1 0.746094 0.939453 0.0546875 0.046875 0.0553847
1 0.411133 0.609375 0.0292969 0.0273438 0.0576985
1 0.478516 0.790039 0.105469 0.0878906 0.0579612
1 0.211914 0.818359 0.0605469 0.0546875 0.0583791
1 0.841797 0.942383 0.101562 0.0722656 0.0604811
1 0.333008 0.601562 0.0332031 0.03125 0.066624
1 0.570312 0.930664 0.0390625 0.0410156 0.0673629
1 0.223633 0.588867 0.0175781 0.0214844 0.0694774
1 0.248047 0.59082 0.0234375 0.0253906 0.0716248
1 0.226562 0.823242 0.09375 0.0878906 0.0756762
1 0.636719 0.938477 0.046875 0.0410156 0.0774413
1 0.521484 0.785156 0.191406 0.109375 0.101831
1 0.727539 0.932617 0.0644531 0.0488281 0.107275
1 0.290039 0.597656 0.0332031 0.0273438 0.16848
3 0.0214844 0.0908203 0.0429688 0.181641 0.222997
1 0.496094 0.921875 0.0429688 0.0390625 0.243613
1 0.308594 0.600586 0.0585938 0.0332031 0.250886
3 0.0957031 0.442383 0.191406 0.189453 0.690686
