1 0.697266 0.676758 0.0273438 0.0253906 0.0200663
1 0.78125 0.74707 0.046875 0.0488281 0.0205017
0 0.181641 0.464844 0.363281 0.894531 0.0208121
1 0.696289 0.665039 0.0292969 0.0371094 0.0213571
1 0.117188 0.321289 0.0351562 0.0332031 0.0230684
1 0.601562 0.630859 0.0273438 0.0390625 0.0261627
1 0.668945 0.65918 0.0449219 0.0410156 0.0314858
4 0.168945 0.835938 0.169922 0.136719 0.0332866
1 0.742188 0.503906 0.046875 0.03125 0.0371384
2 0.976562 0.255859 0.0390625 0.046875 0.0434234
3 0.84668 0.3125 0.150391 0.617188 0.0472659
1 0.542969 0.725586 0.0429688 0.0214844 0.0533315
1 0.12207 0.25293 0.185547 0.201172 0.0574089
5 0.975586 0.257812 0.0371094 0.046875 0.0665365
1 0.6875 0.466797 0.0546875 0.046875 0.0701939
1 0.785156 0.511719 0.0820312 0.0390625 0.0721691
1 0.549805 0.753906 0.0488281 0.046875 0.102672
1 0.612305 0.628906 0.0292969 0.0273438 0.104837
1 0.553711 0.791992 0.0371094 0.0292969 0.109243
1 0.707031 0.620117 0.0351562 0.0292969 0.121025
1 0.777344 0.686523 0.03125 0.0332031 0.121156
1 0.666016 0.71875 0.046875 0.0390625 0.125402
1 0.785156 0.740234 0.0273438 0.03125 0.143686
1 0.538086 0.587891 0.0644531 0.0507812 0.153899
1 0.658203 0.649414 0.0390625 0.0332031 0.160131
0 0.288086 0.249023 0.576172 0.498047 0.173821
1 0.758789 0.504883 0.0449219 0.0332031 0.179562
1 0.78418 0.682617 0.0566406 0.0410156 0.220632
1 0.786133 0.790039 0.0488281 0.0410156 0.221887
1 0.760742 0.789062 0.0878906 0.0507812 0.253048
1 0.658203 0.508789 0.0390625 0.0332031 0.26058
1 0.643555 0.607422 0.0371094 0.03125 0.268547
1 0.547852 0.5 0.0722656 0.0507812 0.291741
1 0.719727 0.700195 0.0332031 0.0253906 0.293756
1 0.775391 0.788086 0.0273438 0.0332031 0.302859
1 0.544922 0.694336 0.046875 0.0371094 0.323364
1 0.743164 0.791016 0.0410156 0.0351562 0.341906
1 0.604492 0.53418 0.0605469 0.0527344 0.377091
1 0.603516 0.71582 0.046875 0.0371094 0.415217
1 0.770508 0.626953 0.0410156 0.0390625 0.479097
1 0.568359 0.634766 0.0585938 0.0429688 0.493899
1 0.749023 0.457031 0.0527344 0.046875 0.512724
1 0.65332 0.55957 0.0410156 0.0371094 0.580855
1 0.754883 0.573242 0.0410156 0.0371094 0.593485
1 0.670898 0.808594 0.0488281 0.0390625 0.624192
3 0.581055 0.0595703 0.162109 0.115234 0.642616
0 0.405273 0.47168 0.810547 0.939453 0.730834
