1 0.0107422 0.15918 0.0214844 0.0644531 0.0202263
1 0.117188 0.0830078 0.0703125 0.0410156 0.020296
1 0.0117188 0.216797 0.0234375 0.0351562 0.020485
1 0.976562 0.716797 0.046875 0.0703125 0.0215281
1 0.678711 0.275391 0.0292969 0.0390625 0.0220963
1 0.758789 0.27832 0.0566406 0.0527344 0.0226242
1 0.746094 0.911133 0.078125 0.0761719 0.0229685
1 0.447266 0.268555 0.0234375 0.0175781 0.022972
1 0.141602 0.245117 0.0371094 0.0566406 0.0233838
1 0.97168 0.28418 0.0214844 0.0253906 0.0234712
1 0.00976562 0.299805 0.0195312 0.0527344 0.0237963
1 0.15332 0.0830078 0.0800781 0.0410156 0.0256018
1 0.0136719 0.182617 0.0273438 0.0917969 0.0263895
1 0.961914 0.775391 0.0761719 0.230469 0.0269457
1 0.237305 0.0664062 0.0332031 0.0234375 0.0276538
1 0.955078 0.786133 0.0898438 0.0957031 0.0278165
1 0.0449219 0.234375 0.0625 0.0546875 0.0278541
1 0.663086 0.274414 0.173828 0.0527344 0.0284525
1 0.989258 0.871094 0.0214844 0.0390625 0.0336765
1 0.967773 0.228516 0.0292969 0.03125 0.0358014
1 0.969727 0.817383 0.0605469 0.0839844 0.0380112
1 0.0253906 0.196289 0.0507812 0.0722656 0.0436629
1 0.0117188 0.368164 0.0234375 0.0605469 0.0448947
1 0.760742 0.27832 0.306641 0.0722656 0.0451794
1 0.420898 0.267578 0.0253906 0.0195312 0.0474936
1 0.964844 0.253906 0.0390625 0.0742188 0.0475062
1 0.579102 0.271484 0.0332031 0.03125 0.0495928
1 0.745117 0.276367 0.0332031 0.0410156 0.0523973
1 0.974609 0.857422 0.0507812 0.0546875 0.0539479
1 0.785156 0.28418 0.0585938 0.0566406 0.0542157
1 0.930664 0.685547 0.138672 0.117188 0.0587001
1 0.966797 0.257812 0.0273438 0.0429688 0.0588723
1 0.978516 0.801758 0.0429688 0.0527344 0.0616779
1 0.75 0.286133 0.132812 0.0722656 0.0690105
1 0.959961 0.703125 0.0761719 0.0859375 0.0782288
1 0.078125 0.229492 0.148438 0.0800781 0.103664
1 0.868164 0.262695 0.0800781 0.0683594 0.106071
1 0.612305 0.270508 0.0839844 0.0449219 0.108797
1 0.0410156 0.210938 0.078125 0.0625 0.134732
1 0.25293 0.0664062 0.0371094 0.0234375 0.135603
1 0.711914 0.286133 0.0605469 0.0527344 0.14158
1 0.824219 0.0224609 0.0625 0.0449219 0.159231
1 0.0224609 0.337891 0.0449219 0.117188 0.191267
1 0.629883 0.925781 0.0839844 0.0703125 0.197934
1 0.1875 0.0566406 0.0351562 0.0273438 0.233228
1 0.825195 0.266602 0.154297 0.0722656 0.238595
1 0.177734 0.0966797 0.0429688 0.0332031 0.243615
1 0.102539 0.0751953 0.0449219 0.0253906 0.263423
1 0.647461 0.270508 0.0371094 0.0332031 0.269993
1 0.141602 0.0947266 0.0292969 0.0253906 0.292685
1 0.600586 0.269531 0.0410156 0.0351562 0.339563
1 0.22168 0.259766 0.0332031 0.03125 0.367347
1 0.946289 0.260742 0.0683594 0.0644531 0.438835
1 0.116211 0.238281 0.0800781 0.0664062 0.518354
1 0.24707 0.101562 0.0449219 0.0390625 0.540972
1 0.193359 0.266602 0.0429688 0.0410156 0.549276
1 0.239258 0.179688 0.0605469 0.0507812 0.575847
1 0.161133 0.137695 0.0449219 0.0371094 0.585414
1 0.204102 0.219727 0.0371094 0.0371094 0.647777
