1 0.930664 0.631836 0.0136719 0.00976562 0.0200831
1 0.988281 0.224609 0.0234375 0.0429688 0.0207309
1 0.90918 0.259766 0.0371094 0.0390625 0.0207645
1 0.895508 0.261719 0.0449219 0.0429688 0.0235633
1 0.982422 0.354492 0.0351562 0.0644531 0.024096
1 0.943359 0.200195 0.0273438 0.0292969 0.0242974
1 0.989258 0.444336 0.0214844 0.0253906 0.025856
1 0.97168 0.488281 0.0566406 0.0742188 0.0277432
1 0.979492 0.37793 0.0410156 0.169922 0.0338606
1 0.350586 0.0214844 0.0488281 0.0429688 0.0373526
1 0.985352 0.384766 0.0292969 0.0273438 0.0380403
1 0.831055 0.250977 0.0371094 0.0566406 0.0385191
1 0.841797 0.259766 0.0429688 0.0429688 0.0397057
1 0.987305 0.324219 0.0253906 0.0429688 0.0472629
1 0.988281 0.462891 0.0234375 0.0273438 0.0483858
1 0.87207 0.259766 0.0644531 0.0507812 0.0540207
1 0.499023 0.204102 0.0644531 0.0527344 0.055978
1 0.798828 0.0195312 0.0507812 0.0390625 0.069885
1 0.985352 0.485352 0.0292969 0.0605469 0.0714292
1 0.979492 0.333008 0.0410156 0.0644531 0.0903651
1 0.767578 0.232422 0.0351562 0.0390625 0.122956
1 0.90625 0.466797 0.0390625 0.0429688 0.145521
1 0.474609 0.199219 0.117188 0.0898438 0.179711
1 0.777344 0.232422 0.0585938 0.0625 0.181502
1 0.886719 0.0166016 0.0507812 0.0332031 0.217347
1 0.837891 0.0185547 0.125 0.0371094 0.242451
1 0.50293 0.0419922 0.0917969 0.0800781 0.24298
1 0.982422 0.410156 0.0351562 0.0390625 0.246221
1 0.979492 0.207031 0.0410156 0.0585938 0.276696
1 0.851562 0.248047 0.0703125 0.0664062 0.277835
5 0.801758 0.358398 0.0488281 0.0449219 0.296286
1 0.860352 0.306641 0.0371094 0.0390625 0.311655
1 0.982422 0.0205078 0.03125 0.0332031 0.617893
1 0.939453 0.0205078 0.0351562 0.0332031 0.63048
0 0.666992 0.814453 0.654297 0.367188 0.822987
