1 0.967773 0.617188 0.0644531 0.117188 0.020018
1 0.677734 0.158203 0.0664062 0.078125 0.0201825
1 0.649414 0.305664 0.0527344 0.0527344 0.0223019
1 0.855469 0.0351562 0.046875 0.0546875 0.0223683
1 0.985352 0.241211 0.0292969 0.0527344 0.0233586
1 0.672852 0.232422 0.0839844 0.0507812 0.0242112
1 0.643555 0.194336 0.162109 0.271484 0.0242763
1 0.611328 0.141602 0.0820312 0.0761719 0.0244189
1 0.665039 0.136719 0.0449219 0.0390625 0.0316239
1 0.675781 0.298828 0.0898438 0.0546875 0.0361218
1 0.711914 0.470703 0.0527344 0.0390625 0.0408777
1 0.982422 0.387695 0.0351562 0.111328 0.0425642
1 0.754883 0.473633 0.0488281 0.0488281 0.0445847
1 0.879883 0.634766 0.0410156 0.046875 0.0512726
1 0.733398 0.400391 0.0527344 0.046875 0.0525215
1 0.988281 0.595703 0.0234375 0.0625 0.0530913
1 0.751953 0.65625 0.0585938 0.0507812 0.0537561
1 0.629883 0.128906 0.107422 0.117188 0.0558789
1 0.666016 0.19043 0.09375 0.0644531 0.0586076
1 0.706055 0.457031 0.0761719 0.0546875 0.0599076
1 0.983398 0.616211 0.0332031 0.0722656 0.069374
1 0.921875 0.62207 0.0703125 0.0566406 0.0711818
1 0.71875 0.354492 0.0859375 0.0488281 0.0717244
1 0.954102 0.168945 0.0917969 0.193359 0.0735553
1 0.730469 0.483398 0.0820312 0.0605469 0.0755031
1 0.65625 0.290039 0.0625 0.0527344 0.0781921
1 0.976562 0.231445 0.046875 0.0605469 0.0812519
1 0.69043 0.408203 0.126953 0.0664062 0.082185
1 0.55957 0.0253906 0.0957031 0.0507812 0.0927035
1 0.71875 0.572266 0.0507812 0.0507812 0.0929337
1 0.942383 0.618164 0.0488281 0.0566406 0.095214
1 0.985352 0.637695 0.0292969 0.0410156 0.0972736
1 0.724609 0.582031 0.0390625 0.03125 0.0973085
1 0.986328 0.333984 0.0273438 0.0351562 0.104952
1 0.749023 0.632812 0.0800781 0.0664062 0.107484
1 0.985352 0.366211 0.0292969 0.0410156 0.109135
1 0.616211 0.0849609 0.0761719 0.0722656 0.112796
1 0.731445 0.446289 0.0332031 0.0332031 0.121637
1 0.780273 0.638672 0.150391 0.0898438 0.135113
1 0.722656 0.50293 0.0742188 0.0527344 0.137215
0 0.826172 0.841797 0.34375 0.316406 0.14072
1 0.930664 0.624023 0.138672 0.0878906 0.158636
1 0.75293 0.477539 0.0332031 0.0292969 0.175171
1 0.645508 0.165039 0.138672 0.103516 0.180427
1 0.94043 0.613281 0.0332031 0.0351562 0.181591
1 0.707031 0.308594 0.0351562 0.03125 0.184129
1 0.984375 0.418945 0.03125 0.0371094 0.208956
1 0.986328 0.455078 0.0273438 0.03125 0.229208
1 0.893555 0.62793 0.0566406 0.0488281 0.254629
1 0.96875 0.361328 0.0625 0.0703125 0.257213
1 0.693359 0.378906 0.140625 0.0976562 0.276128
1 0.831055 0.637695 0.0527344 0.0605469 0.276997
1 0.669922 0.268555 0.0976562 0.0839844 0.278413
1 0.957031 0.223633 0.0859375 0.0761719 0.307529
1 0.875 0.0283203 0.0703125 0.0566406 0.311872
