3 0.0957031 0.856445 0.191406 0.0253906 0.0206023
1 0.161133 0.0380859 0.0292969 0.0253906 0.0260915
1 0.151367 0.0214844 0.0644531 0.0429688 0.0274394
1 0.71582 0.444336 0.173828 0.197266 0.0313993
5 0.267578 0.723633 0.015625 0.0175781 0.0333348
1 0.132812 0.105469 0.0273438 0.0234375 0.0336351
5 0.293945 0.714844 0.0449219 0.03125 0.0380043
5 0.506836 0.300781 0.0449219 0.0585938 0.0593351
5 0.0556641 0.550781 0.0292969 0.0273438 0.0906759
5 0.289062 0.716797 0.0234375 0.0234375 0.0947915
3 0.572266 0.419922 0.113281 0.183594 0.136179
3 0.333008 0.517578 0.244141 0.394531 0.18984
1 0.134766 0.0771484 0.03125 0.0371094 0.277672
