1 0.374023 0.367188 0.0644531 0.046875 0.0213044
3 0.686523 0.662109 0.607422 0.394531 0.0227022
3 0.572266 0.625 0.332031 0.242188 0.0249304
1 0.427734 0.361328 0.0273438 0.0234375 0.0254793
1 0.494141 0.196289 0.0546875 0.0371094 0.0282081
1 0.832031 0.895508 0.046875 0.0292969 0.0287505
1 0.459961 0.204102 0.0136719 0.0253906 0.0297454
1 0.729492 0.161133 0.0332031 0.0371094 0.0299726
5 0.911133 0.639648 0.0253906 0.0214844 0.0338481
1 0.399414 0.394531 0.0332031 0.0273438 0.0374219
1 0.350586 0.301758 0.0410156 0.0253906 0.0420224
1 0.785156 0.927734 0.046875 0.0546875 0.042413
1 0.444336 0.207031 0.0175781 0.0234375 0.04397
1 0.394531 0.34082 0.0429688 0.0644531 0.047577
1 0.375 0.388672 0.0585938 0.0351562 0.0482163
1 0.705078 0.164062 0.03125 0.03125 0.052524
5 0.711914 0.582031 0.0253906 0.0234375 0.0673756
1 0.371094 0.362305 0.078125 0.0878906 0.078496
1 0.764648 0.15918 0.0410156 0.0449219 0.0947501
3 0.917969 0.642578 0.136719 0.199219 0.100787
1 0.37207 0.222656 0.0371094 0.0351562 0.109945
3 0.668945 0.625 0.142578 0.238281 0.130349
1 0.749023 0.15332 0.0957031 0.0605469 0.154695
1 0.414062 0.214844 0.0546875 0.0351562 0.180792
1 0.399414 0.223633 0.0683594 0.0449219 0.208642
1 0.395508 0.351562 0.0332031 0.03125 0.252404
1 0.359375 0.380859 0.046875 0.0390625 0.264581
1 0.391602 0.326172 0.0371094 0.03125 0.283171
3 0.854492 0.601562 0.267578 0.285156 0.295131
3 0.495117 0.660156 0.208984 0.21875 0.314839
1 0.512695 0.195312 0.0292969 0.0273438 0.330009
1 0.344727 0.275391 0.0605469 0.0546875 0.332847
1 0.482422 0.198242 0.03125 0.0292969 0.411479
1 0.347656 0.334961 0.0390625 0.0410156 0.504082
