5 0.494141 0.0771484 0.0351562 0.0371094 0.0219446
1 0.230469 0.375977 0.0351562 0.0488281 0.0220185
1 0.19043 0.850586 0.0605469 0.0527344 0.0247308
1 0.975586 0.514648 0.0488281 0.0566406 0.0247927
1 0.960938 0.838867 0.078125 0.126953 0.0248564
1 0.956055 0.46582 0.0878906 0.0957031 0.0272306
1 0.104492 0.453125 0.0566406 0.046875 0.0274712
1 0.149414 0.378906 0.107422 0.0703125 0.0293794
1 0.173828 0.432617 0.0390625 0.0371094 0.0341423
1 0.972656 0.490234 0.0546875 0.0664062 0.0345476
1 0.118164 0.494141 0.0527344 0.0390625 0.0352333
0 0.8125 0.93457 0.375 0.130859 0.0355187
1 0.15918 0.382812 0.0566406 0.0429688 0.0381374
1 0.136719 0.412109 0.0390625 0.03125 0.0383296
1 0.939453 0.453125 0.046875 0.0390625 0.0391597
1 0.292969 0.71875 0.578125 0.363281 0.0408877
1 0.154297 0.415039 0.0703125 0.0371094 0.0411536
1 0.943359 0.443359 0.0898438 0.0664062 0.0423837
1 0.154297 0.395508 0.078125 0.0449219 0.0433062
1 0.243164 0.371094 0.0332031 0.0507812 0.0439436
1 0.116211 0.473633 0.0644531 0.0488281 0.0469975
1 0.22168 0.449219 0.0371094 0.0390625 0.047939
1 0.15625 0.44043 0.0664062 0.0449219 0.048932
1 0.984375 0.873047 0.03125 0.0507812 0.0511944
1 0.959961 0.563477 0.0800781 0.0761719 0.0542117
1 0.119141 0.576172 0.214844 0.132812 0.0548156
1 0.460938 0.40918 0.164062 0.154297 0.0555469
1 0.111328 0.366211 0.03125 0.0332031 0.0564189
1 0.980469 0.850586 0.0390625 0.103516 0.0610609
1 0.0800781 0.397461 0.0429688 0.0410156 0.0617135
1 0.978516 0.464844 0.0429688 0.046875 0.0621314
1 0.134766 0.415039 0.136719 0.146484 0.0653262
1 0.916992 0.417969 0.0292969 0.0234375 0.0703003
1 0.0644531 0.558594 0.0898438 0.0898438 0.0757328
1 0.918945 0.389648 0.0292969 0.0292969 0.0798216
1 0.133789 0.456055 0.111328 0.0683594 0.0806221
1 0.0458984 0.547852 0.0605469 0.0605469 0.0837272
1 0.958008 0.456055 0.0292969 0.0371094 0.0856369
1 0.180664 0.385742 0.0292969 0.0332031 0.121754
1 0.921875 0.444336 0.0429688 0.0566406 0.145499
1 0.135742 0.371094 0.0605469 0.0429688 0.167592
1 0.579102 0.894531 0.103516 0.0898438 0.185009
1 0.958008 0.529297 0.0839844 0.164062 0.204066
1 0.193359 0.37793 0.046875 0.0488281 0.233981
1 0.0800781 0.738281 0.148438 0.128906 0.363995
1 0.0361328 0.170898 0.0566406 0.0449219 0.390005
1 0.167969 0.588867 0.113281 0.126953 0.527308
1 0.254883 0.485352 0.0957031 0.0878906 0.536466
1 0.318359 0.375977 0.132812 0.0878906 0.709483
