5 0.889648 0.290039 0.0488281 0.0488281 0.0206555
1 0.907227 0.960938 0.0683594 0.0703125 0.0208119
3 0.874023 0.264648 0.0839844 0.111328 0.0246201
1 0.982422 0.978516 0.0351562 0.0429688 0.0260729
1 0.0107422 0.154297 0.0214844 0.046875 0.0288189
1 0.666016 0.0380859 0.03125 0.0371094 0.0333411
1 0.714844 0.196289 0.046875 0.0449219 0.0461152
1 0.0214844 0.148438 0.0429688 0.0429688 0.0480485
1 0.0175781 0.145508 0.0195312 0.0214844 0.086973
1 0.219727 0.676758 0.0800781 0.0917969 0.0893505
1 0.0371094 0.155273 0.0234375 0.0214844 0.112663
1 0.923828 0.964844 0.152344 0.0703125 0.155302
