3 0.896484 0.853516 0.203125 0.046875 0.0201479
3 0.463867 0.974609 0.138672 0.0507812 0.0220887
0 0.917969 0.314453 0.160156 0.21875 0.022284
1 0.876953 0.223633 0.0195312 0.0175781 0.022821
0 0.926758 0.376953 0.146484 0.0976562 0.0241388
1 0.227539 0.892578 0.0253906 0.015625 0.025481
0 0.90625 0.503906 0.183594 0.617188 0.025845
1 0.228516 0.929688 0.0390625 0.0390625 0.0306034
1 0.144531 0.0771484 0.0546875 0.0605469 0.0326466
4 0.839844 0.753906 0.0703125 0.105469 0.0334385
1 0.272461 0.958008 0.0175781 0.0175781 0.0378243
1 0.238281 0.0859375 0.03125 0.0390625 0.0395116
1 0.196289 0.0703125 0.0917969 0.0742188 0.0510604
1 0.0742188 0.0742188 0.0390625 0.0390625 0.0514617
0 0.751953 0.50293 0.457031 0.626953 0.0532861
1 0.246094 0.878906 0.0195312 0.0234375 0.0628805
1 0.03125 0.0820312 0.0429688 0.0585938 0.0725601
1 0.231445 0.829102 0.0175781 0.0175781 0.081561
1 0.254883 0.879883 0.0253906 0.0214844 0.10128
1 0.223633 0.943359 0.0292969 0.0195312 0.102058
3 0.189453 0.243164 0.261719 0.162109 0.108133
1 0.229492 0.899414 0.0292969 0.0175781 0.122405
1 0.251953 0.865234 0.0273438 0.0273438 0.129773
1 0.245117 0.830078 0.0253906 0.0195312 0.143493
1 0.251953 0.853516 0.0273438 0.0273438 0.179619
1 0.227539 0.87793 0.0253906 0.0214844 0.214102
1 0.264648 0.90918 0.0214844 0.0214844 0.242921
3 0.0742188 0.199219 0.148438 0.0859375 0.274412
1 0.204102 0.0410156 0.0683594 0.0664062 0.304708
1 0.228516 0.916992 0.03125 0.0253906 0.311477
1 0.21875 0.975586 0.0273438 0.0332031 0.348239
1 0.0869141 0.0751953 0.154297 0.0761719 0.349797
3 0.96582 0.954102 0.0683594 0.0917969 0.420708
