1 0.898438 0.126953 0.03125 0.03125 0.0215814
1 0.0341797 0.893555 0.0683594 0.0527344 0.0222264
1 0.855469 0.126953 0.0273438 0.0234375 0.0231241
1 0.0458984 0.985352 0.0878906 0.0292969 0.0239387
1 0.0351562 0.810547 0.0703125 0.148438 0.0265873
1 0.97168 0.745117 0.0410156 0.0410156 0.0268797
1 0.948242 0.124023 0.0371094 0.0371094 0.0271615
1 0.924805 0.128906 0.0371094 0.0351562 0.0313648
1 0.0380859 0.917969 0.0722656 0.0742188 0.031707
1 0.970703 0.125 0.0585938 0.078125 0.0325814
1 0.819336 0.101562 0.0292969 0.0273438 0.0330344
1 0.814453 0.163086 0.144531 0.115234 0.0339235
1 0.731445 0.195312 0.166016 0.0820312 0.0343389
1 0.0361328 0.867188 0.0683594 0.0742188 0.0347966
3 0.822266 0.00585938 0.0585938 0.0117188 0.0376385
1 0.911133 0.129883 0.0332031 0.0292969 0.0385183
1 0.592773 0.271484 0.0488281 0.046875 0.0426526
1 0.47168 0.114258 0.0449219 0.0410156 0.0522265
1 0.0390625 0.913086 0.078125 0.162109 0.0709393
1 0.757812 0.179688 0.230469 0.148438 0.0853135
1 0.976562 0.173828 0.046875 0.0546875 0.0861793
1 0.955078 0.753906 0.0859375 0.0703125 0.0872877
1 0.958984 0.116211 0.0273438 0.0292969 0.089271
1 0.975586 0.112305 0.0488281 0.0371094 0.0964453
1 0.458984 0.0253906 0.117188 0.0507812 0.0964955
1 0.935547 0.764648 0.0429688 0.0410156 0.13744
1 0.0517578 0.498047 0.103516 0.0703125 0.170468
1 0.0458984 0.957031 0.0917969 0.0820312 0.179237
1 0.0751953 0.491211 0.0605469 0.0527344 0.224178
1 0.0419922 0.791016 0.0839844 0.417969 0.24852
1 0.0234375 0.498047 0.046875 0.0507812 0.260137
