1 0.588867 0.942383 0.0878906 0.0878906 0.0211492
1 0.864258 0.0859375 0.0253906 0.0234375 0.0212268
1 0.586914 0.845703 0.0683594 0.0507812 0.025617
1 0.585938 0.770508 0.0742188 0.0449219 0.0257472
1 0.860352 0.112305 0.0605469 0.0566406 0.0270748
1 0.588867 0.739258 0.0644531 0.0566406 0.0411499
1 0.579102 0.768555 0.0917969 0.0839844 0.04127
1 0.581055 0.821289 0.0839844 0.0644531 0.0469017
1 0.581055 0.787109 0.111328 0.15625 0.0490589
3 0.374023 0.623047 0.220703 0.316406 0.0600953
1 0.96875 0.152344 0.0625 0.0507812 0.13417
1 0.989258 0.154297 0.0214844 0.046875 0.146231
1 0.892578 0.0859375 0.03125 0.0273438 0.170494
1 0.859375 0.115234 0.0390625 0.0390625 0.20623
3 0.324219 0.543945 0.339844 0.486328 0.36026
3 0.296875 0.404297 0.277344 0.1875 0.44686
