1 0.268555 0.333008 0.0253906 0.0292969 0.020775
1 0.363281 0.695312 0.0429688 0.0429688 0.0228574
1 0.292969 0.450195 0.0585938 0.0683594 0.0317538
1 0.0253906 0.291016 0.0507812 0.164062 0.0352022
1 0.407227 0.69043 0.0371094 0.0332031 0.0444048
1 0.251953 0.316406 0.0585938 0.0625 0.0456055
1 0.273438 0.375 0.0507812 0.046875 0.0557301
1 0.722656 0.792969 0.542969 0.40625 0.059194
1 0.31543 0.541992 0.0566406 0.0449219 0.0599278
1 0.625977 0.0253906 0.0683594 0.0507812 0.0605207
1 0.297852 0.456055 0.0410156 0.0410156 0.354379
