1 0.0380859 0.179688 0.0761719 0.246094 0.020284
1 0.250977 0.607422 0.248047 0.160156 0.0259778
1 0.974609 0.0253906 0.0507812 0.0507812 0.0269981
1 0.0224609 0.222656 0.0449219 0.0546875 0.0275774
1 0.375 0.0742188 0.0546875 0.0390625 0.0280114
1 0.0332031 0.108398 0.0664062 0.0800781 0.0293598
1 0.230469 0.733398 0.0429688 0.0371094 0.0294196
1 0.392578 0.0625 0.125 0.121094 0.0297719
1 0.938477 0.0078125 0.0527344 0.015625 0.0301488
1 0.375977 0.0371094 0.0566406 0.046875 0.0310163
1 0.979492 0.0078125 0.0410156 0.015625 0.0322446
1 0.408203 0.0166016 0.0820312 0.0332031 0.0362572
1 0.381836 0.0839844 0.0800781 0.078125 0.0394536
1 0.733398 0.373047 0.0332031 0.0390625 0.0415999
1 0.925781 0.384766 0.0429688 0.0429688 0.0425195
1 0.9375 0.0195312 0.125 0.0390625 0.052148
1 0.918945 0.0117188 0.0917969 0.0234375 0.0533414
1 0.944336 0.420898 0.0488281 0.0410156 0.0534014
1 0.362305 0.0878906 0.0605469 0.0585938 0.0673466
1 0.989258 0.0410156 0.0214844 0.0625 0.0738313
1 0.0634766 0.112305 0.123047 0.0996094 0.0961284
1 0.402344 0.0332031 0.105469 0.0625 0.176639
1 0.165039 0.078125 0.0878906 0.109375 0.242721
1 0.939453 0.298828 0.0703125 0.0625 0.268135
1 0.943359 0.401367 0.0664062 0.0761719 0.367174
1 0.265625 0.0400391 0.113281 0.0800781 0.517762
