1 0.71875 0.927734 0.0546875 0.0507812 0.020014
1 0.566406 0.162109 0.0429688 0.0351562 0.0222572
1 0.575195 0.469727 0.0644531 0.0761719 0.022773
1 0.561523 0.458984 0.0449219 0.0351562 0.0231821
1 0.708008 0.841797 0.0371094 0.0351562 0.0239819
1 0.710938 0.916992 0.0429688 0.0332031 0.0240448
1 0.923828 0.249023 0.0351562 0.0371094 0.0252235
1 0.777344 0.145508 0.0234375 0.0371094 0.025481
1 0.505859 0.291016 0.03125 0.0273438 0.0256017
1 0.738281 0.145508 0.0546875 0.0449219 0.0256296
1 0.771484 0.135742 0.0195312 0.0371094 0.0257003
1 0.720703 0.989258 0.0429688 0.0214844 0.0261569
1 0.883789 0.15918 0.0175781 0.0175781 0.0287011
1 0.667969 0.154297 0.0390625 0.0351562 0.029219
1 0.738281 0.145508 0.296875 0.0566406 0.0305128
1 0.8125 0.986328 0.046875 0.0273438 0.0326118
1 0.635742 0.149414 0.0878906 0.0488281 0.0327741
1 0.711914 0.981445 0.0488281 0.0371094 0.0355719
1 0.787109 0.142578 0.0351562 0.0429688 0.0357284
1 0.62207 0.138672 0.0410156 0.0351562 0.0377339
1 0.606445 0.460938 0.0292969 0.0351562 0.0379373
1 0.807617 0.132812 0.177734 0.0664062 0.0381196
1 0.722656 0.144531 0.0351562 0.0390625 0.0387321
1 0.876953 0.115234 0.0390625 0.0390625 0.0421101
1 0.667969 0.793945 0.09375 0.142578 0.0421446
1 0.68457 0.797852 0.0488281 0.0449219 0.04236
0 0.293945 0.862305 0.580078 0.271484 0.0425956
1 0.5 0.261719 0.0390625 0.046875 0.0474839
1 0.69043 0.844727 0.0332031 0.0371094 0.0497641
1 0.855469 0.119141 0.0585938 0.0429688 0.0532381
1 0.676758 0.80957 0.0566406 0.0371094 0.0550563
1 0.668945 0.787109 0.0683594 0.0390625 0.0558825
1 0.712891 0.151367 0.0273438 0.0253906 0.0563951
1 0.661133 0.758789 0.0683594 0.0722656 0.0588862
1 0.644531 0.15332 0.21875 0.0527344 0.0608131
1 0.708008 0.737305 0.0566406 0.0488281 0.0642739
1 0.754883 0.144531 0.0371094 0.0429688 0.0650754
1 0.93457 0.976562 0.0371094 0.0429688 0.0718625
1 0.579102 0.449219 0.0371094 0.03125 0.0722484
1 0.766602 0.990234 0.0332031 0.0195312 0.0761282
1 0.544922 0.445312 0.03125 0.03125 0.0806827
1 0.666992 0.833984 0.0566406 0.0429688 0.0818331
1 0.9375 0.321289 0.0351562 0.0332031 0.0833263
1 0.803711 0.132812 0.0488281 0.0351562 0.0850176
1 0.703125 0.886719 0.0429688 0.0390625 0.0880013
1 0.68457 0.143555 0.0683594 0.0527344 0.0880704
1 0.609375 0.15625 0.0664062 0.046875 0.110065
1 0.574219 0.481445 0.0507812 0.0332031 0.118012
1 0.657227 0.777344 0.0566406 0.0390625 0.118231
1 0.851562 0.972656 0.125 0.0546875 0.128425
1 0.831055 0.125977 0.0957031 0.0566406 0.140647
1 0.984375 0.194336 0.03125 0.0371094 0.142669
1 0.669922 0.737305 0.0625 0.0449219 0.143601
1 0.581055 0.165039 0.0878906 0.0371094 0.143627
1 0.673828 0.823242 0.0742188 0.0761719 0.1676
1 0.589844 0.492188 0.0625 0.0429688 0.168378
1 0.617188 0.158203 0.0429688 0.03125 0.177418
1 0.509766 0.304688 0.03125 0.0273438 0.178236
1 0.557617 0.171875 0.0449219 0.03125 0.196406
1 0.49707 0.249023 0.0332031 0.0253906 0.207223
1 0.719727 0.735352 0.0332031 0.0371094 0.209341
5 0.936523 0.977539 0.0371094 0.0332031 0.268431
1 0.532227 0.412109 0.0410156 0.0351562 0.306073
1 0.525391 0.375977 0.03125 0.0253906 0.335367
1 0.74707 0.139648 0.0292969 0.0292969 0.404078
1 0.722656 0.946289 0.078125 0.0761719 0.467456
1 0.50293 0.27832 0.0292969 0.0253906 0.470574
1 0.568359 0.420898 0.03125 0.0292969 0.502084
1 0.589844 0.5625 0.046875 0.0625 0.526991
1 0.517578 0.34082 0.0390625 0.0371094 0.562347
