1 0.243164 0.385742 0.142578 0.154297 0.020896
1 0.317383 0.576172 0.0175781 0.015625 0.0212583
1 0.415039 0.344727 0.0449219 0.0566406 0.0227095
1 0.454102 0.387695 0.0488281 0.0371094 0.0230037
1 0.47168 0.595703 0.111328 0.1875 0.0240969
1 0.475586 0.568359 0.0292969 0.0273438 0.0243013
1 0.305664 0.594727 0.0214844 0.0214844 0.0265456
1 0.578125 0.349609 0.0585938 0.128906 0.0288668
1 0.492188 0.270508 0.0507812 0.0488281 0.0307244
3 0.928711 0.384766 0.142578 0.109375 0.031106
1 0.239258 0.416016 0.0761719 0.0742188 0.0320527
1 0.587891 0.375 0.03125 0.0273438 0.0320954
1 0.457031 0.479492 0.0664062 0.0566406 0.0320996
1 0.455078 0.361328 0.046875 0.0429688 0.0326989
1 0.473633 0.603516 0.0683594 0.0429688 0.0332547
1 0.46875 0.586914 0.0742188 0.0527344 0.0342497
1 0.583008 0.401367 0.0253906 0.0175781 0.0363158
1 0.478516 0.491211 0.0273438 0.0253906 0.0365816
1 0.462891 0.566406 0.0546875 0.0351562 0.0388173
1 0.456055 0.392578 0.0683594 0.101562 0.0511703
1 0.579102 0.384766 0.0566406 0.0546875 0.0570751
1 0.3125 0.65918 0.03125 0.0253906 0.0624936
1 0.476562 0.470703 0.03125 0.0390625 0.0625082
1 0.474609 0.635742 0.0820312 0.0800781 0.0673071
1 0.472656 0.652344 0.0585938 0.0507812 0.0689885
1 0.459961 0.546875 0.0683594 0.0625 0.076043
1 0.436523 0.349609 0.0917969 0.0703125 0.0802749
1 0.452148 0.46582 0.0410156 0.0449219 0.118624
3 0.746094 0.390625 0.207031 0.195312 0.132214
1 0.227539 0.592773 0.173828 0.115234 0.251943
1 0.455078 0.523438 0.0703125 0.046875 0.254062
1 0.453125 0.416992 0.0625 0.0488281 0.264263
0 0.301758 0.852539 0.603516 0.294922 0.273356
3 0.930664 0.321289 0.138672 0.240234 0.761442
