1 0.0136719 0.169922 0.0273438 0.0585938 0.0200902
1 0.161133 0.289062 0.0566406 0.0585938 0.022241
1 0.261719 0.296875 0.03125 0.03125 0.0248058
1 0.310547 0.117188 0.0429688 0.0351562 0.0320399
1 0.244141 0.288086 0.0742188 0.0566406 0.0346818
1 0.608398 0.210938 0.0957031 0.0625 0.0438436
1 0.266602 0.288086 0.0410156 0.0449219 0.0438985
1 0.729492 0.638672 0.0253906 0.0234375 0.0463483
1 0.8125 0.557617 0.0273438 0.0292969 0.0544831
0 0.262695 0.709961 0.525391 0.580078 0.0545554
1 0.923828 0.640625 0.03125 0.0351562 0.0634528
1 0.28125 0.242188 0.0507812 0.0507812 0.0854718
1 0.00976562 0.174805 0.0195312 0.0332031 0.103992
1 0.772461 0.567383 0.0214844 0.0253906 0.138588
1 0.206055 0.271484 0.169922 0.105469 0.207539
1 0.143555 0.28125 0.0410156 0.046875 0.229549
1 0.878906 0.692383 0.046875 0.0410156 0.271655
1 0.796875 0.569336 0.0546875 0.0410156 0.297864
1 0.71582 0.616211 0.0488281 0.0527344 0.446619
1 0.569336 0.202148 0.0449219 0.0449219 0.546777
1 0.762695 0.165039 0.0917969 0.0800781 0.690164
