1 0.0458984 0.0244141 0.0605469 0.0488281 0.0208258
1 0.0488281 0.866211 0.0429688 0.0253906 0.02169
1 0.677734 0.885742 0.078125 0.0566406 0.0234444
1 0.663086 0.186523 0.0253906 0.0214844 0.0235091
1 0.634766 0.885742 0.078125 0.0566406 0.0288626
1 0.574219 0.0957031 0.0195312 0.0195312 0.0314126
1 0.330078 0.851562 0.046875 0.0664062 0.0320935
1 0.34375 0.867188 0.0625 0.0429688 0.0333294
1 0.297852 0.844727 0.0332031 0.0371094 0.0385698
1 0.381836 0.865234 0.0449219 0.0351562 0.0386997
1 0.370117 0.866211 0.0292969 0.0292969 0.0403534
1 0.676758 0.22168 0.0332031 0.0214844 0.0412385
1 0.533203 0.850586 0.0351562 0.0332031 0.0425476
1 0.317383 0.837891 0.0410156 0.0390625 0.0445574
1 0.591797 0.892578 0.03125 0.0273438 0.0452775
1 0.692383 0.0664062 0.0292969 0.0234375 0.0473474
1 0.671875 0.200195 0.0351562 0.0371094 0.0505958
1 0.644531 0.175781 0.0273438 0.0234375 0.0553448
1 0.34082 0.835938 0.173828 0.0976562 0.0851089
1 0.0556641 0.84668 0.0566406 0.0527344 0.0866577
1 0.804688 0.865234 0.046875 0.0390625 0.0883211
1 0.128906 0.0400391 0.246094 0.0800781 0.0963101
1 0.0712891 0.833008 0.0253906 0.0253906 0.0990555
1 0.0683594 0.863281 0.03125 0.0273438 0.109548
1 0.546875 0.855469 0.0507812 0.0429688 0.110255
1 0.0478516 0.835938 0.0332031 0.03125 0.117599
1 0.296875 0.842773 0.0898438 0.0488281 0.122901
1 0.688477 0.886719 0.0371094 0.0351562 0.132629
1 0.543945 0.119141 0.0332031 0.03125 0.207097
1 0.675781 0.211914 0.03125 0.0292969 0.218941
1 0.633789 0.888672 0.0371094 0.03125 0.219822
1 0.0556641 0.905273 0.0527344 0.0527344 0.278803
1 0.679688 0.248047 0.0351562 0.0351562 0.291328
1 0.335938 0.863281 0.0351562 0.03125 0.30639
1 0.273438 0.845703 0.0390625 0.0351562 0.356354
1 0.392578 0.833984 0.078125 0.0820312 0.476994
