1 0.75293 0.632812 0.0332031 0.0273438 0.0273886
1 0.933594 0.379883 0.0546875 0.0527344 0.0338546
1 0.77832 0.540039 0.138672 0.0761719 0.0427033
1 0.730469 0.646484 0.0273438 0.0195312 0.0453681
1 0.737305 0.754883 0.0253906 0.0253906 0.0508672
1 0.980469 0.600586 0.0390625 0.0332031 0.053711
1 0.739258 0.641602 0.0332031 0.0253906 0.0593473
1 0.854492 0.614258 0.0488281 0.0292969 0.063655
1 0.733398 0.739258 0.0371094 0.0410156 0.0795962
1 0.830078 0.618164 0.0703125 0.0332031 0.0925317
1 0.822266 0.548828 0.0546875 0.0585938 0.0960691
1 0.813477 0.619141 0.0449219 0.0273438 0.156561
1 0.886719 0.612305 0.0195312 0.0214844 0.162124
1 0.735352 0.725586 0.0292969 0.0253906 0.164086
1 0.991211 0.597656 0.0175781 0.0273438 0.182967
1 0.988281 0.400391 0.0234375 0.0429688 0.188098
1 0.948242 0.605469 0.0175781 0.0195312 0.19238
1 0.835938 0.615234 0.0234375 0.0234375 0.200474
1 0.728516 0.669922 0.0273438 0.0273438 0.201536
1 0.744141 0.62793 0.0390625 0.0332031 0.20858
1 0.973633 0.601562 0.0214844 0.0234375 0.244665
1 0.796875 0.620117 0.0351562 0.0292969 0.251306
1 0.958008 0.603516 0.0214844 0.0195312 0.257124
1 0.897461 0.612305 0.0214844 0.0214844 0.266415
1 0.916016 0.609375 0.0390625 0.0273438 0.299259
1 0.863281 0.613281 0.0273438 0.0234375 0.315294
1 0.740234 0.699219 0.03125 0.0234375 0.409199
1 0.697266 0.046875 0.105469 0.09375 0.552909
