1 0.984375 0.519531 0.0273438 0.0429688 0.0211877
1 0.0830078 0.555664 0.0175781 0.0175781 0.022606
1 0.628906 0.103516 0.03125 0.0273438 0.0236712
1 0.662109 0.137695 0.0273438 0.0292969 0.0266424
1 0.0839844 0.539062 0.0195312 0.0117188 0.0266959
0 0.256836 0.433594 0.513672 0.0507812 0.0300626
1 0.0791016 0.520508 0.0253906 0.0214844 0.0311193
1 0.361328 0.12207 0.03125 0.0332031 0.033878
1 0.0683594 0.539062 0.0195312 0.015625 0.0378152
2 0.583008 0.893555 0.0214844 0.0214844 0.0552914
1 0.651367 0.107422 0.0566406 0.0429688 0.0604944
1 0.682617 0.105469 0.0683594 0.0390625 0.0811371
1 0.731445 0.123047 0.0253906 0.0234375 0.0904632
1 0.702148 0.197266 0.0292969 0.0195312 0.12924
1 0.663086 0.102539 0.0292969 0.0292969 0.134664
1 0.904297 0.513672 0.0390625 0.0507812 0.267807
1 0.698242 0.105469 0.0332031 0.03125 0.274027
1 0.700195 0.174805 0.0292969 0.0253906 0.494109
1 0.705078 0.224609 0.0351562 0.0351562 0.575713
1 0.699219 0.143555 0.03125 0.0292969 0.626192
