1 0.550781 0.881836 0.0429688 0.0410156 0.0200024
1 0.320312 0.900391 0.628906 0.195312 0.0222854
1 0.573242 0.885742 0.0332031 0.0371094 0.0226126
1 0.533203 0.879883 0.0820312 0.0722656 0.0240333
1 0.966797 0.0537109 0.0664062 0.103516 0.0342128
1 0.570312 0.878906 0.128906 0.101562 0.0342663
1 0.46875 0.964844 0.136719 0.0703125 0.0371286
1 0.537109 0.882812 0.0507812 0.0507812 0.0495598
1 0.978516 0.707031 0.0429688 0.0585938 0.061253
1 0.40625 0.90918 0.253906 0.181641 0.139137
1 0.599609 0.873047 0.0546875 0.0585938 0.262729
1 0.941406 0.0693359 0.117188 0.138672 0.499293
