1 0.410156 0.977539 0.0507812 0.0410156 0.021877
1 0.135742 0.382812 0.0449219 0.046875 0.0219621
1 0.351562 0.90332 0.0195312 0.0253906 0.0227291
1 0.186523 0.0449219 0.0449219 0.046875 0.0257897
0 0.170898 0.200195 0.341797 0.396484 0.0259242
3 0.762695 0.0136719 0.0878906 0.0273438 0.0270625
1 0.0654297 0.658203 0.0644531 0.0429688 0.0295475
1 0.322266 0.993164 0.0351562 0.0136719 0.0315297
1 0.322266 0.866211 0.0273438 0.0332031 0.0336214
1 0.306641 0.973633 0.0429688 0.0488281 0.0338703
1 0.250977 0.87207 0.0253906 0.0292969 0.0341983
5 0.580078 0.0175781 0.0351562 0.03125 0.0366572
1 0.552734 0.951172 0.0351562 0.03125 0.0393633
1 0.186523 0.740234 0.0410156 0.0273438 0.0459882
1 0.361328 0.917969 0.0195312 0.0195312 0.0468833
1 0.271484 0.774414 0.0234375 0.0175781 0.0614817
1 0.24707 0.864258 0.0214844 0.0214844 0.0666777
1 0.338867 0.859375 0.0371094 0.0273438 0.0685838
1 0.311523 0.964844 0.0332031 0.0273438 0.0714932
1 0.289062 0.943359 0.0195312 0.0195312 0.074596
1 0.255859 0.880859 0.0195312 0.015625 0.0754394
1 0.227539 0.827148 0.0253906 0.0253906 0.0918343
1 0.283203 0.793945 0.0234375 0.0214844 0.103467
1 0.21875 0.804688 0.0351562 0.03125 0.108166
1 0.239258 0.824219 0.0136719 0.015625 0.112561
1 0.128906 0.749023 0.03125 0.0253906 0.118577
1 0.311523 0.986328 0.0292969 0.0234375 0.131772
1 0.366211 0.93457 0.0136719 0.0175781 0.140329
1 0.213867 0.794922 0.0253906 0.0195312 0.146391
1 0.301758 0.961914 0.0253906 0.0253906 0.157637
1 0.306641 0.978516 0.0234375 0.0234375 0.16528
1 0.175781 0.731445 0.03125 0.0332031 0.165418
0 0.702148 0.498047 0.591797 0.996094 0.18096
1 0.417969 0.980469 0.0273438 0.03125 0.182912
1 0.224609 0.819336 0.0273438 0.0292969 0.189205
1 0.349609 0.913086 0.0234375 0.0214844 0.198194
1 0.28418 0.932617 0.0253906 0.0214844 0.19827
1 0.387695 0.983398 0.0332031 0.0332031 0.207868
1 0.384766 0.907227 0.0234375 0.0214844 0.211835
1 0.237305 0.697266 0.0449219 0.0664062 0.226027
1 0.311523 0.779297 0.0214844 0.0195312 0.228707
1 0.251953 0.708984 0.0703125 0.0546875 0.232291
1 0.293945 0.80957 0.0332031 0.0410156 0.261206
1 0.15625 0.376953 0.078125 0.0507812 0.261468
1 0.270508 0.901367 0.0253906 0.0214844 0.312515
1 0.318359 0.852539 0.0195312 0.0214844 0.34367
1 0.326172 0.886719 0.03125 0.0273438 0.358071
1 0.494141 0.693359 0.0664062 0.0625 0.416272
1 0.198242 0.768555 0.0253906 0.0214844 0.431982
1 0.350586 0.854492 0.0253906 0.0214844 0.545588
