1 0.941406 0.0751953 0.113281 0.0800781 0.0203164
1 0.789062 0.0791016 0.0390625 0.0449219 0.0209473
1 0.209961 0.177734 0.0917969 0.0664062 0.0215653
1 0.207031 0.175781 0.0429688 0.0390625 0.0233207
4 0.0449219 0.663086 0.0664062 0.0644531 0.0262503
1 0.129883 0.0283203 0.0332031 0.0332031 0.0291422
1 0.193359 0.100586 0.0273438 0.0214844 0.0292015
1 0.242188 0.177734 0.0234375 0.0273438 0.0312231
1 0.228516 0.191406 0.0390625 0.0351562 0.0314144
3 0.426758 0.015625 0.107422 0.03125 0.0338356
1 0.256836 0.0615234 0.0410156 0.0371094 0.0350725
1 0.227539 0.172852 0.0410156 0.0449219 0.0386589
1 0.274414 0.0283203 0.0605469 0.0566406 0.0391761
1 0.224609 0.160156 0.0585938 0.0507812 0.0423563
1 0.223633 0.123047 0.0253906 0.0234375 0.0423732
1 0.101562 0.248047 0.0351562 0.0351562 0.047561
1 0.165039 0.191406 0.0292969 0.0351562 0.0532822
3 0.425781 0.0810547 0.136719 0.162109 0.0624352
3 0.431641 0.0302734 0.121094 0.0605469 0.0636031
1 0.228516 0.138672 0.0273438 0.0351562 0.0822183
1 0.19043 0.00878906 0.0332031 0.0175781 0.0939179
1 0.192383 0.183594 0.0449219 0.0429688 0.0983582
1 0.239258 0.149414 0.0292969 0.0292969 0.109959
1 0.216797 0.149414 0.0195312 0.0253906 0.113412
1 0.12793 0.240234 0.0527344 0.046875 0.124597
1 0.22168 0.160156 0.0292969 0.03125 0.127893
1 0.177734 0.103516 0.0273438 0.0195312 0.133004
1 0.166016 0.0742188 0.03125 0.03125 0.176172
3 0.522461 0.292969 0.494141 0.222656 0.178719
1 0.135742 0.240234 0.0332031 0.0351562 0.179128
3 0.655273 0.349609 0.689453 0.375 0.198539
1 0.110352 0.0195312 0.0410156 0.0351562 0.296007
1 0.189453 0.172852 0.03125 0.0292969 0.297785
1 0.191406 0.132812 0.0351562 0.0351562 0.40543
