0 1939 248 1939 248 2047 0 2047
1125 1866 1705 1866 1705 2047 1125 2047
657 1761 709 1749 726 1822 674 1834
1043 1689 1441 1606 1485 1820 1087 1903
1248 1342 1310 1342 1310 1385 1248 1385
270 1148 760 1067 838 1539 348 1620
795 1069 1941 877 2014 1316 868 1508
0 837 109 837 109 1209 0 1209
1531 730 1531 585 1612 585 1612 730
1746 661 1754 580 1810 585 1802 666
135 606 626 525 699 968 209 1049
659 534 1160 442 1236 861 736 952
1203 418 1432 368 1527 799 1298 849
1398 76 1641 26 1698 303 1455 353
655 97 1094 5 1177 401 737 492
1916 0 2047 0 2047 245 1916 245
