1843 1854 1983 1779 2108 2013 1968 2088
810 1752 946 1752 946 1828 810 1828
941 1658 1056 1557 1244 1772 1129 1873
805 1682 805 1542 877 1542 877 1682
604 1518 731 1518 731 1611 604 1611
-105 1608 533 1420 675 1901 36 2090
0 1471 0 1268 205 1268 205 1471
424 1276 754 1069 855 1230 524 1436
1159 1117 1982 665 2214 1087 1390 1539
0 734 0 539 133 539 133 734
894 782 1491 372 1726 714 1129 1125
1159 329 1189 283 1240 316 1210 362
1253 263 1271 230 1324 259 1306 292
1102 220 1165 220 1165 291 1102 291
666 91 716 86 729 213 678 218
