0 2047 0 1958 114 1958 114 2047
1454 1879 1937 1879 1937 2047 1454 2047
580 1774 1061 1696 1118 2046 637 2124
1116 1689 1670 1538 1756 1854 1202 2005
444 1317 475 1317 475 1397 444 1397
367 1246 371 1169 399 1170 396 1248
66 1098 350 1085 371 1531 87 1544
916 982 1301 808 1458 1154 1073 1329
1751 1328 1751 765 2047 766 2047 1328
1683 659 1823 659 1823 735 1683 735
-104 583 540 397 679 879 34 1065
525 626 746 320 1256 689 1035 995
951 437 951 370 996 370 996 437
2021 298 2047 298 2047 365 2021 365
0 448 0 211 204 211 204 448
320 317 755 42 908 284 473 559
1167 96 1900 -283 2111 124 1378 504
