891 1697 1284 1697 1284 2047 891 2047
0 1413 317 1413 317 1681 0 1681
1930 1239 2047 1239 2047 1394 1930 1394
1017 1207 1341 1149 1416 1564 1091 1622
0 1389 0 1071 233 1071 233 1389
1281 793 1731 690 1922 1524 1471 1627
420 813 1256 646 1349 1112 514 1279
-17 689 111 670 130 799 2 818
1829 627 2047 627 2047 1019 1829 1019
443 422 982 344 1028 659 489 738
1185 312 1258 290 1280 360 1206 382
1350 326 1609 74 2074 551 1816 803
1813 0 2041 -14 2063 338 1836 353
1044 0 1590 -76 1621 142 1075 219
561 0 1015 -57 1055 256 601 313
