80 1925 918 1925 918 2047 80 2047
1049 1812 1438 1736 1498 2041 1109 2118
1452 1754 1787 1661 1894 2046 1560 2140
1843 1705 2046 1676 2076 1892 1874 1921
135 1753 294 1515 602 1721 443 1959
0 1477 196 1477 196 1906 0 1906
375 1094 625 1049 676 1334 426 1379
0 983 292 983 292 1243 0 1243
876 926 1166 901 1196 1253 906 1278
607 601 1390 455 1454 797 671 943
0 863 0 350 327 350 327 863
495 271 1310 120 1370 442 555 593
734 140 749 58 841 76 826 157
1970 0 2047 0 2047 276 1970 276
903 0 1307 0 1307 136 903 136
0 277 0 0 325 0 325 277
