1687 1980 1769 1980 1769 2047 1687 2047
283 1747 731 1747 731 2047 283 2047
0 2047 0 1707 265 1707 265 2047
688 1778 1055 1624 1216 2006 849 2160
1125 1517 1819 1347 1925 1777 1231 1947
165 1342 214 1315 251 1382 203 1409
2003 1286 2047 1286 2047 1476 2003 1476
883 1248 946 1248 946 1321 883 1321
325 1351 583 1098 1048 1572 790 1825
1202 948 1564 856 1677 1298 1314 1390
1582 882 2044 740 2168 1145 1707 1287
-46 693 546 596 640 1164 47 1261
562 670 1055 573 1130 953 637 1051
1433 175 1658 73 1894 596 1669 698
1679 47 1959 -68 2188 483 1908 599
974 0 1471 0 1471 223 974 223
