194 1916 507 1916 507 2047 194 2047
581 1706 1311 1706 1311 2047 581 2047
0 1610 95 1610 95 1977 0 1977
1253 1629 1870 1468 1971 1856 1354 2016
404 1201 628 1096 871 1617 647 1722
1080 1152 1489 997 1617 1337 1208 1492
659 1084 943 965 1170 1505 886 1624
1891 810 2047 810 2047 1133 1891 1133
-122 906 336 740 470 1110 11 1276
1929 696 2046 690 2049 730 1931 736
340 715 763 537 925 921 502 1100
792 525 1208 348 1336 650 921 827
1492 400 2045 178 2195 552 1643 774
1606 0 2006 0 2006 210 1606 210
1200 50 1399 -93 1627 221 1428 364
380 119 849 -137 1087 296 618 554
0 0 533 0 533 178 0 178
