1824 1683 2047 1683 2047 2047 1824 2047
1032 1704 1588 1628 1645 2046 1089 2122
912 1345 1260 1194 1429 1584 1082 1735
1585 1215 1870 1127 2005 1561 1720 1649
1952 1165 2047 1165 2047 1493 1952 1493
-61 1320 677 1056 1031 2044 293 2308
2027 667 2047 667 2047 913 2027 913
-93 723 198 650 311 1105 20 1177
1370 728 1877 627 1965 1070 1458 1171
224 601 848 443 949 843 325 1000
0 211 105 211 105 507 0 507
1383 201 1744 116 1850 566 1489 651
1829 133 2047 133 2047 657 1829 657
1277 0 1395 0 1395 29 1277 29
982 5 1172 -11 1179 71 989 88
54 128 454 -41 599 300 199 470
