0 1920 41 1920 41 1974 0 1974
1898 1847 2047 1847 2047 2047 1898 2047
485 1577 1054 1555 1069 1943 499 1964
1126 1461 1674 1347 1768 1803 1220 1916
1870 1230 2047 1230 2047 1758 1870 1758
-14 957 276 917 359 1520 69 1561
1111 883 1174 883 1174 1019 1111 1019
1673 687 2046 652 2087 1085 1714 1121
-24 629 250 604 275 881 0 905
827 544 1145 505 1174 737 856 777
1102 448 1147 448 1147 511 1102 511
1631 338 2047 338 2047 670 1631 670
799 327 857 326 858 364 800 366
727 346 764 302 795 329 758 372
0 293 223 293 223 589 0 589
733 288 736 240 809 244 807 292
1176 238 1391 238 1391 370 1176 370
967 238 1095 238 1095 292 967 292
815 262 899 206 986 336 902 392
371 0 421 0 421 73 371 73
0 0 219 0 219 194 0 194
