0 2047 0 1943 81 1943 81 2047
215 2047 215 1916 990 1916 990 2047
1152 1760 1933 1760 1933 2047 1152 2047
1216 1248 1938 1248 1938 1732 1216 1732
467 1239 1106 1239 1106 1394 467 1394
1998 1316 1998 1070 2047 1070 2047 1316
1520 1241 1533 987 1786 1000 1773 1254
536 1011 551 948 590 957 575 1020
1029 936 1119 936 1119 1099 1029 1099
907 934 992 934 992 1019 907 1019
718 1016 723 930 879 939 874 1025
581 955 581 927 662 927 662 955
2021 901 2047 901 2047 1046 2021 1046
1243 723 1270 434 1983 501 1956 790
1758 445 1776 278 1967 299 1949 466
322 691 335 279 1108 303 1095 715
1236 401 1246 239 1437 252 1426 413
1770 223 1794 -14 1951 0 1927 239
1559 0 1677 0 1677 110 1559 110
316 0 1092 0 1092 310 316 310
0 1644 0 0 209 0 209 1644
