654 1963 920 1963 920 2047 654 2047
1183 1893 1521 1893 1521 2047 1183 2047
1664 1797 2047 1797 2047 2047 1664 2047
1135 1552 1232 1538 1251 1672 1154 1686
1176 1482 1247 1482 1247 1535 1176 1535
186 1392 636 1323 677 1588 226 1657
1231 1367 1407 1282 1564 1608 1388 1692
68 1006 470 887 572 1231 169 1350
1593 986 1983 927 2072 1519 1683 1578
1827 669 1969 654 1989 853 1847 867
843 576 1300 506 1327 676 869 746
909 368 1269 344 1279 500 920 523
733 302 855 282 897 524 774 545
1436 0 2047 0 2047 283 1436 283
837 0 1220 0 1220 214 837 214
92 746 92 0 808 0 808 746
