1824 1994 2047 1994 2047 2047 1824 2047
270 1943 661 1943 661 2047 270 2047
665 1875 1074 1768 1147 2045 737 2152
-142 1439 232 1335 377 1856 2 1960
1778 1355 2046 1315 2118 1796 1850 1836
1229 1420 1723 1289 1879 1878 1385 2009
223 1294 538 1179 742 1737 427 1852
548 1134 869 1016 1090 1615 769 1733
1043 881 1479 759 1619 1257 1184 1380
-127 805 214 665 423 1176 81 1316
1526 750 1896 629 2088 1220 1718 1340
308 779 689 614 850 982 469 1148
1943 562 2047 562 2047 917 1943 917
1431 386 1549 318 1599 404 1480 472
1594 179 1989 18 2154 422 1759 583
