10722 12255 12107 11929 12322 12841 10937 13168
1903 5120 3071 5120 3071 6232 1903 6232
7741 6942 7784 6186 9258 6270 9215 7026
4589 3543 5712 3450 5785 4325 4662 4419
8830 10324 9829 10079 10049 10973 9050 11219
12222 7455 12956 7178 13348 8219 12614 8495
5854 8780 5990 7144 6474 7183 6339 8820
14290 8382 15566 8212 15646 8813 14369 8984
8202 9634 9454 9446 9545 10048 8292 10236
7581 5229 8609 4891 8821 5539 7793 5876
8774 3047 9590 2858 9786 3703 8970 3892
4055 9176 4464 8440 5208 8854 4799 9590
6115 10971 6741 10877 6910 11994 6284 12089
6393 7431 6440 6642 7282 6692 7235 7482
4616 10738 5138 10660 5318 11872 4796 11949
13136 2544 13915 2127 14252 2757 13473 3174
8192 8509 8207 8019 9459 8062 9443 8552
4451 9564 4994 9496 5131 10594 4588 10661
15108 11087 15614 11064 15667 12244 15162 12267
5938 3880 6877 3533 7081 4087 6142 4434
3687 9595 4398 9515 4489 10333 3779 10413
3935 11067 4607 10971 4729 11825 4058 11921
12749 5491 13763 5116 13944 5603 12930 5978
8683 12313 9866 12089 9950 12531 8767 12756
1629 10752 2137 10751 2140 11774 1632 11775
8987 11309 10133 11117 10206 11556 9060 11748
2495 9052 3944 9043 3947 9393 2497 9402
14834 9216 15784 9185 15801 9705 14852 9736
8110 7261 8265 6835 9273 7203 9117 7630
1776 6809 2120 6790 2198 8190 1853 8209
9873 12785 10633 12692 10710 13317 9950 13411
4399 12139 4961 12132 4971 12990 4409 12996
3694 3635 4500 3635 4500 4223 3694 4223
10372 2150 11214 1667 11457 2088 10614 2572
12225 4933 12808 4608 13143 5210 12560 5535
1375 5121 1838 5111 1860 6100 1397 6111
1846 8194 2202 8173 2279 9402 1923 9424
11264 8864 11972 8864 11972 9471 11264 9471
5128 9111 6256 9111 6256 9490 5128 9490
4970 12982 4970 12133 5471 12133 5471 12982
6777 5189 7463 5120 7525 5730 6839 5800
14567 5269 14918 4565 15398 4805 15047 5509
4458 13047 5074 13047 5074 13727 4458 13727
1796 12680 1802 12061 2478 12068 2472 12686
7355 4093 7813 3962 8055 4804 7597 4936
2986 12927 2986 12106 3487 12106 3487 12927
9636 7981 10472 7814 10565 8280 9730 8447
11505 4156 12084 3859 12364 4405 11785 4702
3190 10646 3745 10577 3833 11281 3278 11350
10497 7961 10947 7858 11138 8692 10687 8795
5483 4556 6062 4472 6159 5140 5579 5224
13093 11608 13702 11571 13741 12211 13132 12249
1372 6144 1647 6129 1728 7521 1453 7537
12036 3144 12509 2890 12840 3507 12367 3761
5478 12302 6019 12209 6135 12877 5593 12971
3910 2175 4915 1954 4993 2307 3988 2528
14522 11194 14974 11183 14993 11993 14540 12004
7340 9547 8033 9517 8056 10045 7363 10075
8425 13088 9189 13044 9217 13518 8453 13563
9492 3900 10238 3749 10333 4216 9587 4367
7269 8944 8071 8927 8081 9375 7278 9392
3986 2955 5069 2742 5132 3059 4049 3272
7360 8416 8082 8416 8082 8900 7360 8900
1396 7645 1768 7628 1810 8559 1439 8576
10194 6837 10786 6740 10880 7308 10287 7405
6350 9520 6356 9076 7127 9087 7121 9531
12748 9190 13308 9070 13432 9654 12872 9773
14547 9861 15315 9783 15360 10223 14592 10301
9099 2644 9733 2436 9891 2918 9257 3126
12883 3264 13311 3264 13311 4050 12883 4050
10105 1818 10747 1343 10996 1681 10354 2156
14097 6300 14722 6162 14834 6672 14209 6810
6456 7858 6478 7437 7260 7478 7238 7898
15459 10070 15874 10032 15944 10811 15529 10849
1825 4688 2558 4679 2563 5119 1830 5127
11365 7658 12066 7503 12162 7938 11461 8093
1435 12808 1971 12751 2033 13339 1497 13396
12026 8794 12559 8620 12735 9158 12203 9333
10938 5004 11693 4779 11808 5163 11052 5388
6216 2177 6713 1964 6944 2499 6446 2713
12614 1877 13129 1541 13409 1970 12895 2306
9843 8891 10494 8844 10529 9325 9877 9372
8394 3471 8890 3336 9050 3923 8554 4058
5989 6245 6326 6245 6326 7167 5989 7167
14936 10296 15431 10273 15459 10898 14964 10920
11155 3522 11544 3320 11866 3942 11476 4144
11148 2261 11686 1970 11923 2407 11384 2699
13113 5846 13782 5699 13877 6133 13209 6280
11822 7018 12472 6805 12609 7223 11959 7436
2414 2683 2774 2666 2813 3494 2452 3511
3170 2935 3817 2838 3884 3288 3237 3385
13773 11807 13791 11367 14459 11395 14441 11835
1846 2912 2273 2886 2316 3568 1889 3594
15802 8975 16237 8933 16302 9592 15866 9635
13314 7862 13803 7707 13973 8242 13485 8398
9823 9817 10606 9671 10670 10013 9887 10159
12510 6762 13130 6570 13255 6975 12635 7167
7388 10127 8092 10100 8106 10490 7402 10517
6058 10476 6674 10418 6715 10857 6099 10915
9711 9486 10526 9335 10586 9658 9771 9809
11644 5232 12146 4988 12358 5424 11856 5668
12663 8622 13177 8522 13275 9026 12760 9126
13448 10206 14232 10146 14258 10486 13475 10547
7563 11184 8255 11071 8316 11447 7623 11559
6930 10263 7235 10220 7359 11076 7054 11120
10626 4053 11157 3885 11300 4338 10769 4506
5262 13166 5705 13166 5705 13759 5262 13759
12471 3727 12818 3523 13148 4085 12801 4289
2702 9454 3187 9426 3218 9959 2733 9987
14990 5422 15415 5395 15453 6002 15029 6029
6570 8192 7263 8192 7263 8563 6570 8563
6924 3549 7379 3384 7560 3882 7105 4047
10585 7464 10924 7229 11277 7737 10938 7972
14367 9158 14754 9101 14848 9740 14460 9797
9753 2631 10172 2374 10439 2810 10020 3067
9893 4435 10347 4334 10464 4858 10011 4959
8646 8845 8650 8569 9541 8580 9538 8857
8704 2796 9085 2680 9265 3272 8884 3388
8457 11387 8955 11301 9038 11780 8540 11866
7797 13095 8324 13028 8382 13484 7855 13552
8738 9486 8741 9183 9544 9191 9541 9494
14108 7859 14597 7761 14692 8238 14203 8335
7107 13207 7661 13141 7713 13570 7158 13637
14230 4854 14577 4291 14886 4482 14537 5044
4440 14100 4453 13748 5124 13772 5111 14125
7737 12250 8127 12191 8216 12783 7827 12842
5725 13165 6134 13132 6180 13702 5771 13735
14506 12062 14974 12043 14995 12543 14527 12563
8211 2929 8647 2807 8787 3305 8352 3428
8766 2239 9246 2027 9426 2435 8946 2647
13658 6872 14165 6771 14253 7214 13746 7315
14451 12668 15007 12594 15062 13006 14505 13079
11046 5383 11432 5303 11551 5876 11165 5956
9737 7020 10200 6935 10287 7409 9824 7494
14278 6788 14787 6710 14854 7145 14344 7223
14934 6648 15358 6597 15422 7123 14997 7174
8327 10847 8817 10765 8892 11213 8402 11295
8801 4111 9328 3981 9427 4384 8900 4514
2048 2190 2377 2190 2377 2870 2048 2870
2533 10793 3102 10771 3117 11159 2547 11180
8300 5816 8889 5709 8955 6072 8366 6179
10240 1024 10751 1024 10751 1456 10240 1456
7718 3174 8041 3062 8254 3667 7932 3781
10264 11040 10614 10915 10812 11469 10462 11594
1442 12759 1447 12055 1754 12057 1749 12761
3123 13344 3766 13344 3766 13677 3123 13677
10460 4680 10978 4513 11097 4880 10578 5047
6380 5168 6762 5149 6788 5698 6407 5717
6385 4410 6752 4340 6858 4890 6491 4961
6400 6615 6416 6372 7268 6429 7252 6672
7387 7891 7414 7602 8127 7669 8100 7958
7751 10582 8158 10523 8230 11020 7823 11078
6805 4395 7100 4308 7288 4948 6993 5035
6745 13253 7068 13196 7176 13812 6853 13869
6053 9568 6583 9540 6603 9924 6073 9951
7041 2853 7382 2713 7591 3224 7249 3364
15675 11072 16123 11062 16134 11514 15685 11525
12661 12337 13124 12303 13156 12739 12693 12773
10802 6811 11300 6719 11372 7111 10874 7203
5579 2369 6121 2270 6186 2626 5644 2725
7391 3342 7706 3227 7910 3785 7595 3900
15301 7145 15751 7121 15775 7562 15325 7586
10831 2962 11222 2803 11400 3239 11009 3398
11595 5833 12021 5645 12193 6035 11768 6224
14570 7254 14993 7190 15063 7648 14640 7712
5901 3327 6290 3242 6395 3728 6006 3812
15909 9701 16316 9653 16372 10127 15965 10174
1939 9529 2264 9497 2321 10091 1997 10123
2613 13824 2978 13801 3011 14332 2646 14355
15765 8163 16080 8102 16195 8697 15880 8758
14083 3694 14300 3482 14748 3940 14531 4152
11152 6007 11610 5859 11734 6242 11276 6391
6331 3207 6732 3129 6822 3596 6421 3673
11089 8297 11515 8146 11657 8549 11231 8699
5083 2612 5531 2486 5643 2883 5195 3009
12814 2706 13060 2572 13389 3174 13144 3308
15208 8108 15215 7690 15673 7698 15666 8115
14602 5474 14937 5457 14966 6026 14631 6043
15179 12660 15699 12644 15710 13006 15190 13023
10674 10969 11029 10883 11151 11384 10796 11470
2519 12084 2834 12084 2834 12681 2519 12681
10332 3737 10886 3586 10972 3902 10418 4053
2315 9635 2610 9602 2679 10223 2384 10255
12162 2169 12404 2012 12751 2544 12507 2702
11919 6191 12199 6076 12428 6627 12148 6743
6059 9987 6552 9941 6586 10304 6093 10351
2036 10170 2328 10134 2404 10741 2112 10777
6209 12273 6676 12123 6787 12470 6319 12619
13431 9203 13869 9156 13912 9557 13475 9604
15677 11531 16184 11517 16193 11864 15687 11878
15169 12289 15700 12275 15709 12604 15177 12618
7148 12699 7562 12516 7718 12869 7303 13052
9660 7590 10199 7512 10244 7828 9705 7906
13172 12290 13664 12250 13692 12598 13200 12638
13671 6345 14032 6260 14138 6710 13777 6795
12928 4290 13211 4100 13490 4516 13206 4706
7837 3932 8226 3818 8344 4222 7955 4336
11442 7092 11804 7000 11917 7442 11554 7534
3295 11344 3820 11265 3868 11582 3343 11662
8159 12199 8457 12152 8545 12708 8247 12755
7476 2827 7857 2662 8018 3030 7637 3196
10928 7922 11295 7768 11456 8150 11089 8304
7859 13737 8375 13671 8415 13981 7898 14047
4032 2561 4539 2465 4597 2775 4091 2871
11058 10926 11353 10858 11473 11378 11178 11446
10131 3030 10520 2858 10674 3204 10283 3377
12341 6278 12741 6103 12889 6442 12490 6617
13200 7489 13548 7338 13717 7728 13370 7879
15360 6656 15728 6656 15728 7090 15360 7090
12048 4692 12633 4384 12745 4598 12160 4906
12044 5649 12460 5467 12594 5775 12179 5957
8011 4421 8363 4328 8470 4732 8118 4825
12157 3943 12422 3787 12672 4213 12408 4369
1845 4235 2469 4183 2489 4424 1865 4476
6751 3114 7085 3024 7198 3445 6863 3534
3184 2464 3753 2410 3778 2672 3209 2726
1553 10350 1980 10329 1997 10676 1570 10697
6271 12667 6784 12577 6834 12857 6321 12947
9545 2367 9970 2084 10131 2325 9705 2608
1326 4805 1796 4805 1796 5119 1326 5119
2241 13917 2572 13895 2601 14334 2270 14356
8615 11871 9133 11841 9149 12120 8631 12150
11472 8628 11887 8538 11959 8870 11544 8960
11673 6316 11902 6215 12133 6743 11904 6844
6946 11136 7347 11101 7378 11457 6977 11492
11862 2408 12121 2237 12375 2621 12115 2792
9365 12954 9790 12854 9864 13171 9440 13271
10235 8375 10555 8315 10634 8739 10314 8799
14234 7325 14537 7252 14641 7685 14338 7758
13665 9801 14246 9747 14267 9980 13686 10033
13869 7362 14153 7269 14296 7701 14011 7794
4623 2421 4973 2342 5056 2706 4706 2785
10966 7168 11311 7075 11409 7435 11064 7529
15393 9803 15846 9739 15884 10014 15431 10077
14483 10735 14697 10547 14989 10878 14774 11067
7022 11471 7385 11418 7434 11755 7072 11809
6579 1334 6951 1258 7015 1575 6643 1650
7160 6075 7172 5781 7582 5799 7569 6093
2472 12755 2879 12740 2889 13031 2483 13046
6376 13725 6775 13649 6829 13932 6430 14009
3644 12893 4051 12853 4078 13130 3672 13170
14483 13311 14483 13107 15012 13107 15012 13311
11043 13203 11439 13122 11492 13381 11096 13462
12952 13126 13443 13075 13465 13288 12974 13340
5656 2743 6215 2603 6259 2777 5699 2918
10092 10142 10382 10117 10412 10469 10122 10494
3360 11671 3912 11671 3912 11853 3360 11853
6725 6367 6765 6034 7060 6070 7020 6403
3144 2162 3504 2137 3523 2411 3163 2435
7694 6949 8147 6949 8147 7167 7694 7167
15411 6105 15691 6075 15729 6417 15449 6448
14336 5600 14532 5600 14532 6093 14336 6093
2749 3017 2972 2966 3066 3377 2843 3429
7200 13873 7762 13810 7781 13978 7218 14041
1551 3295 1862 3265 1891 3569 1580 3599
2355 2105 2562 2080 2616 2524 2408 2549
3918 10446 4095 10446 4095 10974 3918 10974
12266 9741 12739 9578 12799 9754 12326 9917
13770 4239 14014 4017 14202 4225 13958 4447
3072 11849 3072 11202 3213 11202 3213 11849
9235 11929 9633 11846 9677 12060 9279 12143
12031 13068 12168 12904 12478 13165 12341 13328
2396 11397 2591 11397 2591 11839 2396 11839
14138 10512 14313 10488 14376 10962 14201 10985
12116 9368 12588 9232 12635 9394 12162 9530
14526 10329 14906 10304 14920 10521 14541 10546
2063 13118 2451 13094 2464 13303 2075 13327
2781 2444 2873 2160 3132 2245 3040 2529
9637 4490 9795 4458 9897 4951 9739 4984
6987 11840 7444 11770 7471 11940 7013 12010
2694 4659 3108 4627 3122 4815 2708 4846
11853 9778 12068 9740 12130 10092 11915 10130
7447 6903 7733 6903 7733 7167 7447 7167
6492 8096 7264 8096 7264 8191 6492 8191
11352 2930 11560 2860 11665 3175 11457 3244
2035 12750 2271 12750 2271 13056 2035 13056
6182 1832 6508 1816 6518 2037 6193 2053
12126 9585 12457 9411 12546 9580 12215 9754
12865 12956 13288 12900 13309 13059 12886 13116
7470 6144 7689 6144 7689 6454 7470 6454
2911 8596 3140 8587 3152 8875 2923 8884
8405 2400 8697 2268 8782 2455 8490 2588
7664 8409 7677 8155 7930 8168 7917 8422
11182 13498 11426 13486 11439 13749 11194 13760
12821 11045 13020 11023 13052 11323 12853 11345
14821 9029 15140 9029 15140 9215 14821 9215
6927 6048 6946 5748 7142 5760 7123 6060
16046 10416 16195 10399 16239 10787 16090 10804
6796 10454 6921 10426 7016 10853 6892 10881
7411 1226 7543 1180 7666 1530 7534 1577
15489 9021 15721 8995 15745 9214 15513 9240
14336 5286 14587 5286 14587 5490 14336 5490
1866 2565 2047 2565 2047 2847 1866 2847
5046 1840 5248 1825 5266 2072 5064 2087
5813 3969 5990 3964 5999 4241 5821 4247
8192 2560 8411 2560 8411 2779 8192 2779
15708 13288 15829 13003 15966 13060 15845 13346
7338 10729 7469 10715 7506 11057 7375 11071
14122 12517 14335 12517 14335 12726 14122 12726
9064 1678 9261 1576 9353 1754 9156 1856
553 8227 652 8226 655 8670 555 8671
12643 13029 12862 13013 12876 13212 12658 13228
3214 9454 3493 9454 3493 9609 3214 9609
4094 14385 4353 14374 4360 14533 4099 14544
1751 4205 1751 4005 1955 4005 1955 4205
10809 2651 11009 2583 11069 2760 10870 2828
7914 7391 7938 7154 8095 7168 8071 7407
512 4329 512 3932 607 3932 607 4329
3133 9993 3275 9978 3304 10238 3161 10254
10240 11690 10363 11690 10363 11990 10240 11990
6863 11538 6992 11515 7041 11788 6912 11811
2761 2299 2761 2048 2902 2048 2902 2299
7380 7570 7390 7406 7597 7419 7587 7583
7900 7613 7918 7441 8114 7461 8096 7633
5190 14236 5523 14236 5523 14335 5190 14335
9033 8894 9159 8890 9167 9147 9040 9151
9999 997 10203 823 10280 914 10076 1088
8980 14049 8999 13850 9155 13865 9136 14064
8219 9267 8233 9153 8491 9186 8477 9300
904 6570 982 6568 992 6947 913 6949
7971 11933 8113 11918 8133 12117 7991 12131
6811 11264 6934 11253 6957 11481 6834 11493
7983 4339 8261 4260 8287 4353 8010 4432
9089 13769 9164 13588 9296 13643 9220 13823
11187 9139 11263 9139 11263 9490 11187 9490
16231 10507 16376 10499 16386 10676 16241 10684
7518 10868 7657 10855 7674 11035 7535 11048
11645 13447 11766 13421 11808 13618 11688 13644
13602 4730 13745 4724 13753 4894 13610 4901
2306 9148 2447 9141 2455 9313 2314 9320
15253 13237 15463 13218 15473 13332 15263 13351
9738 13807 9865 13776 9904 13941 9777 13971
980 4389 1052 4388 1056 4696 985 4697
9536 13283 9853 13176 9873 13236 9556 13344
12652 2949 12818 2949 12818 3071 12652 3071
9207 350 9286 265 9412 383 9332 468
15870 13147 15956 13127 16006 13343 15920 13363
12862 12212 12878 12110 13063 12139 13047 12240
1097 5923 1097 5636 1164 5636 1164 5923
1421 10059 1526 10056 1531 10238 1426 10242
10899 11995 10899 11876 11049 11876 11049 11995
2344 2004 2524 1995 2528 2089 2348 2098
9199 7857 9327 7838 9346 7967 9218 7986
2410 10240 2628 10240 2628 10317 2410 10317
7310 12514 7423 12514 7423 12658 7310 12658
14758 8075 14776 7902 14861 7910 14843 8084
8138 8234 8191 8234 8191 8489 8138 8489
11941 8191 11941 8085 12068 8085 12068 8191
7703 7168 7830 7168 7830 7273 7703 7273
14112 13586 14257 13586 14257 13677 14112 13677
12055 13166 12137 13166 12137 13321 12055 13321
7168 6225 7168 6144 7317 6144 7317 6225
11990 13024 12055 13002 12109 13155 12044 13178
3187 12992 3248 12992 3248 13163 3187 13163
8416 1829 8557 1829 8557 1901 8416 1901
5774 5558 5774 5434 5846 5434 5846 5558
5632 2267 5632 2149 5705 2149 5705 2267
6739 3004 6875 3004 6875 3067 6739 3067
8268 13635 8305 13563 8399 13610 8362 13682
8146 9330 8334 9319 8337 9360 8149 9371
16009 12852 16076 12849 16081 12963 16015 12967
10826 11950 10893 11950 10893 12063 10826 12063
8564 9197 8648 9191 8653 9270 8569 9276
9882 1115 9932 1110 9945 1237 9894 1242
8700 1774 8813 1774 8813 1828 8700 1828
2333 13459 2413 13459 2413 13535 2333 13535
14254 13657 14277 13575 14344 13594 14321 13676
7093 2281 7167 2281 7167 2361 7093 2361
15062 6362 15062 6291 15144 6291 15144 6362
10401 7480 10474 7458 10496 7528 10422 7550
13386 13843 13453 13843 13453 13924 13386 13924
9622 13695 9781 13676 9785 13709 9627 13728
2346 13600 2413 13600 2413 13677 2346 13677
7168 8622 7199 8622 7199 8788 7168 8788
7095 10168 7167 10168 7167 10239 7095 10239
4174 13088 4242 13088 4242 13161 4174 13161
9980 10172 10015 10172 10015 10313 9980 10313
2209 13476 2261 13451 2296 13524 2244 13549
4101 10825 4101 10754 4164 10754 4164 10825
2924 11487 2994 11487 2994 11550 2924 11550
10391 736 10459 736 10459 799 10391 799
1395 6112 1531 6112 1531 6143 1395 6143
2758 11476 2761 11431 2853 11437 2850 11482
5305 1859 5319 1775 5363 1783 5349 1866
8165 8069 8191 8069 8191 8214 8165 8214
2213 13610 2262 13610 2262 13686 2213 13686
14852 7835 14899 7825 14915 7898 14868 7908
10240 11635 10240 11590 10319 11590 10319 11635
8555 1711 8627 1707 8630 1755 8558 1759
13325 13731 13347 13696 13414 13739 13392 13775
8563 1774 8630 1774 8630 1823 8563 1823
8468 9212 8505 9204 8523 9284 8486 9292
8138 2714 8187 2714 8187 2774 8138 2774
9382 13206 9422 13192 9444 13256 9404 13269
13258 13750 13258 13701 13311 13701 13311 13750
9532 13589 9577 13589 9577 13645 9532 13645
12951 13535 12951 13448 12978 13448 12978 13535
7634 5132 7667 5128 7674 5192 7641 5196
5319 1924 5368 1887 5388 1914 5339 1951
2844 11529 2869 11488 2905 11509 2881 11550
15908 10306 15953 10303 15956 10348 15911 10350
13335 13779 13385 13779 13385 13819 13335 13819
12395 12888 12427 12886 12431 12945 12398 12947
2337 13017 2339 12991 2410 12996 2408 13022
4245 10528 4267 10527 4272 10604 4250 10605
2570 9582 2633 9582 2633 9607 2570 9607
8092 2669 8149 2646 8158 2669 8101 2692
3324 10135 3364 10135 3364 10167 3324 10167
