582 988 582 352 1065 352 1065 988 0.95804
1074 821 1561 644 1774 1230 1287 1407 0.954937
639 1021 1223 802 1419 1326 836 1545 0.951754
1556 607 1892 476 2134 1092 1797 1223 0.950993
467 1590 467 1004 924 1004 924 1590 0.941631
172 1142 172 492 694 492 694 1142 0.935573
1188 1526 1655 1381 1861 2043 1394 2189 0.927317
1696 1273 2044 1273 2044 2044 1696 2044 0.908123
236 1734 681 1734 681 2044 236 2044 0.904759
927 185 1462 185 1462 816 928 816 0.901773
6 672 259 672 259 1219 6 1219 0.878344
19 1107 630 1107 630 1871 19 1871 0.826299
