533 1122 858 994 1101 1609 775 1737 0.955279
210 1277 536 1154 755 1735 429 1858 0.95324
1022 867 1452 716 1642 1257 1213 1408 0.950399
1579 172 1992 0 2165 413 1752 586 0.945562
1210 1402 1884 1239 2034 1862 1360 2024 0.944822
-171 808 195 631 459 1179 92 1356 0.942849
-159 1433 217 1311 388 1841 10 1962 0.938758
1785 1312 2044 1312 2044 1820 1785 1820 0.93507
672 1772 1148 1772 1148 2044 672 2044 0.931633
1507 739 1878 609 2087 1202 1717 1333 0.922704
-39 533 589 280 874 987 246 1241 0.886177
249 1939 675 1939 675 2044 249 2044 0.858956
1939 556 2044 556 2044 944 1939 944 0.81201
