1348 1212 1828 1119 1893 1457 1413 1550 0.947042
1342 722 1734 646 1821 1097 1430 1173 0.94623
1030 172 1500 172 1500 630 1030 630 0.936312
32 979 844 979 844 1308 32 1308 0.932222
6 1999 6 1337 860 1337 860 1999 0.922342
989 1302 1349 1220 1421 1540 1062 1621 0.921284
313 684 847 684 847 988 313 988 0.912466
6 377 835 377 835 668 6 668 0.911271
1475 121 1903 78 1951 552 1522 595 0.906565
992 6 1859 6 1859 246 992 246 0.895116
1388 2044 1388 1849 2012 1849 2012 2044 0.845227
1888 0 2044 0 2044 233 1888 233 0.817976
