427 429 979 336 1033 659 481 752 0.95827
467 671 1347 671 1347 1270 467 1270 0.948249
529 9 1009 -91 1078 236 598 337 0.944419
6 2012 6 1708 335 1708 335 2012 0.942284
505 1196 988 1196 988 1654 505 1654 0.940683
1257 812 1786 628 1948 1097 1420 1281 0.939205
1734 608 2044 608 2044 1091 1734 1091 0.935838
6 1401 323 1401 323 1679 6 1679 0.930865
1043 220 1043 6 1667 6 1667 220 0.921363
1371 1274 1833 1141 1939 1511 1478 1644 0.915022
876 1696 1295 1696 1295 2044 876 2044 0.907696
947 1158 1354 1101 1422 1582 1015 1639 0.861995
1888 1056 2044 1056 2044 1430 1888 1430 0.820694
