172 502 172 0 1180 0 1180 502 0.934806
365 503 880 239 1137 739 622 1004 0.931244
785 192 1503 -124 1724 376 1006 693 0.928491
902 1312 1641 1312 1641 2044 902 2044 0.927713
1875 1535 1875 1055 2044 1055 2044 1535 0.91167
416 1862 960 1862 960 2044 416 2044 0.894754
1414 2044 1414 1849 1945 1849 1945 2044 0.89309
0 1696 105 1696 105 2044 0 2044 0.862955
1708 675 1708 185 2044 185 2044 675 0.843322
6 428 233 428 233 889 6 889 0.83989
76 1662 643 1528 721 1862 154 1996 0.837294
542 937 973 724 1270 1322 839 1535 0.809959
