697 2044 697 1632 1219 1632 1219 2044 0.956546
543 668 1059 556 1142 941 627 1053 0.953861
1570 722 2044 695 2075 1246 1601 1273 0.942221
1185 946 1560 836 1693 1286 1318 1397 0.938671
214 640 616 544 755 1127 352 1222 0.937129
1417 173 1660 56 1917 591 1674 708 0.927161
6 1696 304 1696 304 2044 6 2044 0.926637
249 2044 249 1734 748 1734 748 2044 0.924033
966 6 1487 6 1487 233 966 233 0.923848
1696 6 2044 6 2044 553 1696 553 0.920823
6 1244 6 748 361 748 361 1244 0.912876
1120 1363 1910 1363 1910 1974 1120 1974 0.909674
