6 1632 399 1632 399 2044 6 2044 0.955245
545 156 1059 44 1142 429 628 541 0.953481
673 1253 1186 1040 1346 1426 833 1639 0.946092
6 1184 323 1184 323 1676 6 1676 0.944696
1571 205 2044 183 2069 738 1597 759 0.939593
1187 433 1561 324 1692 774 1318 883 0.938883
234 1323 779 1135 941 1605 395 1793 0.938605
213 128 616 32 755 614 352 711 0.937698
828 1638 1242 1445 1473 1941 1059 2134 0.927223
6 732 6 236 361 236 361 732 0.911136
1120 851 1910 851 1910 1462 1120 1462 0.891706
1235 1913 1705 1913 1705 2044 1235 2044 0.889929
349 1783 805 1655 901 2002 445 2129 0.870668
1581 11 1837 -101 1917 80 1662 193 0.820211
