1228 1436 1704 1367 1755 1719 1279 1788 0.950047
673 741 1186 528 1346 914 833 1127 0.94534
6 672 323 672 323 1164 6 1164 0.944005
1211 9 1580 -103 1692 260 1323 374 0.937442
235 812 779 623 942 1091 398 1280 0.937218
19 6 643 6 643 220 19 220 0.925331
365 1238 820 1149 905 1582 450 1672 0.913174
-4 1123 391 1116 402 1672 6 1680 0.902964
928 2044 928 1785 1782 1785 1782 2044 0.891868
1120 950 1120 339 1910 339 1910 950 0.882111
827 1131 1233 935 1475 1437 1069 1633 0.834433
6 1696 271 1696 271 2044 6 2044 0.826736
1798 1542 2044 1542 2044 2044 1798 2044 0.818232
1619 6 2044 6 2044 240 1619 240 0.808773
