-61 1701 290 1630 358 1968 7 2039 0.960468
901 1446 1709 1247 1803 1630 995 1829 0.952322
1228 925 1702 855 1754 1205 1280 1275 0.948184
673 228 1185 15 1346 401 834 615 0.946125
6 160 323 160 323 652 6 652 0.943657
1120 0 1910 0 1910 438 1120 438 0.939347
6 1184 284 1184 284 1651 6 1651 0.937516
235 300 779 111 942 579 398 768 0.936072
353 749 806 633 901 1005 447 1121 0.911782
-5 612 390 604 402 1156 6 1165 0.894486
1798 1030 2044 1030 2044 1667 1798 1667 0.850418
864 467 1423 467 1423 950 864 950 0.817756
