388 875 848 717 1028 1244 567 1401 0.952131
33 1691 548 1580 631 1966 117 2077 0.949686
1571 1106 2023 982 2128 1365 1676 1489 0.939798
837 706 1275 514 1515 1064 1076 1255 0.933768
1156 1084 1436 953 1676 1462 1396 1594 0.933627
1747 1555 2044 1555 2044 2025 1747 2025 0.927051
1279 527 1719 317 1878 650 1438 860 0.922793
1081 2044 1081 1683 1833 1683 1833 2044 0.921395
249 6 1014 6 1014 220 249 220 0.9184
878 62 1990 -212 2113 284 1000 558 0.915273
806 1234 1151 1083 1386 1618 1041 1769 0.91493
