383 372 845 203 988 595 526 764 0.954157
34 1179 547 1067 631 1453 118 1565 0.953903
1068 1171 1846 1171 1846 1795 1068 1795 0.950584
1478 1619 2044 1619 2044 2044 1478 2044 0.942385
1571 594 2023 470 2128 853 1676 977 0.941266
836 192 1276 1 1515 552 1075 743 0.939411
676 1453 1051 1348 1179 1803 803 1908 0.934863
1154 571 1434 438 1676 950 1396 1082 0.933784
787 1862 1372 1862 1372 2044 787 2044 0.928058
1747 1043 2044 1043 2044 1513 1747 1513 0.927209
907 679 1151 571 1387 1105 1143 1213 0.917222
1312 6 1871 6 1871 240 1312 240 0.912148
6 2044 6 1747 489 1747 489 2044 0.878999
