185 1632 707 1632 707 2044 185 2044 0.957083
1465 1094 2044 1094 2044 2044 1465 2044 0.956728
34 667 547 555 631 941 118 1053 0.95433
1068 659 1846 659 1846 1283 1068 1283 0.951619
1572 89 2029 -35 2132 340 1676 465 0.946083
676 943 1049 836 1179 1287 805 1395 0.936158
1150 57 1436 -80 1683 432 1396 569 0.927928
1747 531 2044 531 2044 1001 1747 1001 0.927171
454 6 975 6 975 233 454 233 0.924443
940 678 940 83 1398 83 1398 678 0.920889
607 1974 607 1363 1398 1363 1398 1974 0.912949
6 1737 6 1222 527 1222 527 1737 0.893765
6 2044 6 1734 243 1734 243 2044 0.859627
