-110 317 456 142 578 537 11 712 0.953129
1466 913 2036 664 2205 1052 1636 1301 0.951041
-131 1396 333 1225 478 1617 13 1789 0.947723
1486 343 1860 156 2059 554 1685 741 0.944585
671 1504 1116 1504 1116 2044 671 2044 0.942201
324 1218 760 1025 1004 1575 568 1768 0.932854
1174 461 1538 342 1705 852 1341 971 0.932164
1064 1682 1478 1483 1649 1838 1235 2037 0.927164
1836 1654 1836 1183 2044 1183 2044 1654 0.916519
800 6 1420 6 1420 207 800 207 0.913469
770 1038 1206 830 1365 1163 929 1371 0.903635
416 1619 822 1619 822 2044 416 2044 0.903035
