-129 372 336 202 479 594 13 765 0.950848
556 1171 1334 1171 1334 1795 556 1795 0.949409
966 1580 1862 1580 1862 2044 966 2044 0.943818
1235 928 1974 928 1974 1513 1235 1513 0.941309
324 193 764 1 1004 551 565 743 0.938199
162 1456 537 1348 667 1801 292 1909 0.934334
641 573 922 439 1165 947 884 1081 0.930678
1066 660 1482 463 1649 815 1232 1012 0.929916
275 1862 860 1862 860 2044 275 2044 0.926958
1836 160 2044 160 2044 630 1836 630 0.92153
296 722 639 571 875 1105 533 1256 0.916293
800 6 1359 6 1359 243 800 243 0.907548
0 1471 0 1081 105 1081 105 1471 0.890231
1555 6 2044 6 2044 156 1555 156 0.864652
