1302 170 2038 49 2117 529 1381 651 0.957398
454 1580 1350 1580 1350 2044 454 2044 0.94332
44 1171 822 1171 822 1795 44 1795 0.943295
650 949 1300 753 1482 1357 832 1553 0.94199
-162 182 252 1 433 416 18 597 0.928523
553 663 968 463 1137 814 722 1014 0.928027
127 568 408 434 653 947 372 1081 0.927225
6 1862 348 1862 348 2044 6 2044 0.916247
288 6 847 6 847 240 288 240 0.91052
1427 1798 1884 1798 1884 2044 1427 2044 0.893333
-124 688 125 569 379 1101 129 1220 0.892532
1043 6 1743 6 1743 156 1043 156 0.890174
1888 684 2044 684 2044 1136 1888 1136 0.85705
