1619 1478 2044 1478 2044 2038 1619 2038 0.961832
469 508 1226 384 1319 950 562 1074 0.954517
-49 625 596 561 645 1058 0 1122 0.949554
788 1174 1408 1035 1526 1563 907 1702 0.946756
340 1208 831 1133 902 1598 411 1673 0.94633
323 1750 855 1635 944 2043 412 2158 0.935485
1670 886 1670 262 2044 262 2044 886 0.934391
1299 326 1667 326 1667 921 1299 921 0.933871
6 604 6 134 220 134 220 604 0.929074
121 540 121 6 643 6 643 540 0.925275
979 1606 1423 1606 1423 2044 979 2044 0.869537
1499 1034 2022 869 2146 1264 1623 1429 0.83708
