1619 1526 1619 966 2044 966 2044 1526 0.962982
1236 1603 1673 1533 1752 2031 1314 2100 0.960702
-49 113 595 48 645 546 0 610 0.950666
340 696 831 621 901 1087 411 1161 0.946429
793 657 1411 524 1524 1052 906 1184 0.945731
556 6 1238 6 1238 527 556 527 0.94537
915 1632 1305 1632 1305 2044 915 2044 0.942823
1299 6 1667 6 1667 409 1299 409 0.941478
305 1152 841 1035 960 1578 424 1696 0.941056
1696 6 2044 6 2044 399 1696 399 0.92385
939 1168 1487 1058 1576 1501 1028 1610 0.921885
546 1723 853 1630 977 2044 671 2136 0.914113
6 1798 348 1798 348 2044 6 2044 0.855798
1518 519 2019 352 2149 743 1648 910 0.839949
