1 0.984375 0.01953125 0.01953125 0.01953125
1 0.9404296875 0.0185546875 0.021484375 0.021484375
1 0.8818359375 0.0146484375 0.044921875 0.029296875
1 0.794921875 0.0166015625 0.0390625 0.029296875
1 0.828125 0.015625 0.02734375 0.02734375
1 0.9794921875 0.203125 0.041015625 0.04296875
1 0.4921875 0.0537109375 0.08203125 0.056640625
1 0.466796875 0.2080078125 0.09765625 0.072265625
1 0.77734375 0.2265625 0.06640625 0.05078125
1 0.8408203125 0.248046875 0.064453125 0.05859375
1 0.9775390625 0.4716796875 0.044921875 0.068359375
1 0.9755859375 0.3271484375 0.044921875 0.041015625