1 0.6181640625 0.8486328125 0.068359375 0.025390625
1 0.5947265625 0.505859375 0.056640625 0.05078125
1 0.62109375 0.4697265625 0.04296875 0.041015625
1 0.6611328125 0.50390625 0.033203125 0.03515625
1 0.7041015625 0.4912109375 0.044921875 0.048828125
1 0.6943359375 0.55859375 0.033203125 0.0234375
1 0.755859375 0.544921875 0.046875 0.0390625
1 0.734375 0.6845703125 0.04296875 0.029296875
1 0.78515625 0.6943359375 0.04296875 0.041015625
1 0.818359375 0.7275390625 0.046875 0.044921875
1 0.85546875 0.693359375 0.05078125 0.046875
1 0.875 0.728515625 0.05859375 0.05078125
1 0.8349609375 0.771484375 0.056640625 0.05859375
1 0.90625 0.7822265625 0.078125 0.072265625
1 0.6748046875 0.8017578125 0.037109375 0.041015625
1 0.6142578125 0.787109375 0.041015625 0.03125
1 0.63671875 0.7431640625 0.07421875 0.037109375
1 0.583984375 0.677734375 0.06640625 0.0625
1 0.5498046875 0.6015625 0.080078125 0.078125