1 0.048828125 0.0458984375 0.02734375 0.025390625
1 0.091796875 0.0498046875 0.0234375 0.021484375
1 0.1298828125 0.0458984375 0.021484375 0.017578125
1 0.177734375 0.03515625 0.0234375 0.01953125
1 0.2001953125 0.0107421875 0.021484375 0.017578125
1 0.1103515625 0.236328125 0.025390625 0.0234375
1 0.1455078125 0.2490234375 0.021484375 0.021484375
1 0.044921875 0.2529296875 0.02734375 0.025390625
1 0.9501953125 0.1484375 0.021484375 0.02734375
1 0.9609375 0.0087890625 0.01953125 0.017578125
1 0.9599609375 0.04296875 0.025390625 0.0234375
1 0.9638671875 0.0830078125 0.025390625 0.025390625
1 0.978515625 0.4033203125 0.03125 0.033203125
1 0.9853515625 0.240234375 0.029296875 0.03125
1 0.9794921875 0.30859375 0.029296875 0.0390625
1 0.4912109375 0.6015625 0.103515625 0.06640625
1 0.01953125 0.466796875 0.0390625 0.11328125