1 0.515625 0.1416015625 0.04296875 0.037109375
1 0.326171875 0.173828125 0.046875 0.04296875
1 0.181640625 0.166015625 0.04296875 0.0390625
1 0.0458984375 0.205078125 0.021484375 0.0234375
1 0.1708984375 0.740234375 0.021484375 0.01953125
1 0.037109375 0.3935546875 0.0390625 0.029296875
1 0.0966796875 0.3818359375 0.044921875 0.033203125
1 0.501953125 0.396484375 0.03515625 0.03125
1 0.5 0.4736328125 0.02734375 0.025390625
1 0.5302734375 0.546875 0.033203125 0.02734375
1 0.51171875 0.5869140625 0.0234375 0.025390625
1 0.5166015625 0.6279296875 0.025390625 0.025390625
1 0.5234375 0.673828125 0.02734375 0.02734375
1 0.5224609375 0.71875 0.029296875 0.03125
1 0.0478515625 0.833984375 0.033203125 0.03515625
1 0.0498046875 0.884765625 0.029296875 0.02734375
1 0.14453125 0.8203125 0.0234375 0.0234375
1 0.01953125 0.591796875 0.03125 0.03125
1 0.3232421875 0.8759765625 0.033203125 0.033203125
1 0.306640625 0.8076171875 0.0234375 0.025390625
1 0.3583984375 0.77734375 0.037109375 0.03125
1 0.4609375 0.7880859375 0.03515625 0.037109375
1 0.4609375 0.845703125 0.03125 0.02734375
1 0.390625 0.4365234375 0.03515625 0.041015625
1 0.1875 0.4013671875 0.03125 0.029296875
1 0.2392578125 0.423828125 0.037109375 0.03125
1 0.2978515625 0.4541015625 0.037109375 0.033203125
1 0.955078125 0.494140625 0.08203125 0.078125
1 0.9619140625 0.802734375 0.076171875 0.09375
1 0.9755859375 0.9150390625 0.048828125 0.103515625
1 0.9658203125 0.685546875 0.068359375 0.078125