1 0.57421875 0.203125 0.03515625 0.03125
1 0.46875 0.25 0.0546875 0.05078125
1 0.2314453125 0.3212890625 0.048828125 0.044921875
1 0.1455078125 0.2080078125 0.064453125 0.060546875
1 0.2177734375 0.0791015625 0.060546875 0.052734375
1 0.5205078125 0.25 0.025390625 0.02734375
1 0.541015625 0.3251953125 0.0390625 0.037109375
1 0.5791015625 0.263671875 0.037109375 0.03125
1 0.4658203125 0.404296875 0.041015625 0.0390625
1 0.5380859375 0.484375 0.064453125 0.0625
1 0.4638671875 0.052734375 0.048828125 0.046875
1 0.0693359375 0.3251953125 0.056640625 0.048828125
1 0.06640625 0.1982421875 0.05859375 0.060546875
1 0.0478515625 0.068359375 0.072265625 0.0625
1 0.0546875 0.9541015625 0.10546875 0.091796875
1 0.634765625 0.1259765625 0.125 0.107421875
1 0.0478515625 0.7890625 0.056640625 0.0625
1 0.0625 0.6103515625 0.125 0.099609375
1 0.05859375 0.439453125 0.07421875 0.09765625
1 0.1787109375 0.447265625 0.044921875 0.05859375