1 0.3125 0.513671875 0.05859375 0.0390625
1 0.4130859375 0.505859375 0.029296875 0.03515625
1 0.4384765625 0.4833984375 0.037109375 0.044921875
1 0.521484375 0.4990234375 0.01953125 0.025390625
1 0.5556640625 0.4921875 0.017578125 0.03125
1 0.294921875 0.337890625 0.03515625 0.046875
1 0.2666015625 0.3623046875 0.029296875 0.037109375
1 0.43359375 0.1748046875 0.0546875 0.048828125
1 0.3681640625 0.185546875 0.033203125 0.0390625
1 0.38671875 0.2412109375 0.046875 0.037109375
1 0.4482421875 0.2255859375 0.048828125 0.037109375
1 0.50390625 0.21484375 0.04296875 0.0390625
1 0.513671875 0.1748046875 0.04296875 0.021484375
1 0.70703125 0.4697265625 0.03125 0.041015625
1 0.1591796875 0.541015625 0.029296875 0.04296875
1 0.341796875 0.2080078125 0.03125 0.037109375
1 0.1474609375 0.4716796875 0.029296875 0.041015625
1 0.1083984375 0.427734375 0.021484375 0.03125
1 0.109375 0.3876953125 0.03515625 0.025390625
1 0.109375 0.34375 0.046875 0.046875
1 0.087890625 0.2783203125 0.0390625 0.048828125
1 0.0771484375 0.212890625 0.052734375 0.02734375
1 0.1240234375 0.2705078125 0.005859375 0.009765625
1 0.0791015625 0.171875 0.037109375 0.046875