1 0.27734375 0.0185546875 0.078125 0.037109375
1 0.3837890625 0.05859375 0.056640625 0.046875
1 0.4453125 0.0576171875 0.04296875 0.044921875
1 0.3251953125 0.126953125 0.076171875 0.0859375
1 0.337890625 0.2265625 0.0546875 0.0859375
1 0.5400390625 0.21484375 0.068359375 0.12890625
1 0.4375 0.291015625 0.12890625 0.21875
1 0.630859375 0.205078125 0.0859375 0.15234375
1 0.7265625 0.20703125 0.078125 0.09375
1 0.71875 0.1279296875 0.0859375 0.052734375
1 0.7275390625 0.0625 0.037109375 0.04296875
1 0.828125 0.103515625 0.1171875 0.19921875