1 0.2646484375 0.5390625 0.037109375 0.04296875
1 0.1845703125 0.55859375 0.056640625 0.0390625
1 0.353515625 0.7607421875 0.046875 0.037109375
1 0.2216796875 0.8056640625 0.048828125 0.037109375
1 0.3310546875 0.6259765625 0.037109375 0.041015625
1 0.1826171875 0.662109375 0.068359375 0.05859375
1 0.2041015625 0.41015625 0.052734375 0.05859375
1 0.109375 0.853515625 0.1328125 0.1328125
1 0.23828125 0.857421875 0.0859375 0.06640625
1 0.0478515625 0.693359375 0.060546875 0.09765625
1 0.2861328125 0.6376953125 0.052734375 0.044921875
1 0.6435546875 0.7548828125 0.138671875 0.064453125
1 0.9365234375 0.556640625 0.126953125 0.1484375
1 0.7626953125 0.712890625 0.068359375 0.046875
1 0.3076171875 0.5263671875 0.025390625 0.025390625
1 0.37109375 0.5234375 0.04296875 0.05859375
1 0.916015625 0.234375 0.07421875 0.06640625
1 0.40625 0.810546875 0.09765625 0.0703125
1 0.08203125 0.486328125 0.05078125 0.04296875
1 0.8505859375 0.677734375 0.095703125 0.0625
1 0.0986328125 0.2529296875 0.154296875 0.099609375
1 0.03125 0.3466796875 0.0546875 0.072265625