1 0.1552734375 0.765625 0.076171875 0.06640625
1 0.23046875 0.7158203125 0.05078125 0.087890625
1 0.1748046875 0.6796875 0.052734375 0.046875
1 0.28125 0.708984375 0.046875 0.046875
1 0.3115234375 0.6669921875 0.048828125 0.033203125
1 0.3076171875 0.62890625 0.052734375 0.03515625
1 0.2490234375 0.5966796875 0.056640625 0.099609375
1 0.1865234375 0.5966796875 0.060546875 0.107421875
1 0.1171875 0.59765625 0.06640625 0.10546875
1 0.0595703125 0.595703125 0.044921875 0.109375
1 0.080078125 0.51171875 0.0859375 0.0546875
1 0.1669921875 0.4638671875 0.072265625 0.064453125
1 0.2353515625 0.4619140625 0.052734375 0.064453125
1 0.318359375 0.4365234375 0.0859375 0.060546875
1 0.4052734375 0.4462890625 0.072265625 0.095703125
1 0.4833984375 0.408203125 0.076171875 0.08203125
1 0.498046875 0.474609375 0.10546875 0.04296875
1 0.552734375 0.41015625 0.0546875 0.08203125
1 0.6220703125 0.548828125 0.068359375 0.046875
1 0.623046875 0.5966796875 0.0859375 0.041015625
1 0.6181640625 0.642578125 0.048828125 0.04296875
1 0.6630859375 0.7216796875 0.123046875 0.099609375
1 0.6787109375 0.810546875 0.076171875 0.0625
1 0.7197265625 0.876953125 0.115234375 0.0546875
1 0.73046875 0.921875 0.08984375 0.03125
1 0.76171875 0.9697265625 0.109375 0.056640625
1 0.4208984375 0.650390625 0.107421875 0.078125
1 0.3388671875 0.572265625 0.076171875 0.0703125