1 0.421875 0.6416015625 0.02734375 0.029296875
1 0.3349609375 0.6513671875 0.048828125 0.029296875
1 0.2880859375 0.5595703125 0.033203125 0.017578125
1 0.4580078125 0.6474609375 0.029296875 0.033203125
1 0.7119140625 0.638671875 0.037109375 0.0390625
1 0.640625 0.755859375 0.03515625 0.02734375
1 0.8740234375 0.875 0.060546875 0.05078125
2 0.7978515625 0.935546875 0.087890625 0.078125
1 0.849609375 0.6572265625 0.0703125 0.056640625
1 0.6162109375 0.7939453125 0.041015625 0.041015625
1 0.6962890625 0.8603515625 0.048828125 0.044921875
1 0.59375 0.810546875 0.0390625 0.04296875
1 0.6103515625 0.7216796875 0.048828125 0.048828125
1 0.654296875 0.67578125 0.06640625 0.05859375
2 0.0361328125 0.27734375 0.068359375 0.0703125