1 0.841796875 0.9052734375 0.046875 0.044921875
1 0.7685546875 0.9150390625 0.033203125 0.025390625
1 0.73828125 0.9267578125 0.02734375 0.029296875
1 0.7138671875 0.9248046875 0.021484375 0.021484375
1 0.69140625 0.9306640625 0.01953125 0.021484375
1 0.6689453125 0.935546875 0.021484375 0.0234375
1 0.4013671875 0.9716796875 0.029296875 0.029296875
1 0.3759765625 0.9755859375 0.017578125 0.021484375
1 0.3544921875 0.9794921875 0.025390625 0.025390625
1 0.326171875 0.9814453125 0.03125 0.029296875
1 0.2802734375 0.9873046875 0.033203125 0.025390625