1 0.5556640625 0.041015625 0.033203125 0.03515625
1 0.5732421875 0.076171875 0.041015625 0.03125
1 0.59375 0.126953125 0.0546875 0.0703125
1 0.6416015625 0.107421875 0.033203125 0.0859375
1 0.6923828125 0.083984375 0.060546875 0.1015625
1 0.7490234375 0.0673828125 0.048828125 0.056640625
1 0.73828125 0.015625 0.0546875 0.03125
1 0.8603515625 0.03515625 0.150390625 0.0703125
1 0.921875 0.8759765625 0.0859375 0.119140625
1 0.8310546875 0.904296875 0.087890625 0.1171875
1 0.5029296875 0.9287109375 0.271484375 0.142578125
1 0.8671875 0.3115234375 0.09765625 0.119140625
1 0.9287109375 0.4609375 0.044921875 0.05078125