3 0.7060546875 0.9052734375 0.158203125 0.080078125
1 0.287109375 0.294921875 0.03125 0.04296875
1 0.322265625 0.296875 0.02734375 0.03515625
1 0.5927734375 0.1826171875 0.025390625 0.025390625
1 0.5869140625 0.208984375 0.037109375 0.0234375
1 0.5205078125 0.9306640625 0.060546875 0.056640625
1 0.7265625 0.66796875 0.03515625 0.0546875
1 0.8701171875 0.4384765625 0.033203125 0.029296875
1 0.5673828125 0.6943359375 0.154296875 0.259765625
1 0.4150390625 0.6826171875 0.037109375 0.037109375
1 0.4609375 0.8525390625 0.05078125 0.044921875
1 0.349609375 0.416015625 0.0234375 0.04296875
1 0.3759765625 0.3740234375 0.037109375 0.041015625
1 0.3603515625 0.326171875 0.044921875 0.03515625
1 0.52734375 0.2392578125 0.07421875 0.076171875
1 0.7890625 0.2470703125 0.05078125 0.080078125
1 0.76953125 0.166015625 0.0625 0.04296875
1 0.69140625 0.5322265625 0.05859375 0.060546875
1 0.7548828125 0.5146484375 0.029296875 0.025390625
1 0.9599609375 0.5283203125 0.025390625 0.025390625
1 0.9580078125 0.490234375 0.029296875 0.02734375
1 0.9462890625 0.4443359375 0.037109375 0.037109375
1 0.919921875 0.3876953125 0.046875 0.044921875
1 0.8359375 0.3359375 0.046875 0.06640625
1 0.2099609375 0.283203125 0.048828125 0.0546875
1 0.14453125 0.14453125 0.08203125 0.14453125
1 0.240234375 0.1064453125 0.07421875 0.107421875
1 0.3134765625 0.07421875 0.064453125 0.0546875
1 0.380859375 0.0732421875 0.0546875 0.056640625
1 0.431640625 0.0556640625 0.02734375 0.041015625
1 0.4658203125 0.0546875 0.033203125 0.03515625
1 0.5322265625 0.041015625 0.064453125 0.03515625
1 0.521484375 0.0908203125 0.03515625 0.033203125
1 0.5 0.1279296875 0.03515625 0.033203125
1 0.501953125 0.1728515625 0.03515625 0.037109375
1 0.7783203125 0.0810546875 0.048828125 0.041015625
1 0.7734375 0.0341796875 0.05078125 0.037109375
1 0.6494140625 0.38671875 0.251953125 0.20703125
1 0.0380859375 0.6708984375 0.033203125 0.025390625
1 0.037109375 0.69921875 0.02734375 0.015625
1 0.0361328125 0.775390625 0.044921875 0.06640625
1 0.0146484375 0.5361328125 0.029296875 0.064453125
1 0.68359375 0.015625 0.0546875 0.0234375