3 0.826171875 0.9130859375 0.3046875 0.173828125
1 0.7255859375 0.30859375 0.068359375 0.05078125
1 0.7958984375 0.255859375 0.056640625 0.05078125
1 0.8466796875 0.19921875 0.044921875 0.04296875
1 0.904296875 0.263671875 0.0546875 0.05859375
1 0.6826171875 0.080078125 0.033203125 0.0390625
1 0.689453125 0.0322265625 0.0390625 0.044921875
1 0.93359375 0.1416015625 0.0390625 0.037109375
1 0.853515625 0.326171875 0.07421875 0.03125
1 0.6865234375 0.2001953125 0.068359375 0.060546875
1 0.6826171875 0.1240234375 0.029296875 0.037109375
1 0.95703125 0.0615234375 0.01953125 0.029296875
1 0.9609375 0.10546875 0.03515625 0.03125