1 0.142578125 0.9697265625 0.140625 0.060546875
1 0.1806640625 0.9248046875 0.099609375 0.025390625
1 0.1982421875 0.8681640625 0.083984375 0.060546875
1 0.21875 0.7890625 0.09765625 0.0859375
1 0.474609375 0.3359375 0.03515625 0.0390625
1 0.5068359375 0.35546875 0.025390625 0.046875
1 0.544921875 0.41015625 0.046875 0.05078125
1 0.572265625 0.4560546875 0.0390625 0.037109375
1 0.4423828125 0.30859375 0.025390625 0.0390625
1 0.6015625 0.3681640625 0.02734375 0.029296875
1 0.6279296875 0.369140625 0.021484375 0.02734375
1 0.6513671875 0.357421875 0.025390625 0.02734375
1 0.681640625 0.3271484375 0.05078125 0.029296875
1 0.775390625 0.2744140625 0.0546875 0.068359375
1 0.7275390625 0.30859375 0.037109375 0.04296875
1 0.4072265625 0.0849609375 0.037109375 0.037109375
1 0.4326171875 0.12109375 0.041015625 0.03515625
1 0.443359375 0.1552734375 0.03515625 0.029296875
1 0.5693359375 0.1708984375 0.076171875 0.099609375
1 0.65625 0.1162109375 0.09375 0.107421875
1 0.8603515625 0.2099609375 0.068359375 0.083984375
1 0.9326171875 0.166015625 0.041015625 0.05859375
1 0.7841796875 0.037109375 0.048828125 0.07421875
1 0.8310546875 0.025390625 0.041015625 0.05078125
1 0.947265625 0.673828125 0.05078125 0.0390625
1 0.896484375 0.630859375 0.03515625 0.02734375
1 0.876953125 0.6005859375 0.0390625 0.033203125
1 0.8486328125 0.5595703125 0.033203125 0.033203125
1 0.8623046875 0.5263671875 0.037109375 0.029296875
1 0.9521484375 0.4443359375 0.037109375 0.048828125
1 0.986328125 0.4228515625 0.0234375 0.041015625