1 0.3076171875 0.708984375 0.044921875 0.0625
1 0.3115234375 0.771484375 0.056640625 0.0546875
1 0.140625 0.734375 0.0703125 0.06640625
1 0.0458984375 0.744140625 0.083984375 0.05859375
1 0.359375 0.8359375 0.05859375 0.06640625
1 0.2958984375 0.912109375 0.087890625 0.078125
1 0.3935546875 0.9541015625 0.103515625 0.091796875
1 0.4189453125 0.8447265625 0.056640625 0.083984375
1 0.25 0.986328125 0.05078125 0.02734375
1 0.04296875 0.9345703125 0.05078125 0.041015625
1 0.0439453125 0.978515625 0.052734375 0.04296875