1 0.080078125 0.3232421875 0.04296875 0.044921875
1 0.4716796875 0.314453125 0.033203125 0.03515625
1 0.470703125 0.375 0.03125 0.03125
1 0.5771484375 0.3515625 0.033203125 0.03515625
1 0.6806640625 0.3427734375 0.033203125 0.033203125
1 0.60546875 0.357421875 0.0234375 0.0234375
1 0.6533203125 0.3505859375 0.025390625 0.029296875
1 0.62890625 0.3544921875 0.0234375 0.025390625
1 0.0810546875 0.5439453125 0.072265625 0.076171875
1 0.162109375 0.5458984375 0.0859375 0.080078125
1 0.201171875 0.1962890625 0.04296875 0.041015625
1 0.19921875 0.162109375 0.03515625 0.03125
1 0.0654296875 0.1591796875 0.064453125 0.064453125
1 0.224609375 0.4609375 0.0546875 0.05859375
1 0.154296875 0.4267578125 0.0390625 0.041015625
1 0.416015625 0.1923828125 0.03125 0.029296875
1 0.4130859375 0.1552734375 0.025390625 0.025390625
3 0.69921875 0.3046875 0.0390625 0.0390625
1 0.08203125 0.0908203125 0.08984375 0.068359375
1 0.20703125 0.3994140625 0.05859375 0.056640625
1 0.1865234375 0.3095703125 0.103515625 0.095703125
1 0.2412109375 0.5380859375 0.064453125 0.068359375
1 0.166015625 0.146484375 0.03125 0.03515625
1 0.0244140625 0.3994140625 0.044921875 0.044921875
1 0.6484375 0.291015625 0.04296875 0.02734375