1 0.5029296875 0.2802734375 0.025390625 0.021484375
1 0.5 0.2529296875 0.02734375 0.017578125
1 0.5205078125 0.341796875 0.044921875 0.03515625
1 0.505859375 0.306640625 0.05078125 0.03515625
1 0.5263671875 0.376953125 0.033203125 0.01953125
1 0.5341796875 0.4091796875 0.041015625 0.025390625
1 0.5693359375 0.4208984375 0.033203125 0.033203125
1 0.5830078125 0.453125 0.041015625 0.02734375
1 0.5849609375 0.4912109375 0.037109375 0.021484375
1 0.58984375 0.5419921875 0.0390625 0.029296875
1 0.5888671875 0.576171875 0.029296875 0.0234375
1 0.65625 0.748046875 0.03125 0.03515625
1 0.6669921875 0.791015625 0.037109375 0.03125
1 0.666015625 0.8330078125 0.03515625 0.033203125
1 0.6962890625 0.869140625 0.048828125 0.0546875
1 0.7216796875 0.943359375 0.060546875 0.0546875
1 0.546875 0.171875 0.0234375 0.0234375
1 0.578125 0.1669921875 0.03125 0.021484375
1 0.6171875 0.1611328125 0.0390625 0.029296875
1 0.6630859375 0.1533203125 0.033203125 0.029296875
1 0.701171875 0.1484375 0.02734375 0.02734375
1 0.7412109375 0.138671875 0.037109375 0.0234375
1 0.80078125 0.1337890625 0.06640625 0.041015625
1 0.859375 0.123046875 0.05078125 0.03125
1 0.8447265625 0.970703125 0.115234375 0.05859375
1 0.7607421875 0.98828125 0.037109375 0.0234375
1 0.9326171875 0.9765625 0.041015625 0.03515625