1 0.3330078125 0.8681640625 0.107421875 0.111328125
1 0.3662109375 0.96875 0.107421875 0.05859375
1 0.2607421875 0.359375 0.119140625 0.11328125
1 0.3310546875 0.5595703125 0.236328125 0.197265625
1 0.3525390625 0.73046875 0.126953125 0.12109375
1 0.498046875 0.9150390625 0.1484375 0.162109375
1 0.5498046875 0.0478515625 0.279296875 0.091796875
1 0.2626953125 0.2001953125 0.208984375 0.115234375
1 0.7119140625 0.1552734375 0.333984375 0.064453125
1 0.9404296875 0.09765625 0.119140625 0.1953125
1 0.2109375 0.06640625 0.12890625 0.12890625
1 0.451171875 0.1640625 0.16796875 0.0859375
1 0.708984375 0.4248046875 0.09765625 0.134765625
1 0.8095703125 0.0302734375 0.115234375 0.052734375
1 0.6650390625 0.701171875 0.041015625 0.09765625