1 0.5576171875 0.259765625 0.033203125 0.03125
1 0.591796875 0.2255859375 0.0390625 0.033203125
1 0.6396484375 0.216796875 0.044921875 0.046875
1 0.6923828125 0.205078125 0.044921875 0.03515625
1 0.7275390625 0.169921875 0.044921875 0.02734375
1 0.5810546875 0.6376953125 0.056640625 0.041015625
1 0.5927734375 0.681640625 0.095703125 0.04296875
1 0.5947265625 0.7216796875 0.095703125 0.033203125
1 0.6201171875 0.7578125 0.087890625 0.03515625
1 0.6396484375 0.83203125 0.072265625 0.03125
1 0.6435546875 0.9111328125 0.048828125 0.052734375
1 0.65234375 0.8662109375 0.11328125 0.033203125
1 0.7021484375 0.9443359375 0.048828125 0.041015625
1 0.7001953125 0.984375 0.041015625 0.03125
1 0.7421875 0.9833984375 0.0390625 0.033203125