1 0.9873046875 0.3046875 0.025390625 0.0390625
1 0.9765625 0.107421875 0.0390625 0.03515625
1 0.97265625 0.05078125 0.046875 0.0546875
1 0.4345703125 0.1767578125 0.037109375 0.029296875
1 0.2666015625 0.04296875 0.076171875 0.07421875
1 0.33984375 0.0390625 0.05859375 0.0546875
1 0.4130859375 0.0244140625 0.087890625 0.044921875
1 0.4736328125 0.01953125 0.044921875 0.03515625
1 0.5625 0.0234375 0.0546875 0.04296875
1 0.7431640625 0.1298828125 0.037109375 0.037109375
1 0.796875 0.1767578125 0.0390625 0.041015625
1 0.8525390625 0.1962890625 0.037109375 0.037109375
1 0.8681640625 0.267578125 0.037109375 0.04296875
1 0.888671875 0.3583984375 0.03515625 0.041015625
1 0.8955078125 0.4296875 0.041015625 0.04296875
1 0.0224609375 0.2353515625 0.044921875 0.052734375
1 0.0234375 0.2822265625 0.046875 0.041015625
1 0.01953125 0.32421875 0.0390625 0.04296875