1 0.1865234375 0.5966796875 0.025390625 0.021484375
1 0.1689453125 0.5615234375 0.025390625 0.021484375
1 0.1640625 0.53125 0.0234375 0.01953125
1 0.1484375 0.5029296875 0.0234375 0.021484375
1 0.138671875 0.4736328125 0.0234375 0.021484375
1 0.1328125 0.443359375 0.03125 0.0234375
1 0.16015625 0.78125 0.07421875 0.0703125
1 0.2099609375 0.8798828125 0.025390625 0.025390625
1 0.216796875 0.908203125 0.03125 0.0234375
1 0.2275390625 0.9345703125 0.025390625 0.025390625
1 0.23828125 0.9697265625 0.02734375 0.029296875
1 0.146484375 0.6064453125 0.02734375 0.033203125
1 0.1533203125 0.642578125 0.033203125 0.03125
1 0.0634765625 0.6328125 0.041015625 0.046875
1 0.126953125 0.5419921875 0.0234375 0.021484375
1 0.119140625 0.515625 0.0234375 0.01953125
1 0.103515625 0.4892578125 0.02734375 0.029296875
1 0.0888671875 0.55859375 0.025390625 0.0234375
1 0.087890625 0.53125 0.0234375 0.01953125
1 0.0888671875 0.3935546875 0.076171875 0.044921875
1 0.0927734375 0.4501953125 0.025390625 0.021484375
1 0.0390625 0.447265625 0.05859375 0.03515625
1 0.02734375 0.1572265625 0.0546875 0.060546875
1 0.25 0.2041015625 0.04296875 0.064453125
1 0.1513671875 0.0986328125 0.072265625 0.068359375
1 0.251953125 0.1279296875 0.046875 0.048828125
1 0.0908203125 0.1650390625 0.037109375 0.064453125
1 0.115234375 0.2451171875 0.0859375 0.080078125