1 0.4013671875 0.15234375 0.033203125 0.03125
1 0.4365234375 0.1474609375 0.033203125 0.037109375
1 0.47265625 0.14453125 0.03515625 0.03125
1 0.501953125 0.140625 0.02734375 0.03125
1 0.927734375 0.154296875 0.03125 0.1171875
1 0.9775390625 0.1845703125 0.044921875 0.033203125
1 0.134765625 0.056640625 0.1484375 0.11328125
1 0.8876953125 0.859375 0.048828125 0.046875
1 0.9326171875 0.87890625 0.025390625 0.02734375
1 0.9404296875 0.91015625 0.029296875 0.03515625
1 0.744140625 0.7119140625 0.07421875 0.041015625
1 0.7314453125 0.775390625 0.048828125 0.03125
1 0.7822265625 0.82421875 0.052734375 0.046875
1 0.8291015625 0.7470703125 0.076171875 0.087890625
1 0.8896484375 0.728515625 0.033203125 0.03125
1 0.7646484375 0.931640625 0.087890625 0.08203125