1 0.5947265625 0.4189453125 0.025390625 0.021484375
1 0.3154296875 0.1689453125 0.029296875 0.021484375
1 0.2724609375 0.14453125 0.025390625 0.0234375
1 0.2451171875 0.1787109375 0.029296875 0.025390625
1 0.3681640625 0.1650390625 0.029296875 0.029296875
1 0.40625 0.1630859375 0.0234375 0.025390625
1 0.0615234375 0.759765625 0.025390625 0.01953125
1 0.0478515625 0.794921875 0.025390625 0.01953125
1 0.3544921875 0.0830078125 0.017578125 0.013671875
1 0.3193359375 0.0986328125 0.021484375 0.017578125
1 0.228515625 0.11328125 0.02734375 0.02734375
1 0.41015625 0.1083984375 0.0625 0.056640625
1 0.5 0.087890625 0.1484375 0.13671875
1 0.591796875 0.392578125 0.03125 0.01953125
1 0.041015625 0.6103515625 0.08203125 0.259765625
1 0.16015625 0.5615234375 0.14453125 0.169921875