1 0.3408203125 0.9091796875 0.033203125 0.033203125
1 0.30859375 0.7841796875 0.0390625 0.033203125
1 0.3310546875 0.87109375 0.033203125 0.03125
1 0.2861328125 0.6015625 0.048828125 0.05078125
1 0.2548828125 0.4970703125 0.037109375 0.033203125
1 0.267578125 0.5625 0.0234375 0.0234375
1 0.2744140625 0.431640625 0.087890625 0.078125
1 0.2412109375 0.345703125 0.033203125 0.03515625
1 0.2392578125 0.1513671875 0.041015625 0.037109375
1 0.3486328125 0.333984375 0.099609375 0.11328125
1 0.3740234375 0.4169921875 0.048828125 0.048828125
1 0.375 0.50390625 0.0703125 0.109375
1 0.2509765625 0.30078125 0.033203125 0.03125
1 0.2490234375 0.2275390625 0.048828125 0.111328125
1 0.294921875 0.7041015625 0.0546875 0.123046875
1 0.3330078125 0.826171875 0.021484375 0.03125