1 0.2890625 0.2509765625 0.06640625 0.080078125
1 0.35546875 0.251953125 0.05859375 0.0859375
1 0.4228515625 0.2548828125 0.064453125 0.091796875
1 0.453125 0.1513671875 0.09765625 0.103515625
1 0.4169921875 0.0751953125 0.099609375 0.060546875
1 0.3408203125 0.1064453125 0.044921875 0.064453125
1 0.23828125 0.0751953125 0.0703125 0.083984375
1 0.2958984375 0.1396484375 0.037109375 0.068359375
1 0.107421875 0.0703125 0.0390625 0.02734375
1 0.083984375 0.044921875 0.03515625 0.01953125
1 0.0693359375 0.0205078125 0.037109375 0.025390625
1 0.673828125 0.42578125 0.04296875 0.06640625
1 0.728515625 0.4189453125 0.0625 0.052734375
1 0.6396484375 0.53515625 0.044921875 0.05078125
1 0.677734375 0.4892578125 0.0703125 0.033203125
1 0.7265625 0.544921875 0.12109375 0.06640625
1 0.939453125 0.525390625 0.0390625 0.046875
1 0.9384765625 0.427734375 0.056640625 0.0625
2 0.30078125 0.02734375 0.04296875 0.046875