1 0.81640625 0.431640625 0.11328125 0.11328125
1 0.931640625 0.4609375 0.1328125 0.140625
1 0.3779296875 0.7958984375 0.029296875 0.033203125
1 0.373046875 0.822265625 0.02734375 0.0234375
1 0.326171875 0.6982421875 0.0234375 0.025390625
1 0.37109375 0.7275390625 0.03125 0.029296875
1 0.3212890625 0.720703125 0.025390625 0.0234375
1 0.234375 0.8515625 0.03125 0.03125
1 0.3525390625 0.9306640625 0.025390625 0.025390625
1 0.2978515625 0.564453125 0.025390625 0.0234375
1 0.353515625 0.419921875 0.02734375 0.02734375
1 0.287109375 0.2978515625 0.03125 0.029296875
1 0.34375 0.4892578125 0.05078125 0.052734375
1 0.8837890625 0.8916015625 0.068359375 0.080078125
1 0.87109375 0.5673828125 0.0703125 0.095703125
1 0.62890625 0.765625 0.08984375 0.08203125
1 0.552734375 0.4150390625 0.08203125 0.076171875
1 0.841796875 0.205078125 0.11328125 0.1171875
1 0.7060546875 0.1328125 0.154296875 0.1484375
1 0.478515625 0.25 0.07421875 0.078125