1 0.2822265625 0.6376953125 0.052734375 0.048828125
1 0.345703125 0.669921875 0.03125 0.03125
1 0.2998046875 0.69140625 0.044921875 0.0390625
1 0.265625 0.6962890625 0.03125 0.033203125
1 0.306640625 0.7509765625 0.05859375 0.025390625
1 0.4287109375 0.7177734375 0.044921875 0.029296875
1 0.3681640625 0.72265625 0.044921875 0.04296875
1 0.3916015625 0.6591796875 0.041015625 0.041015625
1 0.37890625 0.806640625 0.03125 0.01953125
1 0.4208984375 0.8271484375 0.029296875 0.025390625
1 0.4375 0.8623046875 0.03125 0.025390625
1 0.4638671875 0.90625 0.029296875 0.0234375
1 0.4140625 0.8916015625 0.0390625 0.033203125
1 0.49609375 0.9345703125 0.046875 0.033203125
1 0.4794921875 0.7626953125 0.060546875 0.041015625
1 0.4794921875 0.6884765625 0.044921875 0.044921875
1 0.5087890625 0.982421875 0.056640625 0.02734375
1 0.4580078125 0.642578125 0.041015625 0.03125
1 0.337890625 0.5009765625 0.140625 0.033203125
1 0.34375 0.453125 0.0390625 0.03515625
1 0.38671875 0.568359375 0.1328125 0.078125