1 0.0263671875 0.9873046875 0.033203125 0.025390625
1 0.08984375 0.990234375 0.03515625 0.01953125
1 0.0595703125 0.9072265625 0.029296875 0.025390625
1 0.05859375 0.8818359375 0.03125 0.021484375
1 0.068359375 0.8583984375 0.03515625 0.021484375
1 0.060546875 0.8310546875 0.03515625 0.029296875
1 0.203125 0.978515625 0.03515625 0.03125
1 0.072265625 0.9326171875 0.02734375 0.017578125
1 0.060546875 0.671875 0.0703125 0.0390625
1 0.087890625 0.564453125 0.03125 0.03125
1 0.0478515625 0.5830078125 0.033203125 0.033203125
1 0.0146484375 0.599609375 0.029296875 0.0390625
1 0.12109375 0.5771484375 0.01953125 0.041015625
1 0.203125 0.5693359375 0.0390625 0.037109375
1 0.2099609375 0.6064453125 0.029296875 0.033203125
1 0.1513671875 0.6728515625 0.033203125 0.033203125
1 0.330078125 0.544921875 0.03515625 0.03515625
1 0.3857421875 0.5234375 0.072265625 0.03515625
1 0.380859375 0.5634765625 0.0546875 0.041015625
1 0.451171875 0.521484375 0.05078125 0.03125
1 0.470703125 0.5615234375 0.0546875 0.029296875
1 0.484375 0.5927734375 0.04296875 0.025390625
1 0.4814453125 0.6396484375 0.087890625 0.052734375
1 0.4990234375 0.685546875 0.060546875 0.03515625
1 0.5419921875 0.7783203125 0.048828125 0.041015625
1 0.541015625 0.8193359375 0.03515625 0.029296875
1 0.5732421875 0.8330078125 0.025390625 0.029296875
1 0.5234375 0.7353515625 0.0390625 0.037109375
1 0.5791015625 0.865234375 0.060546875 0.03125
1 0.5810546875 0.8955078125 0.052734375 0.025390625
1 0.5908203125 0.92578125 0.052734375 0.03125
1 0.6220703125 0.978515625 0.068359375 0.04296875
1 0.13671875 0.818359375 0.04296875 0.02734375