1 0.166015625 0.3984375 0.1015625 0.11328125
1 0.181640625 0.888671875 0.1796875 0.1171875
1 0.0400390625 0.470703125 0.048828125 0.0546875
1 0.5751953125 0.25390625 0.212890625 0.0625
1 0.583984375 0.33203125 0.125 0.08203125
1 0.677734375 0.34375 0.0390625 0.0546875
1 0.57421875 0.4208984375 0.03515625 0.033203125
1 0.5830078125 0.390625 0.029296875 0.0234375
1 0.70703125 0.2333984375 0.03515625 0.044921875
1 0.80078125 0.220703125 0.08984375 0.09765625
1 0.9169921875 0.177734375 0.091796875 0.08984375
1 0.7958984375 0.3818359375 0.068359375 0.076171875
1 0.7001953125 0.4091796875 0.052734375 0.044921875
1 0.7548828125 0.443359375 0.037109375 0.04296875
1 0.755859375 0.5009765625 0.05078125 0.052734375
1 0.7626953125 0.55859375 0.048828125 0.046875
1 0.82421875 0.658203125 0.04296875 0.0390625
1 0.755859375 0.6875 0.04296875 0.04296875
1 0.7744140625 0.7568359375 0.044921875 0.044921875
1 0.837890625 0.75 0.06640625 0.07421875
1 0.6025390625 0.611328125 0.029296875 0.03515625
1 0.564453125 0.6396484375 0.0390625 0.021484375
1 0.541015625 0.61328125 0.02734375 0.0234375
1 0.572265625 0.6162109375 0.0234375 0.021484375
1 0.5791015625 0.6630859375 0.025390625 0.021484375
1 0.650390625 0.7041015625 0.0390625 0.033203125
1 0.65625 0.765625 0.04296875 0.03515625
1 0.73046875 0.92578125 0.06640625 0.0546875
1 0.5791015625 0.9580078125 0.048828125 0.037109375
1 0.92578125 0.3603515625 0.05078125 0.060546875
1 0.95703125 0.4990234375 0.0859375 0.119140625
1 0.67578125 0.501953125 0.0390625 0.0390625