1 0.30078125 0.2490234375 0.03515625 0.041015625
1 0.3330078125 0.2490234375 0.021484375 0.033203125
1 0.3017578125 0.28515625 0.029296875 0.01953125
1 0.333984375 0.2822265625 0.02734375 0.025390625
1 0.3447265625 0.3115234375 0.033203125 0.029296875
1 0.306640625 0.3681640625 0.03125 0.033203125
1 0.21484375 0.4482421875 0.05078125 0.083984375
1 0.2666015625 0.4375 0.044921875 0.09375
1 0.3203125 0.4306640625 0.0546875 0.080078125
1 0.3046875 0.3125 0.03125 0.02734375
1 0.2392578125 0.3515625 0.041015625 0.0390625
1 0.3359375 0.3486328125 0.03515625 0.029296875