1 0.271484375 0.697265625 0.03125 0.02734375
1 0.2978515625 0.6923828125 0.025390625 0.025390625
1 0.3251953125 0.685546875 0.033203125 0.03515625
1 0.353515625 0.6796875 0.0234375 0.03125
1 0.3759765625 0.6728515625 0.021484375 0.033203125
1 0.427734375 0.6689453125 0.0234375 0.029296875
1 0.400390625 0.67578125 0.0234375 0.03125
1 0.6669921875 0.6181640625 0.025390625 0.033203125
1 0.6396484375 0.615234375 0.025390625 0.03515625
1 0.5400390625 0.634765625 0.033203125 0.046875
1 0.453125 0.6591796875 0.02734375 0.041015625
1 0.482421875 0.6552734375 0.02734375 0.041015625
1 0.5830078125 0.6142578125 0.037109375 0.052734375
1 0.615234375 0.61328125 0.0234375 0.046875
1 0.86328125 0.56640625 0.02734375 0.04296875
1 0.826171875 0.57421875 0.04296875 0.05078125
1 0.9736328125 0.2265625 0.052734375 0.11328125