1 0.041015625 0.9755859375 0.0546875 0.041015625
1 0.0322265625 0.9375 0.060546875 0.03125
1 0.0234375 0.9052734375 0.04296875 0.029296875
1 0.0224609375 0.8642578125 0.041015625 0.048828125
1 0.087890625 0.74609375 0.03515625 0.046875
1 0.044921875 0.763671875 0.0390625 0.0390625
1 0.1669921875 0.73828125 0.021484375 0.03515625
1 0.201171875 0.7265625 0.0390625 0.0390625
1 0.2333984375 0.7109375 0.025390625 0.0390625
1 0.27734375 0.703125 0.0546875 0.046875
1 0.1328125 0.7451171875 0.04296875 0.037109375
1 0.2958984375 0.6630859375 0.037109375 0.029296875
1 0.3974609375 0.640625 0.091796875 0.08203125
1 0.0859375 0.4453125 0.07421875 0.0390625
2 0.55078125 0.939453125 0.046875 0.04296875