1 0.2001953125 0.4189453125 0.029296875 0.029296875
1 0.2490234375 0.4140625 0.025390625 0.0234375
1 0.255859375 0.384765625 0.02734375 0.0234375
1 0.255859375 0.361328125 0.02734375 0.01953125
1 0.251953125 0.29296875 0.046875 0.02734375
1 0.255859375 0.3173828125 0.02734375 0.021484375
1 0.2470703125 0.26171875 0.037109375 0.0234375
1 0.2724609375 0.2255859375 0.048828125 0.033203125
1 0.197265625 0.3330078125 0.0390625 0.041015625
1 0.193359375 0.248046875 0.04296875 0.03125
1 0.1884765625 0.2119140625 0.037109375 0.033203125
1 0.2294921875 0.189453125 0.037109375 0.0390625
1 0.3134765625 0.1787109375 0.103515625 0.033203125
1 0.34375 0.224609375 0.0625 0.0546875
1 0.4013671875 0.189453125 0.044921875 0.109375
1 0.4892578125 0.16796875 0.119140625 0.15234375