1 0.3662109375 0.97265625 0.037109375 0.0390625
1 0.4267578125 0.94140625 0.033203125 0.0390625
1 0.494140625 0.8388671875 0.03515625 0.033203125
1 0.48046875 0.6689453125 0.03515625 0.037109375
1 0.5 0.7060546875 0.03515625 0.033203125
1 0.5166015625 0.748046875 0.033203125 0.03125
1 0.5107421875 0.908203125 0.060546875 0.078125
1 0.01953125 0.7177734375 0.02734375 0.037109375
1 0.2314453125 0.39453125 0.033203125 0.03515625
1 0.287109375 0.3583984375 0.0390625 0.033203125
1 0.3125 0.3115234375 0.03515625 0.033203125
1 0.1513671875 0.3232421875 0.037109375 0.037109375
1 0.326171875 0.26171875 0.02734375 0.02734375
1 0.24609375 0.3193359375 0.03515625 0.037109375
1 0.2119140625 0.3330078125 0.029296875 0.033203125
1 0.40234375 0.583984375 0.07421875 0.06640625
3 0.5283203125 0.3828125 0.259765625 0.37890625
3 0.6513671875 0.6953125 0.212890625 0.30078125
1 0.24609375 0.0361328125 0.1953125 0.072265625
1 0.828125 0.380859375 0.046875 0.05078125
1 0.8564453125 0.455078125 0.041015625 0.04296875
1 0.88671875 0.5263671875 0.0390625 0.044921875
1 0.9609375 0.5283203125 0.0390625 0.025390625
1 0.552734375 0.7939453125 0.05859375 0.060546875