1 0.033203125 0.4248046875 0.03125 0.021484375
1 0.0537109375 0.4580078125 0.033203125 0.025390625
1 0.10546875 0.5810546875 0.04296875 0.044921875
1 0.130859375 0.6328125 0.0234375 0.02734375
1 0.142578125 0.68359375 0.03125 0.03515625
1 0.1337890625 0.720703125 0.029296875 0.01953125
1 0.15625 0.78125 0.03125 0.02734375
1 0.3701171875 0.6943359375 0.041015625 0.037109375
1 0.3466796875 0.2275390625 0.033203125 0.021484375
1 0.390625 0.2607421875 0.03125 0.029296875
1 0.4638671875 0.322265625 0.033203125 0.02734375
1 0.6201171875 0.1962890625 0.048828125 0.029296875
1 0.6806640625 0.2041015625 0.033203125 0.025390625
1 0.6748046875 0.142578125 0.025390625 0.0234375
1 0.7060546875 0.1728515625 0.029296875 0.021484375
1 0.70703125 0.125 0.03125 0.01953125
1 0.3994140625 0.787109375 0.037109375 0.0625
1 0.46875 0.8154296875 0.0703125 0.017578125
1 0.482421875 0.7626953125 0.109375 0.044921875
1 0.5927734375 0.755859375 0.048828125 0.015625
1 0.7158203125 0.734375 0.095703125 0.08203125
1 0.7958984375 0.7021484375 0.041015625 0.025390625
1 0.7216796875 0.6533203125 0.126953125 0.052734375
1 0.814453125 0.5849609375 0.03515625 0.029296875
1 0.888671875 0.5625 0.03125 0.03515625
1 0.91796875 0.53515625 0.03125 0.02734375
1 0.9326171875 0.5859375 0.033203125 0.02734375
1 0.8046875 0.642578125 0.01953125 0.046875
1 0.8720703125 0.615234375 0.048828125 0.03515625
1 0.8193359375 0.0849609375 0.130859375 0.111328125
1 0.62890625 0.0927734375 0.03125 0.037109375
1 0.6865234375 0.0771484375 0.041015625 0.033203125
1 0.90625 0.3505859375 0.10546875 0.123046875