1 0.2001953125 0.62890625 0.080078125 0.0625
1 0.3203125 0.611328125 0.0546875 0.06640625
1 0.43359375 0.5947265625 0.06640625 0.060546875
1 0.18359375 0.5087890625 0.07421875 0.068359375
1 0.2958984375 0.4873046875 0.064453125 0.072265625
1 0.416015625 0.4677734375 0.0546875 0.056640625
1 0.548828125 0.5751953125 0.04296875 0.056640625
1 0.5224609375 0.44921875 0.056640625 0.06640625
1 0.1552734375 0.376953125 0.064453125 0.0546875
1 0.275390625 0.3544921875 0.0625 0.068359375
1 0.3955078125 0.3505859375 0.080078125 0.083984375
1 0.5 0.19140625 0.07421875 0.06640625
1 0.3740234375 0.2099609375 0.091796875 0.060546875
1 0.259765625 0.228515625 0.078125 0.06640625
1 0.134765625 0.2509765625 0.05859375 0.052734375
1 0.1142578125 0.1259765625 0.048828125 0.041015625
1 0.2333984375 0.1044921875 0.060546875 0.048828125
1 0.3525390625 0.0869140625 0.060546875 0.052734375
1 0.4736328125 0.0673828125 0.068359375 0.048828125
1 0.083984375 0.3125 0.05859375 0.05078125
1 0.08984375 0.0126953125 0.0625 0.025390625
1 0.7177734375 0.0283203125 0.048828125 0.044921875
1 0.8779296875 0.025390625 0.076171875 0.0390625