1 0.0390625 0.6005859375 0.046875 0.072265625
1 0.0859375 0.5986328125 0.0390625 0.060546875
1 0.1337890625 0.5810546875 0.048828125 0.068359375
1 0.2109375 0.5634765625 0.06640625 0.064453125
1 0.2685546875 0.5498046875 0.044921875 0.076171875
1 0.6005859375 0.8193359375 0.029296875 0.033203125
1 0.59765625 0.8623046875 0.01953125 0.021484375
1 0.576171875 0.8505859375 0.01953125 0.033203125
1 0.57421875 0.8173828125 0.01953125 0.029296875
1 0.640625 0.8583984375 0.02734375 0.025390625
1 0.6474609375 0.8837890625 0.025390625 0.021484375
1 0.6220703125 0.8876953125 0.021484375 0.021484375
1 0.603515625 0.91015625 0.0234375 0.0234375
1 0.6640625 0.9541015625 0.02734375 0.044921875
1 0.6259765625 0.9638671875 0.044921875 0.044921875
1 0.837890625 0.98046875 0.04296875 0.0390625
1 0.9033203125 0.9736328125 0.083984375 0.052734375
1 0.9716796875 0.9453125 0.048828125 0.078125
1 0.9326171875 0.8427734375 0.087890625 0.064453125
1 0.8984375 0.7197265625 0.08203125 0.064453125
1 0.91015625 0.7744140625 0.08203125 0.041015625
1 0.921875 0.9111328125 0.04296875 0.060546875
1 0.861328125 0.458984375 0.1015625 0.08984375
1 0.85546875 0.54296875 0.046875 0.046875
1 0.6962890625 0.4345703125 0.048828125 0.056640625
1 0.6240234375 0.4443359375 0.068359375 0.048828125