1 0.74609375 0.712890625 0.05078125 0.07421875
1 0.7646484375 0.7900390625 0.052734375 0.072265625
1 0.78125 0.84375 0.04296875 0.03125
1 0.7890625 0.8759765625 0.04296875 0.029296875
1 0.9345703125 0.7314453125 0.041015625 0.044921875
1 0.9814453125 0.7314453125 0.037109375 0.048828125
1 0.26953125 0.669921875 0.0390625 0.046875
1 0.28515625 0.724609375 0.0390625 0.03515625
1 0.296875 0.7646484375 0.0390625 0.041015625
1 0.1318359375 0.5537109375 0.064453125 0.068359375
1 0.1083984375 0.408203125 0.060546875 0.05859375
1 0.02734375 0.427734375 0.0546875 0.0625
1 0.23046875 0.3779296875 0.0546875 0.048828125