1 0.064453125 0.5 0.046875 0.04296875
1 0.119140625 0.43359375 0.046875 0.0390625
1 0.0673828125 0.1474609375 0.048828125 0.052734375
1 0.0634765625 0.228515625 0.072265625 0.09765625
1 0.044921875 0.3349609375 0.0859375 0.107421875
1 0.1181640625 0.138671875 0.048828125 0.06640625
0 0.4873046875 0.2099609375 0.349609375 0.419921875
1 0.5439453125 0.810546875 0.119140625 0.109375
1 0.5234375 0.7041015625 0.1328125 0.091796875
1 0.5908203125 0.9130859375 0.115234375 0.083984375
1 0.3203125 0.755859375 0.03515625 0.0390625
1 0.5537109375 0.9794921875 0.146484375 0.041015625
1 0.0927734375 0.076171875 0.041015625 0.03515625