0 0.922852 0.607422 0.922852 0.607422 0.922852 0.602539 0.925781 0.602539 0.926758 0.601562 0.932617 0.601562 0.933594 0.600586 0.944336 0.600586 0.945312 0.599609 0.947266 0.599609 0.950195 0.59668 0.954102 0.59668 0.954102 0.576172 0.951172 0.576172 0.950195 0.575195 0.950195 0.569336 0.949219 0.568359 0.949219 0.554688 0.948242 0.553711 0.948242 0.522461 0.947266 0.521484 0.947266 0.519531 0.946289 0.518555 0.946289 0.517578 0.941406 0.512695 0.941406 0.511719 0.94043 0.510742 0.94043 0.504883 0.941406 0.503906 0.941406 0.499023 0.942383 0.498047 0.942383 0.494141 0.943359 0.493164 0.943359 0.488281 0.944336 0.487305 0.944336 0.480469 0.945312 0.479492 0.945312 0.458984 0.944336 0.458008 0.944336 0.449219 0.943359 0.448242 0.943359 0.442383 0.942383 0.441406 0.942383 0.44043 0.94043 0.442383 0.938477 0.442383 0.936523 0.44043 0.935547 0.44043 0.933594 0.438477 0.933594 0.435547 0.776367 0.435547 0.776367 0.438477 0.774414 0.44043 0.773438 0.44043 0.772461 0.441406 0.771484 0.441406 0.769531 0.443359 0.763672 0.443359 0.762695 0.444336 0.742188 0.444336 0.741211 0.443359 0.716797 0.443359 0.71582 0.442383 0.716797 0.441406 0.71875 0.441406 0.719727 0.44043 0.72168 0.44043 0.722656 0.441406 0.726562 0.441406 0.727539 0.44043 0.728516 0.44043 0.729492 0.441406 0.732422 0.441406 0.733398 0.44043 0.734375 0.44043 0.735352 0.439453 0.736328 0.439453 0.736328 0.435547 0.619141 0.435547 0.619141 0.438477 0.618164 0.439453 0.616211 0.439453 0.615234 0.44043 0.614258 0.44043 0.613281 0.441406 0.612305 0.441406 0.611328 0.442383 0.607422 0.442383 0.607422 0.530273 0.610352 0.530273 0.612305 0.532227 0.612305 0.533203 0.613281 0.53418 0.613281 0.535156 0.614258 0.536133 0.614258 0.537109 0.615234 0.538086 0.615234 0.539062 0.616211 0.540039 0.616211 0.541016 0.618164 0.542969 0.618164 0.544922 0.619141 0.545898 0.619141 0.547852 0.620117 0.548828 0.620117 0.550781 0.621094 0.551758 0.621094 0.554688 0.62207 0.555664 0.62207 0.567383 0.623047 0.568359 0.623047 0.578125 0.624023 0.579102 0.624023 0.585938 0.625 0.586914 0.625 0.600586 0.625977 0.601562 0.625977 0.613281 0.626953 0.614258 0.626953 0.620117 0.62793 0.621094 0.62793 0.62207 0.628906 0.623047 0.628906 0.624023 0.630859 0.625977 0.636719 0.625977 0.637695 0.626953 0.638672 0.625977 0.647461 0.625977 0.648438 0.625 0.665039 0.625 0.666016 0.624023 0.674805 0.624023 0.675781 0.623047 0.682617 0.623047 0.683594 0.62207 0.688477 0.62207 0.689453 0.621094 0.691406 0.621094 0.692383 0.620117 0.696289 0.620117 0.699219 0.623047 0.700195 0.623047 0.701172 0.624023 0.702148 0.624023 0.704102 0.625977 0.726562 0.625977 0.727539 0.626953 0.733398 0.626953 0.734375 0.62793 0.744141 0.62793 0.745117 0.626953 0.746094 0.626953 0.74707 0.625977 0.748047 0.625977 0.749023 0.625 0.75 0.625 0.750977 0.624023 0.754883 0.624023 0.759766 0.628906 0.760742 0.628906 0.761719 0.629883 0.761719 0.633789 0.78418 0.633789 0.78418 0.630859 0.785156 0.629883 0.802734 0.629883 0.803711 0.628906 0.808594 0.628906 0.80957 0.62793 0.810547 0.62793 0.811523 0.626953 0.8125 0.626953 0.813477 0.625977 0.814453 0.625977 0.818359 0.62207 0.819336 0.62207 0.822266 0.619141 0.823242 0.619141 0.824219 0.618164 0.825195 0.618164 0.826172 0.617188 0.828125 0.617188 0.829102 0.616211 0.832031 0.616211 0.833008 0.615234 0.84375 0.615234 0.844727 0.614258 0.854492 0.614258 0.855469 0.615234 0.879883 0.615234 0.880859 0.614258 0.889648 0.614258 0.890625 0.613281 0.895508 0.613281 0.896484 0.612305 0.899414 0.612305 0.900391 0.611328 0.902344 0.611328 0.902344 0.610352 0.900391 0.608398 0.899414 0.608398 0.898438 0.607422 0.898438 0.606445 0.902344 0.602539 0.908203 0.602539 0.90918 0.601562 0.921875 0.601562 0.922852 0.602539 0.948728
0 0.00195312 0.169922 0.00195312 0.357422 0.0078125 0.357422 0.00878906 0.358398 0.0175781 0.358398 0.0185547 0.357422 0.0253906 0.357422 0.0263672 0.356445 0.0292969 0.356445 0.0302734 0.355469 0.0351562 0.355469 0.0361328 0.354492 0.0458984 0.354492 0.046875 0.353516 0.0820312 0.353516 0.0830078 0.354492 0.0917969 0.354492 0.0927734 0.353516 0.101562 0.353516 0.102539 0.352539 0.106445 0.352539 0.107422 0.351562 0.110352 0.351562 0.111328 0.350586 0.116211 0.350586 0.117188 0.349609 0.12207 0.349609 0.123047 0.348633 0.129883 0.348633 0.130859 0.347656 0.144531 0.347656 0.145508 0.34668 0.188477 0.34668 0.189453 0.345703 0.19043 0.34668 0.193359 0.34668 0.194336 0.345703 0.21582 0.345703 0.216797 0.344727 0.219727 0.344727 0.219727 0.231445 0.216797 0.231445 0.21582 0.230469 0.21582 0.224609 0.214844 0.223633 0.214844 0.213867 0.21582 0.212891 0.21582 0.199219 0.214844 0.198242 0.214844 0.188477 0.213867 0.1875 0.213867 0.169922 0.943478
0 0.182617 0.587891 0.182617 0.59082 0.181641 0.591797 0.179688 0.591797 0.178711 0.592773 0.170898 0.592773 0.169922 0.59375 0.164062 0.59375 0.163086 0.594727 0.15918 0.594727 0.158203 0.595703 0.152344 0.595703 0.151367 0.59668 0.132812 0.59668 0.131836 0.597656 0.121094 0.597656 0.120117 0.598633 0.106445 0.598633 0.105469 0.599609 0.101562 0.599609 0.100586 0.600586 0.0947266 0.600586 0.09375 0.601562 0.0810547 0.601562 0.0800781 0.602539 0.0742188 0.602539 0.0732422 0.603516 0.0654297 0.603516 0.0644531 0.604492 0.0498047 0.604492 0.0488281 0.605469 0.0419922 0.605469 0.0410156 0.606445 0.0351562 0.606445 0.0341797 0.607422 0.0224609 0.607422 0.0214844 0.608398 0.015625 0.608398 0.0146484 0.609375 0.0126953 0.609375 0.0117188 0.610352 0.00976562 0.610352 0.00878906 0.611328 0.00683594 0.611328 0.00585938 0.612305 0.00195312 0.612305 0.00195312 0.750977 0.0195312 0.750977 0.0205078 0.75 0.0244141 0.75 0.0253906 0.749023 0.0273438 0.749023 0.0283203 0.748047 0.0322266 0.748047 0.0332031 0.74707 0.0595703 0.74707 0.0605469 0.748047 0.0654297 0.748047 0.0664062 0.749023 0.0693359 0.749023 0.0703125 0.75 0.0712891 0.75 0.0742188 0.75293 0.0742188 0.754883 0.0751953 0.755859 0.0751953 0.759766 0.0761719 0.760742 0.0761719 0.766602 0.0771484 0.767578 0.0771484 0.776367 0.078125 0.777344 0.078125 0.779297 0.0810547 0.782227 0.0810547 0.78418 0.0820312 0.785156 0.0820312 0.786133 0.0830078 0.787109 0.0830078 0.789062 0.0839844 0.790039 0.0839844 0.791992 0.0849609 0.792969 0.0849609 0.795898 0.0859375 0.796875 0.0859375 0.799805 0.0869141 0.800781 0.0869141 0.803711 0.0878906 0.804688 0.0878906 0.805664 0.0898438 0.807617 0.0917969 0.807617 0.0927734 0.808594 0.108398 0.808594 0.109375 0.807617 0.119141 0.807617 0.120117 0.806641 0.125977 0.806641 0.126953 0.805664 0.133789 0.805664 0.134766 0.804688 0.143555 0.804688 0.144531 0.803711 0.151367 0.803711 0.152344 0.802734 0.160156 0.802734 0.161133 0.801758 0.178711 0.801758 0.179688 0.800781 0.189453 0.800781 0.19043 0.799805 0.199219 0.799805 0.200195 0.798828 0.206055 0.798828 0.207031 0.797852 0.213867 0.797852 0.214844 0.796875 0.225586 0.796875 0.226562 0.795898 0.236328 0.795898 0.237305 0.794922 0.248047 0.794922 0.249023 0.793945 0.256836 0.793945 0.257812 0.792969 0.264648 0.792969 0.265625 0.791992 0.270508 0.791992 0.270508 0.709961 0.267578 0.709961 0.266602 0.708984 0.266602 0.703125 0.265625 0.702148 0.265625 0.679688 0.266602 0.678711 0.266602 0.667969 0.265625 0.666992 0.265625 0.65918 0.264648 0.658203 0.264648 0.65332 0.263672 0.652344 0.263672 0.647461 0.262695 0.646484 0.263672 0.645508 0.263672 0.642578 0.264648 0.641602 0.264648 0.639648 0.265625 0.638672 0.265625 0.637695 0.266602 0.636719 0.266602 0.635742 0.267578 0.634766 0.270508 0.634766 0.270508 0.609375 0.266602 0.609375 0.262695 0.605469 0.262695 0.603516 0.261719 0.602539 0.261719 0.592773 0.260742 0.591797 0.260742 0.587891 0.942682
0 0.803711 0.654297 0.803711 0.657227 0.802734 0.658203 0.801758 0.658203 0.800781 0.65918 0.798828 0.65918 0.797852 0.660156 0.796875 0.660156 0.795898 0.661133 0.791016 0.661133 0.791016 0.69043 0.793945 0.69043 0.794922 0.691406 0.794922 0.692383 0.795898 0.693359 0.795898 0.696289 0.796875 0.697266 0.796875 0.704102 0.797852 0.705078 0.797852 0.711914 0.798828 0.712891 0.798828 0.716797 0.799805 0.717773 0.799805 0.72168 0.800781 0.722656 0.800781 0.728516 0.801758 0.729492 0.801758 0.736328 0.802734 0.737305 0.802734 0.740234 0.803711 0.741211 0.803711 0.743164 0.804688 0.744141 0.804688 0.745117 0.805664 0.746094 0.805664 0.74707 0.810547 0.751953 0.810547 0.75293 0.8125 0.754883 0.8125 0.759766 0.813477 0.760742 0.813477 0.764648 0.814453 0.765625 0.814453 0.769531 0.81543 0.770508 0.81543 0.77832 0.816406 0.779297 0.816406 0.787109 0.817383 0.788086 0.817383 0.791992 0.818359 0.792969 0.818359 0.794922 0.816406 0.796875 0.816406 0.797852 0.81543 0.798828 0.814453 0.798828 0.813477 0.799805 0.8125 0.799805 0.811523 0.800781 0.80957 0.800781 0.808594 0.801758 0.807617 0.801758 0.805664 0.803711 0.805664 0.804688 0.804688 0.805664 0.804688 0.818359 0.805664 0.819336 0.805664 0.826172 0.806641 0.827148 0.806641 0.831055 0.807617 0.832031 0.807617 0.836914 0.808594 0.837891 0.808594 0.845703 0.80957 0.84668 0.80957 0.851562 0.810547 0.852539 0.810547 0.855469 0.811523 0.856445 0.811523 0.858398 0.8125 0.859375 0.8125 0.864258 0.813477 0.865234 0.813477 0.873047 0.814453 0.874023 0.814453 0.879883 0.81543 0.880859 0.81543 0.885742 0.816406 0.886719 0.816406 0.893555 0.817383 0.894531 0.817383 0.901367 0.818359 0.902344 0.818359 0.904297 0.819336 0.905273 0.819336 0.90625 0.822266 0.90918 0.834961 0.90918 0.835938 0.908203 0.847656 0.908203 0.848633 0.907227 0.853516 0.907227 0.854492 0.90625 0.856445 0.90625 0.857422 0.905273 0.859375 0.905273 0.860352 0.904297 0.863281 0.904297 0.864258 0.90332 0.865234 0.90332 0.868164 0.900391 0.869141 0.900391 0.874023 0.895508 0.875977 0.895508 0.876953 0.894531 0.882812 0.894531 0.883789 0.893555 0.886719 0.893555 0.887695 0.892578 0.891602 0.892578 0.892578 0.891602 0.897461 0.891602 0.898438 0.890625 0.901367 0.890625 0.902344 0.889648 0.90918 0.889648 0.910156 0.888672 0.916016 0.888672 0.916992 0.887695 0.924805 0.887695 0.925781 0.886719 0.928711 0.886719 0.929688 0.885742 0.933594 0.885742 0.93457 0.884766 0.961914 0.884766 0.962891 0.883789 0.973633 0.883789 0.974609 0.884766 0.980469 0.884766 0.981445 0.885742 0.991211 0.885742 0.992188 0.884766 0.993164 0.884766 0.994141 0.883789 0.995117 0.883789 0.996094 0.882812 0.996094 0.881836 0.998047 0.879883 0.999023 0.879883 0.999023 0.780273 0.998047 0.780273 0.99707 0.779297 0.99707 0.777344 0.996094 0.776367 0.996094 0.772461 0.995117 0.771484 0.995117 0.765625 0.994141 0.764648 0.994141 0.755859 0.993164 0.754883 0.993164 0.75 0.992188 0.749023 0.992188 0.745117 0.991211 0.744141 0.991211 0.739258 0.990234 0.738281 0.990234 0.733398 0.989258 0.732422 0.989258 0.728516 0.988281 0.727539 0.988281 0.722656 0.987305 0.72168 0.987305 0.716797 0.986328 0.71582 0.986328 0.707031 0.985352 0.706055 0.985352 0.699219 0.984375 0.698242 0.984375 0.696289 0.983398 0.695312 0.983398 0.694336 0.982422 0.693359 0.982422 0.692383 0.981445 0.691406 0.981445 0.69043 0.979492 0.688477 0.979492 0.686523 0.978516 0.685547 0.978516 0.683594 0.977539 0.682617 0.977539 0.679688 0.976562 0.678711 0.976562 0.675781 0.975586 0.674805 0.975586 0.667969 0.974609 0.666992 0.974609 0.664062 0.973633 0.663086 0.973633 0.662109 0.972656 0.662109 0.97168 0.661133 0.966797 0.661133 0.96582 0.660156 0.962891 0.660156 0.961914 0.65918 0.956055 0.65918 0.955078 0.660156 0.942383 0.660156 0.941406 0.65918 0.938477 0.65918 0.9375 0.658203 0.936523 0.658203 0.935547 0.657227 0.935547 0.654297 0.836914 0.654297 0.836914 0.657227 0.835938 0.658203 0.829102 0.658203 0.828125 0.657227 0.828125 0.654297 0.818359 0.654297 0.818359 0.657227 0.817383 0.658203 0.8125 0.658203 0.811523 0.657227 0.811523 0.654297 0.941164
0 0.0996094 0.00195312 0.0996094 0.141602 0.102539 0.141602 0.103516 0.142578 0.104492 0.142578 0.106445 0.144531 0.106445 0.145508 0.111328 0.150391 0.112305 0.150391 0.114258 0.152344 0.115234 0.152344 0.116211 0.15332 0.117188 0.15332 0.118164 0.154297 0.121094 0.154297 0.12207 0.155273 0.125 0.155273 0.125977 0.15625 0.133789 0.15625 0.134766 0.155273 0.135742 0.155273 0.138672 0.152344 0.139648 0.152344 0.140625 0.151367 0.141602 0.151367 0.144531 0.148438 0.145508 0.148438 0.146484 0.147461 0.148438 0.147461 0.149414 0.146484 0.152344 0.146484 0.15332 0.145508 0.160156 0.145508 0.161133 0.146484 0.178711 0.146484 0.179688 0.145508 0.205078 0.145508 0.206055 0.144531 0.209961 0.144531 0.210938 0.145508 0.212891 0.145508 0.213867 0.146484 0.214844 0.146484 0.217773 0.149414 0.21875 0.149414 0.219727 0.150391 0.22168 0.150391 0.222656 0.151367 0.225586 0.151367 0.226562 0.152344 0.229492 0.152344 0.230469 0.15332 0.239258 0.15332 0.240234 0.152344 0.246094 0.152344 0.24707 0.151367 0.248047 0.152344 0.25 0.152344 0.250977 0.15332 0.25293 0.15332 0.253906 0.152344 0.255859 0.152344 0.256836 0.151367 0.257812 0.151367 0.259766 0.149414 0.260742 0.149414 0.261719 0.148438 0.286133 0.148438 0.287109 0.149414 0.296875 0.149414 0.297852 0.148438 0.348633 0.148438 0.349609 0.149414 0.355469 0.149414 0.356445 0.150391 0.363281 0.150391 0.364258 0.151367 0.376953 0.151367 0.37793 0.152344 0.385742 0.152344 0.386719 0.15332 0.390625 0.15332 0.394531 0.157227 0.396484 0.157227 0.397461 0.158203 0.399414 0.158203 0.400391 0.15918 0.40625 0.15918 0.407227 0.160156 0.419922 0.160156 0.420898 0.161133 0.425781 0.161133 0.426758 0.162109 0.426758 0.165039 0.447266 0.165039 0.447266 0.162109 0.448242 0.161133 0.450195 0.161133 0.452148 0.15918 0.453125 0.15918 0.454102 0.158203 0.455078 0.158203 0.456055 0.157227 0.456055 0.15625 0.458008 0.154297 0.458008 0.152344 0.458984 0.151367 0.458984 0.147461 0.459961 0.146484 0.459961 0.143555 0.460938 0.142578 0.460938 0.141602 0.461914 0.140625 0.461914 0.139648 0.46875 0.132812 0.469727 0.132812 0.470703 0.131836 0.47168 0.131836 0.473633 0.129883 0.473633 0.125 0.474609 0.124023 0.474609 0.120117 0.473633 0.119141 0.474609 0.118164 0.474609 0.112305 0.475586 0.111328 0.475586 0.107422 0.476562 0.106445 0.476562 0.100586 0.477539 0.0996094 0.477539 0.0986328 0.476562 0.0976562 0.476562 0.0810547 0.475586 0.0800781 0.475586 0.0566406 0.476562 0.0556641 0.476562 0.0458984 0.477539 0.0449219 0.477539 0.0380859 0.478516 0.0371094 0.478516 0.0253906 0.479492 0.0244141 0.479492 0.0136719 0.480469 0.0126953 0.480469 0.00195312 0.923946
0 0.0410156 0.818359 0.0400391 0.819336 0.0380859 0.819336 0.0371094 0.820312 0.0371094 0.822266 0.0361328 0.823242 0.0361328 0.830078 0.0371094 0.831055 0.0371094 0.833984 0.0380859 0.834961 0.0380859 0.838867 0.0390625 0.839844 0.0390625 0.845703 0.0400391 0.84668 0.0400391 0.851562 0.0410156 0.852539 0.0410156 0.858398 0.0400391 0.859375 0.0400391 0.861328 0.0390625 0.862305 0.0390625 0.863281 0.0361328 0.866211 0.0332031 0.866211 0.0322266 0.867188 0.0292969 0.867188 0.0283203 0.868164 0.0263672 0.868164 0.0253906 0.869141 0.0244141 0.869141 0.0234375 0.870117 0.0214844 0.870117 0.0205078 0.871094 0.0195312 0.871094 0.0185547 0.87207 0.0175781 0.87207 0.015625 0.874023 0.0146484 0.874023 0.00976562 0.878906 0.00878906 0.878906 0.00683594 0.880859 0.00683594 0.881836 0.00585938 0.882812 0.00195312 0.882812 0.00195312 0.990234 0.00488281 0.990234 0.00585938 0.991211 0.00585938 0.999023 0.261719 0.999023 0.261719 0.99707 0.263672 0.995117 0.265625 0.995117 0.266602 0.994141 0.267578 0.994141 0.268555 0.993164 0.269531 0.993164 0.270508 0.992188 0.272461 0.992188 0.273438 0.991211 0.28418 0.991211 0.286133 0.989258 0.288086 0.989258 0.289062 0.988281 0.291016 0.988281 0.291992 0.987305 0.292969 0.987305 0.293945 0.986328 0.294922 0.986328 0.297852 0.989258 0.301758 0.989258 0.301758 0.975586 0.291016 0.975586 0.289062 0.973633 0.288086 0.973633 0.286133 0.97168 0.28418 0.97168 0.283203 0.970703 0.28125 0.970703 0.280273 0.969727 0.275391 0.969727 0.274414 0.96875 0.266602 0.96875 0.265625 0.967773 0.242188 0.967773 0.241211 0.96875 0.238281 0.96875 0.236328 0.970703 0.230469 0.970703 0.229492 0.97168 0.209961 0.97168 0.208984 0.970703 0.209961 0.969727 0.211914 0.969727 0.212891 0.96875 0.216797 0.96875 0.217773 0.967773 0.21875 0.967773 0.220703 0.96582 0.254883 0.96582 0.255859 0.964844 0.271484 0.964844 0.272461 0.963867 0.276367 0.963867 0.277344 0.962891 0.280273 0.962891 0.28125 0.961914 0.293945 0.961914 0.294922 0.962891 0.295898 0.962891 0.296875 0.961914 0.301758 0.961914 0.301758 0.93457 0.298828 0.93457 0.297852 0.933594 0.297852 0.930664 0.296875 0.929688 0.296875 0.923828 0.295898 0.922852 0.295898 0.918945 0.294922 0.917969 0.294922 0.913086 0.293945 0.912109 0.293945 0.90918 0.292969 0.908203 0.292969 0.904297 0.291992 0.90332 0.291992 0.899414 0.291016 0.898438 0.291016 0.893555 0.290039 0.892578 0.290039 0.887695 0.289062 0.886719 0.289062 0.880859 0.288086 0.879883 0.288086 0.873047 0.287109 0.87207 0.287109 0.866211 0.286133 0.865234 0.286133 0.860352 0.285156 0.859375 0.285156 0.855469 0.28418 0.854492 0.28418 0.849609 0.283203 0.848633 0.283203 0.842773 0.282227 0.841797 0.282227 0.838867 0.28125 0.837891 0.28125 0.835938 0.279297 0.833984 0.279297 0.833008 0.275391 0.829102 0.275391 0.828125 0.274414 0.827148 0.274414 0.825195 0.273438 0.824219 0.273438 0.819336 0.272461 0.818359 0.272461 0.80957 0.271484 0.808594 0.271484 0.800781 0.270508 0.799805 0.270508 0.794922 0.230469 0.794922 0.230469 0.797852 0.229492 0.798828 0.227539 0.798828 0.226562 0.799805 0.220703 0.799805 0.219727 0.800781 0.212891 0.800781 0.211914 0.801758 0.206055 0.801758 0.205078 0.802734 0.200195 0.802734 0.199219 0.803711 0.19043 0.803711 0.189453 0.804688 0.181641 0.804688 0.180664 0.805664 0.167969 0.805664 0.166992 0.806641 0.146484 0.806641 0.145508 0.807617 0.137695 0.807617 0.136719 0.808594 0.125977 0.808594 0.125 0.80957 0.116211 0.80957 0.115234 0.810547 0.109375 0.810547 0.108398 0.811523 0.0996094 0.811523 0.0986328 0.8125 0.0908203 0.8125 0.0898438 0.813477 0.0888672 0.813477 0.0878906 0.814453 0.0869141 0.814453 0.0859375 0.81543 0.0839844 0.81543 0.0830078 0.816406 0.0820312 0.816406 0.0810547 0.817383 0.0791016 0.817383 0.078125 0.818359 0.0410156 0.818359 0.0380859 0.8125 0.0400391 0.810547 0.0410156 0.810547 0.0419922 0.80957 0.0439453 0.80957 0.0429688 0.80957 0.0400391 0.806641 0.0419922 0.804688 0.0429688 0.804688 0.0439453 0.803711 0.046875 0.803711 0.0478516 0.802734 0.0488281 0.802734 0.0498047 0.801758 0.0507812 0.801758 0.0537109 0.798828 0.0537109 0.794922 0.00195312 0.794922 0.00195312 0.803711 0.00585938 0.803711 0.00585938 0.802734 0.00878906 0.799805 0.0117188 0.799805 0.0126953 0.798828 0.0146484 0.798828 0.015625 0.799805 0.0195312 0.799805 0.0205078 0.800781 0.0253906 0.800781 0.0283203 0.803711 0.0283203 0.804688 0.0302734 0.806641 0.0302734 0.808594 0.03125 0.80957 0.03125 0.810547 0.0322266 0.811523 0.0332031 0.811523 0.0341797 0.8125 0.0380859 0.8125 0.920957
0 0.920898 0.293945 0.920898 0.297852 0.926758 0.297852 0.926758 0.292969 0.922852 0.292969 0.921875 0.293945 0.920898 0.293945 0.874023 0.293945 0.873047 0.293945 0.87207 0.292969 0.873047 0.285156 0.874023 0.28418 0.882812 0.28418 0.883789 0.283203 0.886719 0.283203 0.887695 0.282227 0.893555 0.282227 0.894531 0.28125 0.917969 0.28125 0.918945 0.280273 0.920898 0.280273 0.923828 0.277344 0.926758 0.277344 0.926758 0.254883 0.923828 0.254883 0.922852 0.253906 0.922852 0.251953 0.921875 0.250977 0.921875 0.245117 0.920898 0.244141 0.920898 0.238281 0.919922 0.237305 0.919922 0.225586 0.918945 0.224609 0.918945 0.21875 0.917969 0.217773 0.917969 0.213867 0.916992 0.212891 0.916992 0.208008 0.916016 0.207031 0.916016 0.205078 0.915039 0.204102 0.915039 0.203125 0.912109 0.200195 0.912109 0.199219 0.911133 0.198242 0.911133 0.196289 0.910156 0.195312 0.910156 0.182617 0.90918 0.181641 0.90918 0.172852 0.908203 0.171875 0.908203 0.166016 0.907227 0.165039 0.907227 0.157227 0.90625 0.15625 0.90625 0.150391 0.780273 0.150391 0.780273 0.15332 0.77832 0.155273 0.776367 0.155273 0.775391 0.15625 0.772461 0.15625 0.771484 0.157227 0.770508 0.157227 0.769531 0.158203 0.767578 0.158203 0.766602 0.15918 0.764648 0.15918 0.763672 0.160156 0.762695 0.160156 0.761719 0.161133 0.760742 0.161133 0.755859 0.166016 0.754883 0.166016 0.753906 0.165039 0.751953 0.165039 0.750977 0.164062 0.75 0.164062 0.749023 0.163086 0.748047 0.163086 0.74707 0.162109 0.742188 0.162109 0.741211 0.161133 0.737305 0.161133 0.736328 0.160156 0.733398 0.160156 0.732422 0.15918 0.725586 0.15918 0.724609 0.158203 0.709961 0.158203 0.708984 0.15918 0.699219 0.15918 0.698242 0.160156 0.691406 0.160156 0.69043 0.161133 0.685547 0.161133 0.68457 0.162109 0.676758 0.162109 0.675781 0.163086 0.669922 0.163086 0.668945 0.164062 0.667969 0.164062 0.666992 0.165039 0.666016 0.165039 0.665039 0.166016 0.663086 0.166016 0.662109 0.166992 0.65625 0.166992 0.655273 0.167969 0.633789 0.167969 0.632812 0.168945 0.614258 0.168945 0.613281 0.167969 0.609375 0.167969 0.608398 0.166992 0.606445 0.166992 0.604492 0.165039 0.608398 0.161133 0.608398 0.160156 0.613281 0.155273 0.613281 0.154297 0.614258 0.15332 0.614258 0.150391 0.580078 0.150391 0.580078 0.273438 0.583008 0.273438 0.583984 0.274414 0.583984 0.277344 0.584961 0.27832 0.584961 0.283203 0.585938 0.28418 0.585938 0.288086 0.586914 0.289062 0.586914 0.291016 0.587891 0.291992 0.587891 0.292969 0.589844 0.294922 0.589844 0.297852 0.658203 0.297852 0.658203 0.294922 0.65918 0.293945 0.681641 0.293945 0.682617 0.292969 0.688477 0.292969 0.689453 0.291992 0.695312 0.291992 0.696289 0.292969 0.706055 0.292969 0.707031 0.291992 0.709961 0.291992 0.710938 0.291016 0.71582 0.291016 0.716797 0.290039 0.74707 0.290039 0.748047 0.289062 0.765625 0.289062 0.766602 0.288086 0.797852 0.288086 0.798828 0.287109 0.800781 0.287109 0.801758 0.286133 0.806641 0.286133 0.807617 0.285156 0.873047 0.285156 0.87207 0.292969 0.870117 0.292969 0.869141 0.291992 0.866211 0.291992 0.865234 0.292969 0.862305 0.292969 0.860352 0.294922 0.860352 0.297852 0.874023 0.297852 0.874023 0.293945 0.908085
0 0.96582 0.912109 0.96582 0.915039 0.964844 0.916016 0.963867 0.916016 0.962891 0.916992 0.959961 0.916992 0.958984 0.917969 0.954102 0.917969 0.953125 0.918945 0.941406 0.918945 0.94043 0.919922 0.932617 0.919922 0.931641 0.920898 0.928711 0.920898 0.927734 0.921875 0.923828 0.921875 0.922852 0.922852 0.919922 0.922852 0.918945 0.923828 0.916016 0.923828 0.915039 0.924805 0.910156 0.924805 0.90918 0.925781 0.90332 0.925781 0.902344 0.926758 0.898438 0.926758 0.897461 0.927734 0.894531 0.927734 0.893555 0.928711 0.890625 0.928711 0.889648 0.929688 0.885742 0.929688 0.884766 0.930664 0.880859 0.930664 0.879883 0.931641 0.876953 0.931641 0.875977 0.932617 0.870117 0.932617 0.869141 0.933594 0.860352 0.933594 0.859375 0.93457 0.853516 0.93457 0.852539 0.935547 0.84668 0.935547 0.845703 0.936523 0.838867 0.936523 0.837891 0.9375 0.834961 0.9375 0.833984 0.938477 0.832031 0.938477 0.831055 0.939453 0.830078 0.939453 0.829102 0.94043 0.817383 0.94043 0.816406 0.941406 0.805664 0.941406 0.804688 0.942383 0.800781 0.942383 0.799805 0.943359 0.794922 0.943359 0.793945 0.944336 0.786133 0.944336 0.785156 0.945312 0.780273 0.945312 0.779297 0.946289 0.776367 0.946289 0.775391 0.947266 0.772461 0.947266 0.771484 0.948242 0.764648 0.948242 0.763672 0.949219 0.757812 0.949219 0.756836 0.950195 0.75293 0.950195 0.751953 0.951172 0.748047 0.951172 0.74707 0.952148 0.733398 0.952148 0.732422 0.953125 0.728516 0.953125 0.727539 0.954102 0.725586 0.954102 0.724609 0.955078 0.72168 0.955078 0.720703 0.956055 0.717773 0.956055 0.716797 0.957031 0.712891 0.957031 0.711914 0.958008 0.705078 0.958008 0.704102 0.958984 0.697266 0.958984 0.696289 0.959961 0.693359 0.959961 0.693359 0.999023 0.999023 0.999023 0.999023 0.912109 0.891703
0 0.766602 0.287109 0.766602 0.290039 0.765625 0.291016 0.761719 0.291016 0.760742 0.291992 0.707031 0.291992 0.706055 0.292969 0.693359 0.292969 0.692383 0.293945 0.688477 0.293945 0.6875 0.292969 0.660156 0.292969 0.65918 0.293945 0.639648 0.293945 0.638672 0.294922 0.632812 0.294922 0.631836 0.295898 0.601562 0.295898 0.600586 0.294922 0.59375 0.294922 0.591797 0.296875 0.591797 0.297852 0.59082 0.298828 0.59082 0.310547 0.591797 0.311523 0.591797 0.326172 0.592773 0.327148 0.592773 0.335938 0.59375 0.336914 0.59375 0.358398 0.594727 0.359375 0.594727 0.373047 0.595703 0.374023 0.595703 0.40332 0.594727 0.404297 0.594727 0.408203 0.595703 0.40918 0.595703 0.412109 0.59668 0.413086 0.59668 0.418945 0.802734 0.418945 0.802734 0.416016 0.803711 0.415039 0.807617 0.415039 0.808594 0.414062 0.819336 0.414062 0.820312 0.413086 0.850586 0.413086 0.851562 0.412109 0.908203 0.412109 0.90918 0.411133 0.914062 0.411133 0.915039 0.410156 0.922852 0.410156 0.923828 0.40918 0.928711 0.40918 0.929688 0.408203 0.93457 0.408203 0.93457 0.333008 0.931641 0.333008 0.930664 0.332031 0.930664 0.330078 0.929688 0.329102 0.929688 0.320312 0.928711 0.319336 0.928711 0.303711 0.927734 0.302734 0.927734 0.294922 0.926758 0.293945 0.926758 0.287109 0.855469 0.287109 0.855469 0.292969 0.854492 0.293945 0.854492 0.295898 0.851562 0.298828 0.842773 0.298828 0.841797 0.297852 0.833984 0.297852 0.833008 0.298828 0.821289 0.298828 0.820312 0.297852 0.819336 0.297852 0.818359 0.296875 0.816406 0.296875 0.813477 0.293945 0.813477 0.292969 0.814453 0.291992 0.814453 0.287109 0.88362
0 0.744141 0.00195312 0.744141 0.0830078 0.817383 0.0830078 0.817383 0.0800781 0.818359 0.0791016 0.820312 0.0791016 0.821289 0.078125 0.838867 0.078125 0.839844 0.0771484 0.849609 0.0771484 0.850586 0.0761719 0.914062 0.0761719 0.915039 0.0751953 0.920898 0.0751953 0.921875 0.0742188 0.930664 0.0742188 0.930664 0.00195312 0.926758 0.00195312 0.926758 0.015625 0.925781 0.0166016 0.925781 0.0185547 0.923828 0.0205078 0.922852 0.0195312 0.922852 0.0146484 0.921875 0.0136719 0.921875 0.00195312 0.866678
0 0.931641 0.00976562 0.93457 0.00976562 0.93457 0.00878906 0.931641 0.00878906 0.931641 0.00976562 0.926758 0.0185547 0.925781 0.0195312 0.923828 0.0195312 0.922852 0.0185547 0.922852 0.00195312 0.548828 0.00195312 0.548828 0.0869141 0.666992 0.0869141 0.666992 0.0839844 0.667969 0.0830078 0.669922 0.0830078 0.670898 0.0820312 0.673828 0.0820312 0.674805 0.0810547 0.678711 0.0810547 0.679688 0.0800781 0.685547 0.0800781 0.686523 0.0791016 0.693359 0.0791016 0.694336 0.0800781 0.701172 0.0800781 0.702148 0.0810547 0.710938 0.0810547 0.711914 0.0820312 0.717773 0.0820312 0.71875 0.0810547 0.726562 0.0810547 0.727539 0.0800781 0.744141 0.0800781 0.745117 0.0810547 0.80957 0.0810547 0.810547 0.0800781 0.81543 0.0800781 0.816406 0.0791016 0.820312 0.0791016 0.821289 0.078125 0.841797 0.078125 0.842773 0.0771484 0.851562 0.0771484 0.852539 0.0761719 0.887695 0.0761719 0.888672 0.0771484 0.911133 0.0771484 0.912109 0.0761719 0.916016 0.0761719 0.916992 0.0751953 0.921875 0.0751953 0.922852 0.0742188 0.926758 0.0742188 0.927734 0.0732422 0.928711 0.0732422 0.931641 0.0703125 0.93457 0.0703125 0.93457 0.0263672 0.931641 0.0263672 0.929688 0.0244141 0.929688 0.0214844 0.928711 0.0205078 0.928711 0.0195312 0.927734 0.0195312 0.926758 0.0185547 0.865622
0 0.00195312 0.00195312 0.00195312 0.132812 0.0449219 0.132812 0.0458984 0.131836 0.046875 0.131836 0.0478516 0.130859 0.0488281 0.130859 0.0498047 0.129883 0.0517578 0.129883 0.0517578 0.128906 0.0537109 0.126953 0.0537109 0.125 0.0546875 0.124023 0.0546875 0.123047 0.0556641 0.12207 0.0556641 0.121094 0.0566406 0.120117 0.0595703 0.120117 0.0595703 0.0888672 0.0566406 0.0888672 0.0556641 0.0878906 0.0556641 0.078125 0.0546875 0.0771484 0.0546875 0.0664062 0.0556641 0.0654297 0.0556641 0.0488281 0.0566406 0.0478516 0.0595703 0.0478516 0.0595703 0.00195312 0.853196
