577 1770 1057 1674 1131 2045 651 2141 0.9775556921958923
-134 1132 427 1011 569 1672 8 1793 0.9747931957244873
-108 585 569 380 713 856 35 1061 0.9677900671958923
516 592 977 298 1270 756 809 1050 0.9473119378089905
78 146 627 -203 949 301 399 651 0.9358302354812622
1147 125 1838 -318 2110 104 1418 548 0.9258939027786255
1363 520 1909 242 2085 587 1539 865 0.9174321889877319
1080 1669 1665 1541 1741 1887 1156 2015 0.9139825701713562
1444 1860 2002 1860 2002 2046 1444 2046 0.9049111008644104
4 172 210 172 210 448 4 448 0.885027289390564
912 971 1322 796 1478 1161 1068 1336 0.8657227158546448
1956 180 2046 180 2046 434 1956 434 0.8335622549057007
1579 938 2004 734 2258 1264 1833 1467 0.8324308395385742
4 4 154 4 154 124 4 124 0.6758577823638916
1940 1420 2046 1420 2046 1700 1940 1700 0.5789320468902588
