836 719 1231 645 1316 1096 921 1170 0.9713371992111206
4 684 350 684 350 1304 4 1304 0.9645734429359436
4 364 342 364 342 666 4 666 0.9313570261001587
1364 0 1824 0 1824 234 1364 234 0.9130088090896606
840 1232 1313 1127 1386 1458 914 1563 0.9129435420036316
427 191 970 162 995 633 452 662 0.9067556858062744
476 0 866 0 866 250 476 250 0.9032222628593445
1370 259 1857 118 1963 483 1476 624 0.9028491377830505
860 4 1346 4 1346 160 860 160 0.8777035474777222
1844 4 2046 4 2046 82 1844 82 0.8682251572608948
4 1356 338 1356 338 1928 4 1928 0.8647098541259766
948 142 1351 73 1441 604 1039 672 0.716244637966156
1956 916 2046 916 2046 1304 1956 1304 0.6004560589790344
485 1298 844 1227 908 1548 550 1620 0.5642939209938049
484 0 1346 0 1346 248 484 248 0.527855396270752
