167 1432 776 1309 868 1764 258 1886 0.9797813892364502
1028 1806 1453 1710 1529 2045 1104 2141 0.9593122601509094
4 4 344 4 344 280 4 280 0.9423022270202637
1435 1751 1774 1637 1910 2041 1571 2155 0.9421790242195129
4 1917 4 1467 217 1467 217 1917 0.9311275482177734
840 207 1312 102 1386 434 914 539 0.9145770072937012
900 4 1306 4 1306 138 900 138 0.9131324291229248
1835 1698 2044 1665 2081 1895 1872 1929 0.8681630492210388
4 332 338 332 338 912 4 912 0.8661468625068665
28 1908 980 1908 980 2046 28 2046 0.8039102554321289
1964 4 2046 4 2046 280 1964 280 0.7610622644424438
486 274 845 203 909 525 550 597 0.6424112915992737
845 201 1313 103 1383 436 914 534 0.5811078548431396
