553 937 974 728 1203 1191 782 1399 0.9638491868972778
1606 344 1875 168 2153 594 1883 769 0.9578469395637512
867 1477 1265 1236 1656 1882 1257 2123 0.9557585716247559
1932 36 2046 36 2046 312 1932 312 0.9246060848236084
80 1664 633 1532 714 1869 161 2001 0.9215115308761597
1884 1052 2046 1052 2046 1524 1884 1524 0.9140650629997253
889 154 1466 -119 1706 385 1129 659 0.9136985540390015
336 517 885 243 1060 592 511 866 0.9026805758476257
1860 1700 2046 1700 2046 2046 1860 2046 0.8999122977256775
123 122 915 -382 1186 42 394 547 0.8945701718330383
1396 1836 1954 1836 1954 2046 1396 2046 0.8888723254203796
4 416 234 416 234 894 4 894 0.8491069078445435
4 1700 106 1700 106 2046 4 2046 0.820294201374054
420 1860 978 1860 978 2046 420 2046 0.8149250745773315
-121 968 293 789 453 1161 38 1340 0.7519038915634155
1017 681 1452 502 1663 1016 1227 1195 0.6746998429298401
