907 1896 1364 1750 1458 2045 1001 2191 0.9708753824234009
704 896 1471 647 1597 1035 829 1283 0.968455970287323
1395 1132 1880 889 2100 1328 1614 1570 0.9677420854568481
414 1 967 -148 1081 272 529 422 0.9593017101287842
210 583 734 411 856 783 332 955 0.9560378789901733
1354 1736 1796 1551 1970 1966 1528 2151 0.9541941285133362
1268 4 2046 4 2046 522 1268 522 0.9449306726455688
1812 476 2046 476 2046 918 1812 918 0.862200140953064
4 0 464 0 464 810 4 810 0.8607373237609863
1820 1444 2046 1444 2046 1778 1820 1778 0.7050837278366089
4 113 4 4 113 4 113 113 0.5638242959976196
