553 1694 1055 1587 1136 1970 634 2077 0.9787453413009644
1355 711 1797 530 1961 931 1519 1112 0.9787105321884155
902 890 1362 725 1500 1110 1040 1275 0.9772087335586548
1395 108 1956 -175 2179 263 1618 547 0.9765188097953796
1423 1204 1661 1089 1916 1621 1678 1735 0.9754009246826172
1670 1087 1955 952 2209 1490 1925 1624 0.9752014875411987
1580 1716 2046 1716 2046 2046 1580 2046 0.9621205925941467
220 1612 600 1612 600 2046 220 2046 0.9040470123291016
764 0 1536 0 1536 226 764 226 0.8625370860099792
52 1612 600 1612 600 2046 52 2046 0.7483263611793518
1820 420 2046 420 2046 754 1820 754 0.689742922782898
0 1756 298 1756 298 2046 0 2046 0.5531337857246399
