1334 846 1875 503 2158 948 1617 1292 0.9807038307189941
583 1369 851 1192 1167 1672 899 1848 0.979000985622406
877 1139 1131 967 1507 1524 1253 1696 0.973349928855896
1532 1676 1791 1535 2062 2033 1803 2174 0.9526247978210449
1916 1419 2046 1419 2046 1761 1916 1761 0.938313364982605
1052 1876 1338 1876 1338 2046 1052 2046 0.8497292399406433
4 1900 74 1900 74 2046 4 2046 0.7577268481254578
-113 1193 485 931 694 1407 94 1669 0.6048511266708374
1340 1810 1714 1810 1714 2046 1340 2046 0.6013074517250061
10 1608 576 1601 582 2045 15 2052 0.5707500576972961
