583 346 849 169 1167 647 901 824 0.9788525700569153
763 1103 1240 839 1578 1451 1101 1714 0.9734941720962524
-127 1479 275 1261 620 1897 217 2115 0.9705990552902222
879 117 1133 -53 1507 500 1253 672 0.9689584970474243
-126 134 479 -127 700 383 94 645 0.9492062926292419
1204 1516 1866 1516 1866 2046 1204 2046 0.939437747001648
1543 1452 2004 1172 2377 1784 1916 2065 0.9365143179893494
1916 396 2046 396 2046 730 1916 730 0.936508059501648
1535 659 1791 511 2136 1111 1880 1259 0.9098904132843018
372 1836 908 1836 908 2046 372 2046 0.9058352708816528
1460 4 1784 4 1784 218 1460 218 0.8148974180221558
4 1254 4 876 169 876 169 1254 0.7301105856895447
4 4 146 4 146 120 4 120 0.5990515947341919
