224 1089 832 781 1109 1327 501 1635 0.9801127910614014
801 134 1289 -121 1578 428 1091 685 0.9777653813362122
-125 454 276 236 619 869 217 1087 0.9723124504089355
1564 188 2046 188 2046 986 1564 986 0.9475744962692261
1201 676 1545 458 1898 1015 1554 1233 0.9470596313476562
769 1604 1401 1298 1508 1520 877 1826 0.944657027721405
4 1716 530 1716 530 2046 4 2046 0.9416906833648682
4 4 170 4 170 230 4 230 0.9179197549819946
1510 1870 1858 1697 2027 2038 1678 2211 0.9177929162979126
1324 1716 2018 1716 2018 2046 1324 2046 0.9033448100090027
1664 1203 1985 1045 2208 1498 1887 1655 0.8836178779602051
933 1832 1560 1521 1696 1796 1069 2107 0.7524088025093079
1188 1892 1570 1892 1570 2046 1188 2046 0.6621727347373962
