451 1425 1121 1139 1295 1545 625 1832 0.9778881072998047
1572 1444 2046 1444 2046 2046 1572 2046 0.9677327871322632
1117 1153 1466 1015 1660 1505 1312 1644 0.9666614532470703
812 1604 1666 1604 1666 2046 812 2046 0.9646340012550354
458 859 834 672 1033 1075 657 1261 0.9632136225700378
412 4 846 4 846 138 412 138 0.9535015225410461
-86 495 386 270 493 495 20 720 0.9285377860069275
628 192 916 -3 1205 421 917 617 0.926905632019043
1514 942 1982 808 2149 1394 1682 1528 0.9243922233581543
163 1038 509 856 697 1212 350 1394 0.9141696095466614
4 1396 326 1396 326 1758 4 1758 0.9038212299346924
4 182 82 182 82 342 4 342 0.688068151473999
1962 588 2046 588 2046 820 1962 820 0.5868399143218994
-62 827 523 493 669 749 83 1084 0.526993453502655
