451 401 1120 114 1295 522 626 809 0.9779888987541199
1356 1215 1740 1122 1853 1590 1469 1683 0.9759416580200195
790 720 1583 552 1685 1032 892 1201 0.9694907665252686
1116 126 1464 -11 1660 481 1312 620 0.9694036841392517
180 1610 824 1397 976 1859 333 2071 0.9661334156990051
1556 464 2045 414 2106 1008 1617 1059 0.964914858341217
4 372 326 372 326 734 4 734 0.9529378414154053
1548 0 2046 0 2046 490 1548 490 0.9378408789634705
1357 1750 1893 1647 1970 2045 1434 2149 0.9339069128036499
564 4 994 4 994 210 564 210 0.9122434854507446
1820 1156 2046 1156 2046 1682 1820 1682 0.8778800964355469
998 1278 1309 1156 1497 1636 1186 1758 0.8540621399879456
4 2046 4 1668 287 1668 287 2046 0.8479487895965576
4 1194 104 1194 104 1562 4 1562 0.7224520444869995
10 1093 423 898 630 1339 218 1533 0.6149533987045288
132 4 642 4 642 340 132 340 0.5990952253341675
1820 1148 2046 1148 2046 2042 1820 2042 0.57571941614151
180 339 180 0 969 0 969 339 0.5338127017021179
