1196 788 1674 788 1674 1290 1196 1290 0.9614885449409485
-26 318 389 299 419 961 4 980 0.9607380032539368
1179 1793 1179 1331 1729 1331 1729 1793 0.955597460269928
1212 4 1666 4 1666 738 1212 738 0.9410936832427979
1828 1355 1828 515 2046 516 2046 1355 0.9268076419830322
1804 4 2046 4 2046 522 1804 522 0.9165753722190857
4 996 370 996 370 1362 4 1362 0.9158104658126831
428 4 1210 4 1210 562 428 562 0.9140000343322754
1164 1828 1706 1828 1706 2046 1164 2046 0.90775465965271
4 2046 4 1764 449 1764 449 2046 0.868630051612854
1892 1948 2046 1948 2046 2046 1892 2046 0.7542544603347778
1852 1372 2046 1372 2046 1970 1852 1970 0.5153427720069885
