1099 4 1465 4 1465 369 1099 369 0.9536994695663452
1948 884 2046 884 2046 1194 1948 1194 0.9389814734458923
1884 76 2046 76 2046 481 1884 481 0.9245321154594421
1124 902 1486 858 1537 1284 1175 1327 0.9140400290489197
710 613 1094 575 1170 1343 786 1380 0.8567751049995422
4 844 250 844 250 1170 4 1170 0.8478754758834839
1115 626 1468 587 1493 810 1140 849 0.8280380368232727
4 844 281 844 281 1550 4 1550 0.8225386738777161
4 484 338 484 338 834 4 834 0.8103885054588318
1437 6 1679 -18 1713 308 1471 333 0.7167204022407532
4 1155 281 1155 281 1545 4 1545 0.6690479516983032
1644 1564 2046 1564 2046 2046 1644 2046 0.6005294919013977
1988 500 2046 500 2046 754 1988 754 0.5094336867332458
