4 356 394 356 394 1146 4 1146 0.9551327228546143
4 1204 458 1204 458 1776 4 1776 0.9533305168151855
509 1508 1066 1432 1147 2034 591 2110 0.9393746256828308
4 1820 554 1820 554 2046 4 2046 0.9263213872909546
340 344 892 266 1048 1373 496 1451 0.902862548828125
1020 4 2046 4 2046 298 1020 298 0.9008830189704895
132 4 914 4 914 212 132 212 0.8999338150024414
1236 1780 1970 1780 1970 2046 1236 2046 0.8852769136428833
1964 340 2046 340 2046 730 1964 730 0.8305519819259644
4 4 330 4 330 280 4 280 0.7258048057556152
1972 1697 1972 1251 2046 1251 2046 1697 0.6759649515151978
