1573 105 1894 -14 2117 587 1796 706 0.9715069532394409
1243 255 1561 141 1768 718 1450 832 0.9691280722618103
775 467 1228 303 1418 825 965 989 0.9688448905944824
583 1180 898 1074 1166 1867 850 1974 0.9619169235229492
585 4 932 -86 1059 399 712 490 0.9605482220649719
182 1280 574 1170 763 1843 371 1953 0.9538320899009705
1191 1013 1655 867 1923 1720 1459 1865 0.9494631886482239
424 586 729 469 924 972 619 1090 0.9491344690322876
990 19 1342 -121 1466 186 1113 327 0.9315471053123474
-182 779 441 575 629 1152 5 1356 0.9165192246437073
1436 4 1750 4 1750 122 1436 122 0.8722724914550781
130 35 557 -60 692 537 265 633 0.8521973490715027
4 196 250 196 250 698 4 698 0.8426235914230347
1692 756 2046 756 2046 1138 1692 1138 0.7964202165603638
42 673 493 572 620 1142 169 1243 0.6008294224739075
1724 759 2046 759 2046 1753 1724 1753 0.5126051306724548
