291 1717 316 1275 1127 1321 1102 1762 0.9762800335884094
239 1286 291 499 1146 555 1095 1342 0.9718589186668396
1626 102 2045 54 2094 483 1675 531 0.967825710773468
570 225 602 -31 893 4 861 262 0.9303147196769714
1260 1820 1994 1820 1994 2046 1260 2046 0.9284712672233582
1636 540 2046 540 2046 800 1636 800 0.9058759808540344
247 473 266 209 1128 271 1110 534 0.894978940486908
1228 756 2010 756 2010 1882 1228 1882 0.8244365453720093
1103 571 1117 285 1565 307 1552 593 0.7587965130805969
4 1193 4 100 197 100 197 1193 0.6699211597442627
