1236 901 1942 874 1957 1278 1252 1305 0.982765257358551
4 348 458 348 458 732 4 732 0.9643768668174744
1616 1336 2020 1299 2069 1830 1664 1867 0.9634919762611389
1187 849 1187 299 1921 299 1921 849 0.9630106091499329
-16 1226 542 1196 566 1638 6 1668 0.9250437021255493
4 1636 616 1636 616 2046 4 2046 0.9231227040290833
1124 4 1906 4 1906 178 1124 178 0.9209688305854797
1420 1868 2046 1868 2046 2046 1420 2046 0.9117864966392517
412 321 412 4 991 4 991 321 0.7714590430259705
4 4 122 4 122 282 4 282 0.663818895816803
