593 140 1186 23 1268 444 676 561 0.9635136723518372
1198 51 1833 -63 1903 319 1268 434 0.9579699039459229
944 1191 1073 719 2104 1000 1975 1472 0.925089418888092
236 1820 962 1820 962 2046 236 2046 0.9191516637802124
4 1388 82 1388 82 1762 4 1762 0.891121506690979
4 284 98 284 98 530 4 530 0.8406031131744385
204 756 986 756 986 1882 204 1882 0.8216424584388733
73 563 93 278 547 309 527 595 0.7157508730888367
0 540 110 540 110 1336 0 1336 0.6562948226928711
780 428 2046 428 2046 818 780 818 0.6537278294563293
1036 1876 1498 1876 1498 2046 1036 2046 0.6218669414520264
