212 901 918 874 934 1278 228 1305 0.9805842638015747
1564 4 2046 4 2046 282 1564 282 0.975074291229248
566 1344 983 1275 1070 1801 653 1871 0.9697009921073914
164 300 898 300 898 858 164 858 0.9606422781944275
1150 1633 1644 1539 1729 1987 1234 2080 0.9567010998725891
1020 385 2035 251 2122 907 1106 1041 0.9531503915786743
1672 1557 2044 1484 2127 1912 1756 1984 0.9524601697921753
100 4 882 4 882 177 100 177 0.9267196655273438
396 1860 1122 1860 1122 2046 396 2046 0.9068694710731506
1711 1304 2044 1228 2095 1451 1762 1527 0.7998345494270325
1634 1097 1939 988 2019 1212 1714 1320 0.5854445695877075
1676 1044 2046 1044 2046 1522 1676 1522 0.5775130391120911
