1270 121 1777 14 1884 515 1377 622 0.9773147106170654
567 972 943 915 1036 1525 659 1582 0.960040271282196
628 1764 1194 1764 1194 2046 628 2046 0.9599029421806335
437 307 1143 190 1254 855 548 972 0.9545502066612244
973 907 1286 855 1385 1455 1073 1507 0.9400098323822021
1836 4 2046 4 2046 482 1836 482 0.9380504488945007
1548 980 2046 980 2046 1466 1548 1466 0.934856116771698
412 4 1138 4 1138 282 412 282 0.9099761843681335
4 2046 4 1884 505 1884 505 2046 0.6216598153114319
804 4 1138 4 1138 210 804 210 0.5807036757469177
1411 593 2041 544 2072 947 1442 996 0.549646258354187
1244 1780 2034 1780 2034 2046 1244 2046 0.538346529006958
