10118 1388 11772 1388 11772 2857 10118 2857
11539 7174 13315 7174 13315 8438 11539 8438
1849 4614 3087 4614 3087 6233 1849 6233
11657 4640 13289 4640 13289 5673 11657 5673
10579 11782 12227 11782 12227 12796 10579 12796
10668 4102 12681 4102 12681 4879 10668 4879
15314 9003 17246 8877 17292 9588 15360 9714
6931 3580 6931 2347 8025 2347 8025 3580
3584 7430 5244 7430 5244 8188 3584 8188
7378 4931 7378 3820 8450 3820 8450 4931
15648 11052 17009 11052 17009 11894 15648 11894
13177 2080 14220 2080 14220 3164 13177 3164
15498 8048 16938 8048 16938 8796 15498 8796
8838 11108 8838 10246 10081 10246 10081 11108
8685 2769 9501 2513 9872 3698 9055 3953
11091 9212 11091 8147 12022 8147 12022 9212
4140 8480 5068 8480 5068 9500 4140 9500
8198 9529 9564 9529 9564 10217 8198 10217
3936 2807 3936 2035 5074 2035 5074 2807
4614 10668 5315 10668 5315 11900 4614 11900
8876 2166 8876 1536 10236 1536 10236 2166
14271 8372 15525 8204 15610 8838 14356 9006
11142 4111 11142 3360 12185 3360 12185 4111
14521 9734 15887 9734 15887 10307 14521 10307
5260 11021 5999 10927 6129 11947 5390 12042
9004 11129 10204 11129 10204 11766 9004 11766
8723 12102 9935 12102 9935 12726 8723 12726
4460 9555 5135 9555 5135 10665 4460 10665
2476 9030 4092 9030 4092 9487 2476 9487
9107 2566 10473 2566 10473 3087 9107 3087
6358 7411 6433 6606 7298 6686 7223 7492
9747 6880 10883 6880 10883 7491 9747 7491
16071 9657 17531 9657 17531 10127 16071 10127
5945 3590 6761 3590 6761 4419 5945 4419
3667 10358 3667 9542 4483 9542 4483 10358
3936 11907 3936 11039 4687 11040 4687 11907
9847 12806 10754 12785 10771 13474 9863 13495
5355 2091 6018 1900 6271 2768 5607 2960
15161 11776 15892 11776 15892 12623 15161 12623
5839 7686 6364 7686 6364 8822 5839 8822
9465 1030 10236 1030 10236 1795 9465 1795
6931 3244 7676 3244 7676 4035 6931 4035
12588 3639 13285 3205 13664 3814 12966 4248
7379 6905 8156 6905 8156 7657 7379 7657
5267 13152 6140 13152 6140 13820 5267 13820
9977 774 10793 774 10793 1487 9977 1487
8172 7529 8172 6969 9193 6969 9193 7529
3655 3629 4568 3544 4626 4163 3713 4248
1619 10732 2153 10732 2153 11791 1619 11791
13715 4000 14441 4000 14441 4751 13715 4751
7622 12188 7622 11488 8399 11488 8399 12188
5971 6252 6351 6252 6351 7676 5971 7676
14925 6659 15910 6480 16007 7010 15021 7189
3950 2779 5071 2619 5138 3088 4017 3248
1748 6806 2123 6782 2214 8187 1840 8211
9683 7840 10563 7840 10563 8438 9683 8438
4435 13040 5110 13040 5110 13798 4435 13798
11679 6112 12384 6112 12384 6822 11679 6822
8416 13666 8416 13049 9212 13049 9212 13666
14073 4137 14073 3500 14844 3500 14844 4137
4614 3475 5750 3475 5750 3907 4614 3907
6367 14402 6367 13361 6838 13361 6838 14402
2097 10797 2532 10774 2590 11892 2155 11914
11820 6803 12598 6803 12598 7427 11820 7427
6746 5176 7460 5082 7548 5747 6834 5841
15561 10748 15561 10156 16366 10156 16366 10748
2566 11168 3228 11168 3228 11881 2566 11881
4947 12115 5475 12115 5475 12995 4947 12995
6227 11996 6227 11308 6902 11308 6902 11996
10963 5353 10963 4793 11791 4793 11791 5353
1824 2054 2383 2054 2383 2883 1824 2883
8378 3468 9042 3275 9226 3908 8562 4100
5126 9107 6262 9107 6262 9507 5126 9507
12128 3702 12128 3072 12841 3072 12841 3702
1798 12687 1798 12051 2499 12051 2499 12687
13781 5628 14540 5503 14633 6069 13874 6193
13740 11270 14518 11270 14518 11830 13740 11830
12499 6560 13238 6560 13238 7145 12499 7145
14953 10272 15615 10272 15615 10921 14953 10921
13076 11597 13704 11549 13755 12219 13127 12267
1462 3205 2226 3173 2248 3715 1485 3746
7340 9516 8054 9516 8054 10089 7340 10089
5536 12294 6140 12294 6140 12969 5536 12969
13069 5841 13862 5665 13970 6152 13177 6329
14855 6512 14855 6150 15965 6150 15965 6512
12038 9212 12038 8620 12713 8620 12713 9212
14496 11171 14969 11147 15010 11989 14537 12012
12141 2157 12625 1837 12999 2403 12515 2723
6355 9068 7158 9068 7158 9551 6355 9551
13843 5126 14604 5126 14604 5622 13843 5622
7276 8928 8079 8928 8079 9398 7276 9398
12714 9194 13309 9059 13445 9656 12850 9792
3910 10425 4547 10425 4547 11011 3910 11011
11264 8966 11983 8966 11983 9481 11264 9481
6424 7858 6458 7417 7290 7482 7256 7923
2783 3433 2783 2579 3215 2579 3215 3433
7353 8905 7355 8414 8106 8418 8103 8909
6380 4294 6915 4294 6915 4982 6380 4982
1388 12755 2044 12755 2044 13308 1388 13308
6693 4130 7057 4035 7303 4966 6940 5062
15017 5393 15588 5364 15620 5993 15049 6022
3072 12796 3072 12064 3561 12064 3561 12796
15360 7123 16098 7123 16098 7606 15360 7606
12596 1873 13156 1507 13446 1948 12886 2315
8198 7004 8198 6662 9231 6662 9231 7004
14086 6296 14721 6155 14838 6684 14203 6825
10848 2809 11433 2809 11433 3407 10848 3407
6303 3702 6303 3052 6838 3052 6838 3702
12819 2579 13308 2579 13308 3286 12819 3286
10259 10950 10819 10950 10819 11561 10259 11561
6752 5740 7606 5740 7606 6140 6752 6140
14765 9019 15196 8943 15331 9708 14899 9784
12294 3564 12796 3564 12796 4239 12294 4239
11616 13402 12086 13402 12086 14115 11616 14115
10668 10886 11260 10886 11260 11446 10668 11446
12724 5467 13414 5227 13563 5654 12873 5895
1809 2902 2267 2853 2343 3567 1885 3616
5088 2489 5673 2489 5673 3049 5088 3049
13830 12790 13830 12294 14479 12294 14479 12790
7773 13104 8327 13026 8407 13595 7853 13673
8774 2575 8774 2092 9436 2092 9436 2575
7385 8415 7405 7963 8110 7994 8090 8446
13301 7846 13878 7721 13992 8247 13414 8372
2848 3667 3580 3667 3580 4099 2848 4099
15197 11065 15632 11065 15632 11791 15197 11791
13441 10187 14295 10113 14327 10478 13473 10552
7093 13314 7673 13246 7736 13774 7155 13843
3193 2566 3580 2566 3580 3369 3193 3369
6726 2911 7209 2911 7209 3548 6726 3548
13617 6785 14153 6666 14273 7209 13737 7328
2398 2694 2767 2681 2796 3508 2428 3521
13545 1974 13545 1542 14249 1542 14249 1974
7379 10092 8105 10092 8105 10508 7379 10508
14406 9107 14851 9107 14851 9782 14406 9782
6024 10476 6681 10388 6741 10837 6085 10925
11417 12816 11890 12733 11997 13341 11524 13424
7174 13838 7759 13838 7759 14343 7174 14343
12653 8616 13193 8510 13295 9023 12754 9130
11588 5824 12028 5633 12267 6184 11827 6375
15872 12729 16951 12729 16951 12995 15872 12995
5870 3308 6393 3187 6513 3708 5990 3829
10473 7980 11019 7791 11182 8259 10636 8449
6137 10873 6774 10873 6774 11318 6137 11318
1379 6663 1691 6641 1756 7540 1444 7563
8697 8864 9551 8864 9551 9193 8697 9193
7542 11174 8248 11048 8317 11432 7611 11559
13433 5660 13433 5126 13955 5126 13955 5660
11974 13340 11974 12819 12508 12819 12508 13340
9241 12951 9803 12836 9901 13310 9338 13426
14336 6726 14876 6726 14876 7235 14336 7235
14078 7862 14593 7741 14712 8246 14197 8367
8346 6191 8990 6052 9077 6455 8433 6594
11140 5995 11601 5837 11781 6363 11319 6521
9784 3834 10348 3700 10456 4155 9892 4289
8436 11378 8942 11271 9049 11779 8543 11886
10758 7881 10758 7366 11279 7366 11279 7881
6611 4150 6611 3564 7068 3564 7068 4150
8736 9171 9548 9171 9548 9500 8736 9500
8756 4132 9320 3968 9447 4405 8883 4568
8186 2916 8621 2762 8813 3306 8377 3460
3155 1977 3753 1977 3753 2422 3155 2422
8312 10847 8878 10732 8970 11182 8404 11298
4396 12102 4905 12102 4905 12623 4396 12623
1542 5628 1542 4793 1859 4793 1859 5628
2604 13933 3011 13933 3011 14574 2604 14574
8646 8569 9539 8569 9539 8860 8646 8860
15872 13430 15872 13049 16550 13049 16550 13430
14542 7231 15051 7159 15121 7642 14611 7715
7756 6285 8349 6157 8437 6561 7844 6690
15278 13020 15278 12639 15937 12640 15937 13020
2004 10154 2373 10091 2485 10746 2116 10809
6406 6671 6406 6380 7260 6380 7260 6671
12384 12800 12796 12800 12796 13402 12384 13402
7728 12232 8112 12169 8214 12793 7830 12856
14252 5014 14252 4614 14867 4614 14867 5014
2540 10758 3126 10758 3126 11177 2540 11177
4396 12588 4982 12588 4982 13007 4396 13007
14508 12051 14991 12051 14991 12559 14508 12559
7699 3168 8037 3035 8279 3651 7942 3784
6380 5139 6799 5139 6799 5711 6380 5711
12634 12306 13128 12259 13174 12738 12679 12785
8574 11827 9158 11797 9179 12203 8595 12233
8279 5812 8885 5688 8962 6063 8355 6187
7698 10568 8116 10466 8245 10997 7828 11099
10718 6827 11298 6700 11383 7085 10802 7212
13652 6328 14143 6253 14214 6718 13723 6793
10914 7905 11426 7696 11585 8086 11073 8295
1924 9499 2282 9466 2339 10104 1981 10137
10246 8275 10639 8275 10639 8847 10246 8847
9721 8364 10204 8364 10204 8822 9721 8822
14611 5446 14979 5446 14979 6044 14611 6044
12864 4195 13154 4005 13495 4521 13205 4712
7379 7686 8188 7686 8188 7951 7379 7951
6060 9555 6607 9555 6607 9945 6060 9945
10045 10149 10607 10026 10686 10388 10125 10511
8130 12164 8477 12113 8565 12711 8218 12762
13370 9229 13856 9127 13944 9543 13458 9646
10605 8406 11060 8317 11145 8750 10690 8840
10315 3713 10874 3570 10962 3911 10403 4055
13164 12649 13164 12255 13673 12255 13673 12649
13190 7462 13691 7351 13775 7727 13273 7838
2515 12064 2831 12064 2831 12687 2515 12687
1401 7622 1795 7622 1795 8118 1401 8118
14496 13095 14496 12800 15145 12800 15145 13095
6265 12806 6652 12806 6652 13300 6265 13300
9641 7592 10196 7499 10250 7828 9696 7920
12323 6226 12775 6102 12880 6485 12428 6609
14227 7721 14227 7264 14633 7264 14633 7721
10046 8911 10437 8835 10525 9289 10135 9366
6720 13219 7091 13182 7140 13673 6769 13710
11036 10918 11361 10845 11480 11372 11155 11446
15260 7929 15889 7818 15938 8094 15308 8205
12032 5646 12470 5438 12629 5771 12191 5979
2745 2003 3126 2003 3126 2460 2745 2460
1427 8108 1807 8108 1807 8566 1427 8566
10912 12800 11420 12800 11420 13139 10912 13139
10050 9411 10531 9308 10604 9647 10123 9750
14483 13088 15011 13088 15011 13404 14483 13404
12934 13519 12934 13075 13308 13075 13308 13519
11948 2723 11948 2233 12284 2233 12284 2723
6739 6035 7164 6035 7164 6412 6739 6412
3347 11868 3347 11615 3971 11615 3971 11868
9248 11782 9724 11782 9724 12111 9248 12111
13856 7355 14164 7259 14304 7710 13995 7805
11012 13249 11436 13132 11527 13460 11103 13578
9677 9435 10031 9346 10126 9729 9772 9817
10182 3078 10665 3078 10665 3369 10182 3369
9222 614 9222 159 9526 160 9526 614
11133 13579 11389 13537 11473 14046 11217 14088
2476 12742 2895 12742 2895 13059 2476 13059
6150 14059 6374 14059 6374 14648 6150 14648
1952 3884 2556 3884 2556 4092 1952 4092
10464 4588 10748 4588 10748 5020 10464 5020
13318 6355 13724 6355 13724 6652 13318 6652
7174 6419 7670 6419 7670 6652 7174 6652
7776 6675 8188 6675 8188 6953 7776 6953
3590 2400 3830 2400 3830 2867 3590 2867
5632 3584 5776 3584 5776 4342 5632 4342
12252 9729 12741 9563 12807 9758 12317 9925
70 4268 387 4268 387 4604 70 4604
2040 13136 2433 13107 2452 13376 2058 13405
10656 3910 11200 3910 11200 4092 10656 4092
15174 12800 15356 12800 15356 13285 15174 13285
14675 7763 14844 7763 14844 8271 14675 8271
6117 13793 6344 13772 6378 14130 6150 14151
1939 9423 1939 9222 2281 9222 2281 9423
9862 2387 10236 2387 10236 2556 9862 2556
11782 2134 11958 2134 11958 2480 11782 2480
12345 3068 12345 2912 12611 2912 12611 3068
15360 13280 15571 13280 15571 13430 15360 13430
15571 6073 15876 6073 15876 6140 15571 6140
12192 9222 12284 9222 12284 9334 12192 9334
