1 8781 556 11771 556 11771 4095 8781 4095
1 8147 10242 11119 10242 11119 12763 8147 12763
1 14291 7755 16935 7646 16988 8931 14344 9040
1 10578 11781 12485 11781 12485 13541 10578 13541
1 11177 4758 13308 4758 13308 6142 11177 6142
1 6146 2564 7905 2564 7905 4095 6146 4095
1 11539 7174 13340 7174 13340 8438 11539 8438
0 1824 4627 3100 4627 3100 6233 1824 6233
1 14848 9650 16357 9650 16357 10921 14848 10921
1 7366 6918 8700 6918 8700 8233 7366 8233
0 9962 9728 11260 9728 11260 10985 9962 10985
0 15628 11024 16965 10894 17058 11851 15721 11981
0 3628 8188 3628 7430 5327 7430 5327 8188
0 7635 11500 8566 11500 8566 12790 7635 12790
0 7365 3833 8432 3833 8432 4905 7365 4905
0 13177 2080 14220 2080 14220 3164 13177 3164
0 12294 12662 12294 11264 13097 11264 13097 12662
1 4409 12115 5116 12115 5116 13686 4409 13686
1 5957 8824 5961 6222 6380 6223 6376 8825
0 5481 4462 6093 4400 6267 6109 5655 6171
0 15872 8915 17308 8915 17308 9641 15872 9641
1 8198 9529 9551 9529 9551 10268 8198 10268
1 14848 8991 16071 8991 16071 9756 14848 9756
1 12222 3820 13284 3191 13669 3841 12607 4470
0 4153 8492 5062 8492 5062 9475 4153 9475
0 5954 3586 6812 3586 6812 4607 5954 4607
0 10246 3936 11037 3936 11037 5005 10246 5005
0 3936 2028 5059 2028 5059 2767 3936 2767
0 13382 1987 13382 1030 14249 1030 14249 1987
0 4550 3542 5714 3422 5783 4092 4619 4212
1 13868 5139 14633 5139 14633 6159 13868 6159
0 5273 11016 6019 10936 6127 11950 5381 12030
1 5484 1952 6249 1952 6249 2934 5484 2934
0 6188 12284 6188 11296 6927 11296 6927 12284
0 6419 7475 6419 6649 7286 6649 7286 7475
0 16071 9657 17531 9657 17531 10140 16071 10140
0 9689 6887 10793 6708 10894 7330 9790 7509
1 4595 10734 5153 10654 5329 11884 4771 11964
1 7366 8911 7366 7968 8105 7968 8105 8911
1 3914 11051 4619 10942 4766 11895 4061 12004
0 3647 9546 4383 9446 4506 10347 3770 10447
0 11500 3884 12367 3884 12367 4623 11500 4623
1 12051 4422 12943 4422 12943 5135 12051 5135
0 5024 2067 5673 2067 5673 3046 5024 3046
0 14931 6657 16073 6465 16164 7006 15022 7198
0 4430 9558 4993 9484 5139 10589 4576 10663
0 9844 12805 10681 12692 10777 13405 9940 13518
1 7776 6979 7776 6572 9225 6572 9225 6979
0 1619 10720 2153 10720 2153 11791 1619 11791
1 7379 2336 8028 2336 8028 3190 7379 3190
0 11264 8147 11830 8147 11830 9116 11264 9116
1 8710 8864 9564 8864 9564 9500 8710 9500
0 1740 6806 2123 6776 2235 8184 1852 8214
0 5126 9107 6275 9107 6275 9577 5126 9577
0 9683 8451 9683 7840 10563 7840 10563 8451
1 11680 6070 12392 6070 12392 6822 11680 6822
0 4012 2758 5116 2758 5116 3241 4012 3241
1 14073 3513 14844 3513 14844 4204 14073 4204
0 2051 10805 2498 10747 2640 11839 2193 11897
0 6060 10425 6652 10425 6652 11260 6060 11260
0 6278 13373 6738 13326 6847 14389 6387 14436
1 4921 12115 5481 12115 5481 12995 4921 12995
0 5433 12137 5990 12032 6148 12870 5591 12975
1 6406 6048 7164 6048 7164 6671 6406 6671
0 6748 5173 7462 5083 7544 5734 6830 5824
0 3692 3577 4604 3577 4604 4092 3692 4092
0 8391 13109 9191 13030 9248 13611 8448 13690
0 12885 13167 13705 13024 13801 13573 12981 13716
0 10469 7977 11315 7685 11484 8174 10638 8466
0 2553 11157 3115 11061 3250 11851 2688 11947
0 12004 3286 12477 2858 12955 3387 12482 3815
0 14075 6301 14787 6141 14922 6741 14210 6901
0 7801 13069 8188 13069 8188 14223 7801 14223
1 1785 12051 2486 12051 2486 12684 1785 12684
1 11757 6848 12434 6648 12608 7236 11931 7436
0 12499 7145 12499 6560 13238 6560 13238 7145
0 11180 9500 11180 8966 11983 8966 11983 9500
1 2489 9043 3580 9043 3580 9436 2489 9436
0 13300 6387 14042 6193 14182 6729 13440 6923
0 7328 10089 7328 9516 8067 9516 8067 10089
0 13100 11577 13724 11577 13724 12252 13100 12252
0 6741 13314 7093 13274 7224 14442 6872 14482
1 12806 2566 13379 2566 13379 3289 12806 3289
0 14252 4332 14844 4332 14844 5017 14252 5017
0 10464 4614 11484 4614 11484 5007 10464 5007
1 13077 5835 13860 5663 13967 6152 13184 6324
0 5804 889 6140 889 6140 2076 5804 2076
0 1394 12781 2025 12743 2063 13372 1432 13410
0 1757 2869 2260 2813 2347 3593 1844 3649
0 3899 10439 4551 10397 4590 11002 3938 11044
0 12140 2153 12629 1830 13001 2394 12512 2717
0 12716 9199 13308 9058 13457 9683 12865 9824
0 14521 11996 14521 11168 14991 11168 14991 11996
1 5254 13152 5711 13152 5711 14003 5254 14003
1 7264 8927 8079 8927 8079 9398 7264 9398
0 13314 5126 13942 5126 13942 5725 13314 5725
0 15017 5398 15587 5358 15632 6006 15062 6046
0 13830 3987 14428 3987 14428 4604 13830 4604
0 1376 6086 1718 6086 1718 7164 1376 7164
1 8375 3464 8909 3307 9093 3933 8559 4090
0 13607 6682 14167 6589 14272 7219 13712 7312
0 6426 7855 6458 7418 7277 7478 7245 7915
0 7558 11078 8310 11078 8310 11548 7558 11548
0 10621 8776 10621 8228 11263 8228 11263 8776
0 3193 2464 3580 2464 3580 3369 3193 3369
0 15360 7123 16103 7123 16103 7593 15360 7593
0 12014 8792 12562 8592 12767 9154 12219 9354
0 12593 1879 13133 1519 13429 1963 12889 2323
0 8755 4139 9333 3979 9486 4532 8908 4692
0 2762 2588 3166 2560 3224 3408 2820 3436
0 8710 7814 9628 7814 9628 8188 8710 8188
0 10628 4030 11172 3873 11340 4455 10796 4612
0 12371 12729 12943 12729 12943 13327 12371 13327
1 10592 7388 11260 7388 11260 7900 10592 7900
0 8236 2809 8783 2809 8783 3404 8236 3404
1 13441 10187 14295 10113 14327 10487 13473 10561
0 15229 11782 15892 11782 15892 12265 15229 12265
0 7021 13283 7654 13181 7733 13671 7100 13773
0 2579 13904 3011 13904 3011 14633 2579 14633
1 11127 13462 11649 13462 11649 14062 11127 14062
0 14406 9094 14851 9094 14851 9795 14406 9795
0 13292 7856 13771 7662 13998 8222 13519 8416
0 12933 4133 13480 4133 13480 4692 12933 4692
1 15165 11068 15572 11047 15610 11781 15203 11802
0 8346 6198 8986 6048 9089 6487 8449 6637
0 7380 10115 8087 10078 8109 10496 7402 10533
0 14497 12581 15120 12581 15120 13055 14497 13055
0 15872 12729 16929 12729 16929 13007 15872 13007
0 6716 4246 7044 4133 7320 4936 6992 5049
0 13202 7310 13773 7310 13773 7821 13202 7821
0 11174 5853 11733 5853 11733 6372 11174 6372
0 5872 3311 6395 3193 6512 3712 5989 3830
0 12656 8602 13184 8506 13279 9029 12751 9125
0 7174 13838 7772 13838 7772 14308 7174 14308
0 6214 12931 6214 12294 6652 12294 6652 12931
0 9231 12968 9787 12831 9903 13301 9347 13438
0 13740 11308 14332 11308 14332 11772 13740 11772
0 3155 1964 3753 1964 3753 2422 3155 2422
0 2041 10246 2556 10246 2556 10777 2041 10777
0 1888 8710 2268 8710 2268 9423 1888 9423
0 8646 8569 9564 8569 9564 8860 8646 8860
0 15262 12627 15941 12627 15941 13020 15262 13020
0 7694 10494 8114 10402 8247 11007 7827 11099
0 14285 6738 14836 6738 14836 7220 14285 7220
0 15360 6073 16056 6073 16056 6454 15360 6454
0 9670 8364 10204 8364 10204 8860 9670 8860
0 7754 6290 8345 6156 8441 6578 7850 6712
0 6332 4410 6731 4293 6908 4897 6509 5014
1 14533 7252 15048 7146 15146 7621 14631 7727
0 1542 4793 1846 4793 1846 5628 1542 5628
0 14508 12051 14991 12051 14991 12572 14508 12572
0 8710 7529 8710 6995 9180 6995 9180 7529
0 11930 2222 12413 2222 12413 2741 11930 2741
0 2528 10758 3126 10758 3126 11177 2528 11177
1 15262 12255 15941 12255 15941 12623 15262 12623
1 11622 13358 12173 13358 12173 13809 11622 13809
0 6931 5740 7606 5740 7606 6108 6931 6108
0 6656 9068 7158 9068 7158 9551 6656 9551
1 6380 5139 6799 5139 6799 5711 6380 5711
0 11046 10862 11461 10862 11461 11433 11046 11433
0 12290 6207 12728 6007 12932 6453 12494 6653
0 8281 5808 8893 5694 8962 6066 8350 6180
0 11436 7066 11913 6976 12002 7447 11525 7537
0 13365 9183 13847 9082 13944 9543 13462 9644
0 7705 3170 8031 3044 8268 3655 7942 3781
0 1923 9505 2282 9473 2338 10105 1979 10137
1 14823 6119 15352 6025 15425 6438 14896 6532
0 10732 6827 11291 6709 11372 7092 10813 7210
0 9708 9388 10236 9388 10236 9807 9708 9807
0 10176 8286 10572 8231 10648 8775 10252 8830
0 14611 6044 14611 5433 14966 5433 14966 6044
0 2401 3227 2415 2664 2800 2674 2786 3237
0 9674 7526 10245 7526 10245 7905 9674 7905
0 6060 9555 6607 9555 6607 9945 6060 9945
0 10070 9338 10585 9338 10585 9741 10070 9741
0 2515 12063 2844 12063 2844 12687 2515 12687
0 10023 8911 10451 8830 10538 9290 10110 9371
0 13164 12255 13686 12255 13686 12636 13164 12636
0 13826 9682 14269 9682 14269 10129 13826 10129
0 1498 3257 1921 3257 1921 3720 1498 3720
0 8198 1542 8681 1542 8681 1945 8198 1945
0 2 5122 408 5122 408 5600 2 5600
0 14222 7250 14629 7250 14629 7725 14222 7725
0 16157 13049 16675 13049 16675 13417 16157 13417
0 1401 7635 1795 7635 1795 8118 1401 8118
0 11298 6358 11793 6358 11793 6737 11298 6737
1 15136 12623 15136 11782 15356 11782 15356 12623
0 2745 2003 3126 2003 3126 2460 2745 2460
0 1427 8108 1807 8108 1807 8563 1427 8563
0 13922 7286 14289 7286 14289 7757 13922 7757
0 1849 2566 2380 2566 2380 2883 1849 2883
0 90 3922 389 3922 389 4477 90 4477
0 14482 13109 15021 13109 15021 13408 14482 13408
1 12270 9618 12797 9618 12797 9901 12270 9901
1 6263 2120 6652 2099 6671 2460 6282 2481
1 2451 12729 2895 12729 2895 13046 2451 13046
0 7222 6685 7258 6406 7726 6466 7690 6745
0 9482 4377 9482 3878 9727 3878 9727 4377
0 14099 7814 14332 7814 14332 8320 14099 8320
0 1434 7170 1737 7170 1737 7532 1434 7532
0 2054 13113 2435 13113 2435 13395 2054 13395
1 1538 12759 1538 12288 1765 12288 1765 12759
0 14510 9830 14847 9830 14847 10141 14510 10141
0 15788 13049 16067 13049 16067 13417 15788 13417
0 8198 13593 8198 13055 8387 13055 8387 13593
0 3586 2414 3801 2414 3801 2869 3586 2869
0 13314 13658 13609 13658 13609 13985 13314 13985
0 3341 11622 3945 11622 3945 11775 3341 11775
1 4098 13042 4436 13042 4436 13311 4098 13311
0 3072 12098 3552 12098 3552 12287 3072 12287
0 15862 11902 16233 11902 16233 12145 15862 12145
0 6091 13814 6328 13775 6384 14113 6147 14152
0 7622 5122 7993 5122 7993 5261 7622 5261
1 15202 13214 15475 13214 15475 13401 15202 13401
0 13978 4610 14361 4610 14361 4741 13978 4741
0 2022 10110 2389 10110 2389 10239 2022 10239
0 14079 13556 14416 13524 14429 13660 14092 13692
0 6658 13206 7091 13206 7091 13311 6658 13311
0 11442 4610 11775 4610 11775 4742 11442 4742
0 4098 4098 4501 4098 4501 4204 4098 4204
0 8194 13823 8194 13654 8413 13654 8413 13823
0 6626 1538 6925 1538 6925 1654 6626 1654
0 7625 541 7831 386 7896 472 7690 627
0 9730 4234 9969 4234 9969 4338 9730 4338
0 3174 12801 3357 12801 3357 12926 3174 12926
0 7170 6434 7265 6434 7265 6673 7170 6673
0 13706 4174 13823 4174 13823 4347 13706 4347
0 7000 11509 7166 11491 7177 11595 7011 11613
