3 0.527344 0.984375 0.496094 0.03125 0.023592
1 0.983398 0.279297 0.0332031 0.0820312 0.0258983
1 0.868164 0.432617 0.0800781 0.103516 0.0266012
1 0.133789 0.393555 0.0253906 0.0214844 0.0324972
1 0.978516 0.24707 0.03125 0.0214844 0.0330245
1 0.878906 0.499023 0.101562 0.0722656 0.0396326
1 0.0292969 0.209961 0.0234375 0.0214844 0.044113
1 0.388672 0.541016 0.121094 0.140625 0.0793031
1 0.111328 0.425781 0.046875 0.0390625 0.0819215
1 0.957031 0.439453 0.0820312 0.0703125 0.0907944
1 0.62207 0.540039 0.0996094 0.123047 0.0916521
3 0.679688 0.976562 0.609375 0.046875 0.0928108
1 0.305664 0.266602 0.111328 0.0644531 0.0964027
1 0.931641 0.285156 0.0507812 0.0507812 0.0975695
1 0.53418 0.00683594 0.0566406 0.0136719 0.113251
1 0.143555 0.366211 0.0527344 0.0605469 0.135383
1 0.594727 0.412109 0.0566406 0.0742188 0.166581
1 0.914062 0.46582 0.167969 0.142578 0.179387
1 0.982422 0.216797 0.0351562 0.0429688 0.243278
1 0.69043 0.773438 0.0566406 0.0703125 0.337151
1 0.709961 0.495117 0.0292969 0.0253906 0.363422
1 0.0175781 0.230469 0.0351562 0.0585938 0.395013
1 0.292969 0.227539 0.140625 0.154297 0.448325
1 0.982422 0.329102 0.0351562 0.0878906 0.474573
1 0.75293 0.496094 0.0332031 0.03125 0.531847
1 0.538086 0.0566406 0.0722656 0.0390625 0.555305
1 0.525391 0.158203 0.0390625 0.03125 0.702947
1 0.967773 0.157227 0.0644531 0.0605469 0.703765
1 0.270508 0.557617 0.0917969 0.0957031 0.724667
1 0.537109 0.255859 0.0351562 0.0351562 0.739876
1 0.0917969 0.568359 0.171875 0.148438 0.739985
1 0.496094 0.119141 0.046875 0.0429688 0.744552
1 0.52832 0.206055 0.0449219 0.0488281 0.745097
1 0.555664 0.326172 0.0839844 0.0703125 0.766252
1 0.963867 0.0898438 0.0527344 0.0429688 0.769524
1 0.339844 0.375 0.078125 0.078125 0.814059
