1 0.0966797 0.448242 0.0566406 0.0410156 0.0205237
1 0.301758 0.452148 0.0332031 0.0371094 0.0235917
1 0.28418 0.0546875 0.0214844 0.0234375 0.0247857
1 0.290039 0.00878906 0.0253906 0.0175781 0.0253316
1 0.679688 0.00585938 0.0273438 0.0117188 0.0272032
1 0.256836 0.481445 0.0214844 0.0175781 0.0361313
1 0.0556641 0.498047 0.0449219 0.03125 0.0371176
1 0.238281 0.438477 0.0742188 0.0566406 0.0380807
1 0.0771484 0.478516 0.0253906 0.0234375 0.0423221
1 0.172852 0.432617 0.0449219 0.0410156 0.0426753
1 0.192383 0.43457 0.0722656 0.0566406 0.0452219
1 0.483398 0.357422 0.0332031 0.0195312 0.0473584
1 0.0771484 0.491211 0.0253906 0.0214844 0.051376
1 0.231445 0.475586 0.0175781 0.0175781 0.0529386
1 0.260742 0.441406 0.0410156 0.0507812 0.0562572
1 0.258789 0.487305 0.0292969 0.0214844 0.0592763
1 0.0673828 0.50293 0.0253906 0.0253906 0.0650976
1 0.392578 0.00683594 0.0351562 0.0136719 0.0705886
1 0.290039 0.0224609 0.0253906 0.0332031 0.0808083
1 0.0810547 0.454102 0.0332031 0.0292969 0.0882701
1 0.475586 0.0117188 0.0527344 0.0234375 0.0990404
1 0.104492 0.483398 0.0253906 0.0253906 0.104203
1 0.120117 0.490234 0.0253906 0.0273438 0.154564
1 0.386719 0.0380859 0.0234375 0.0175781 0.186995
1 0.0371094 0.494141 0.0234375 0.0234375 0.206064
1 0.181641 0.489258 0.0234375 0.0253906 0.214108
1 0.208984 0.487305 0.0273438 0.0214844 0.22609
4 0.649414 0.850586 0.552734 0.294922 0.231686
1 0.553711 0.0078125 0.0527344 0.015625 0.320721
1 0.152344 0.493164 0.0234375 0.0253906 0.585526
