1 0.824219 0.986328 0.0195312 0.0195312 0.0231728
1 0.820312 0.958008 0.0195312 0.0175781 0.0283071
0 0.902344 0.112305 0.195312 0.224609 0.0283087
1 0.412109 0.889648 0.0859375 0.0722656 0.0310801
0 0.74707 0.364258 0.505859 0.728516 0.032104
1 0.338867 0.813477 0.0488281 0.0527344 0.0352687
1 0.808594 0.957031 0.015625 0.015625 0.0360789
1 0.825195 0.945312 0.0175781 0.0117188 0.0542382
1 0.824219 0.951172 0.015625 0.015625 0.060801
1 0.298828 0.34668 0.0546875 0.0527344 0.0640765
1 0.339844 0.857422 0.0625 0.125 0.0927613
5 0.269531 0.405273 0.03125 0.0253906 0.605606
3 0.270508 0.165039 0.208984 0.248047 0.675434
