1 0.389648 0.938477 0.0605469 0.0449219 0.0211662
1 0.186523 0.958008 0.0410156 0.0371094 0.0217747
1 0.337891 0.686523 0.0195312 0.0214844 0.0251688
1 0.0488281 0.576172 0.0234375 0.0195312 0.0278696
1 0.208984 0.878906 0.03125 0.0234375 0.0298571
1 0.131836 0.166992 0.0917969 0.0527344 0.0299524
1 0.241211 0.984375 0.0292969 0.0234375 0.0316222
1 0.0078125 0.353516 0.015625 0.046875 0.0325657
1 0.0527344 0.40918 0.0195312 0.0175781 0.0325742
1 0.400391 0.895508 0.0390625 0.0371094 0.0347344
1 0.165039 0.549805 0.0253906 0.0175781 0.0350066
1 0.138672 0.485352 0.0273438 0.0253906 0.0362266
1 0.253906 0.174805 0.0507812 0.130859 0.0364611
1 0.0478516 0.583984 0.0253906 0.0234375 0.0414153
1 0.0166016 0.292969 0.0332031 0.109375 0.0449223
1 0.158203 0.15625 0.152344 0.238281 0.0505641
1 0.1875 0.977539 0.0507812 0.0371094 0.0545686
1 0.152344 0.136719 0.132812 0.113281 0.0557529
1 0.193359 0.970703 0.0390625 0.0195312 0.0578508
1 0.117188 0.398438 0.0273438 0.0234375 0.0584596
1 0.00976562 0.320312 0.0195312 0.046875 0.068072
1 0.388672 0.851562 0.0351562 0.0351562 0.0715511
1 0.217773 0.910156 0.0253906 0.0234375 0.0729465
1 0.227539 0.93457 0.0253906 0.0253906 0.100619
1 0.0615234 0.474609 0.0214844 0.0195312 0.101809
1 0.96875 0.989258 0.0625 0.0214844 0.121079
1 0.116211 0.237305 0.0761719 0.0722656 0.127848
1 0.130859 0.579102 0.0273438 0.0214844 0.152084
1 0.171875 0.844727 0.0625 0.0410156 0.179601
1 0.185547 0.598633 0.03125 0.0253906 0.195627
1 0.191406 0.989258 0.0585938 0.0214844 0.216111
1 0.101562 0.488281 0.0273438 0.0273438 0.216597
1 0.24707 0.993164 0.0292969 0.0136719 0.21818
1 0.0078125 0.413086 0.015625 0.0410156 0.241081
1 0.253906 0.138672 0.0429688 0.0625 0.265185
1 0.117188 0.516602 0.0234375 0.0175781 0.310532
1 0.399414 0.916992 0.0566406 0.0761719 0.317818
1 0.0185547 0.268555 0.0371094 0.0527344 0.324246
1 0.0488281 0.554688 0.0273438 0.0234375 0.347892
1 0.984375 0.333008 0.03125 0.0410156 0.349979
1 0.976562 0.839844 0.046875 0.0507812 0.364158
1 0.12793 0.541992 0.0214844 0.0175781 0.367864
1 0.133789 0.100586 0.0761719 0.0683594 0.372845
1 0.046875 0.336914 0.0351562 0.0449219 0.380439
1 0.237305 0.969727 0.0253906 0.0253906 0.386054
1 0.144531 0.607422 0.03125 0.0273438 0.391901
1 0.147461 0.501953 0.0253906 0.0195312 0.412307
1 0.177734 0.915039 0.0390625 0.0371094 0.46704
1 0.0234375 0.15918 0.046875 0.0527344 0.506592
1 0.164062 0.533203 0.0234375 0.0195312 0.513525
1 0.167969 0.561523 0.0234375 0.0214844 0.541214
1 0.137695 0.473633 0.0253906 0.0214844 0.574579
1 0.202148 0.112305 0.0527344 0.0566406 0.581503
1 0.0869141 0.558594 0.0253906 0.0195312 0.598537
1 0.24707 0.209961 0.0488281 0.0566406 0.603502
1 0.0917969 0.451172 0.0234375 0.0195312 0.617096
1 0.152344 0.643555 0.0390625 0.0332031 0.626597
1 0.0761719 0.391602 0.0507812 0.0410156 0.635805
1 0.134766 0.443359 0.03125 0.0273438 0.686886
1 0.15625 0.78125 0.0820312 0.0585938 0.827898
1 0.0673828 0.634766 0.0527344 0.046875 0.836793
