1 0.78418 0.925781 0.0566406 0.0390625 0.0237618
3 0.977539 0.332031 0.0449219 0.210938 0.0289267
1 0.160156 0.0576172 0.0664062 0.0527344 0.0296232
1 0.702148 0.638672 0.0332031 0.03125 0.0303997
1 0.262695 0.0126953 0.0800781 0.0253906 0.0317796
1 0.702148 0.677734 0.0371094 0.03125 0.0384669
1 0.799805 0.919922 0.0292969 0.0273438 0.0459467
1 0.300781 0.00683594 0.0546875 0.0136719 0.0487595
1 0.0625 0.101562 0.0273438 0.03125 0.0540836
1 0.282227 0.0078125 0.0410156 0.015625 0.0622091
1 0.709961 0.645508 0.0449219 0.0527344 0.068237
1 0.726562 0.655273 0.046875 0.0449219 0.0718622
1 0.662109 0.513672 0.0351562 0.0429688 0.0765135
1 0.740234 0.658203 0.0273438 0.0273438 0.0878073
1 0.232422 0.0205078 0.046875 0.0410156 0.0893399
1 0.711914 0.666992 0.0410156 0.0371094 0.111746
1 0.141602 0.0625 0.111328 0.078125 0.118146
1 0.577148 0.301758 0.0488281 0.0449219 0.129634
1 0.550781 0.728516 0.0273438 0.03125 0.155623
1 0.738281 0.644531 0.0273438 0.0390625 0.162369
1 0.574219 0.71875 0.0273438 0.0273438 0.163757
1 0.735352 0.623047 0.0214844 0.0234375 0.268312
1 0.0166016 0.124023 0.0332031 0.0410156 0.341604
1 0.654297 0.692383 0.046875 0.0410156 0.551982
1 0.695312 0.573242 0.0390625 0.0371094 0.725486
