1 0.887695 0.623047 0.0527344 0.0625 0.0209768
1 0.950195 0.182617 0.0332031 0.0449219 0.0214694
1 0.633789 0.230469 0.0566406 0.0546875 0.021679
1 0.889648 0.603516 0.0410156 0.0390625 0.0252293
1 0.607422 0.25 0.0351562 0.0390625 0.0282602
1 0.645508 0.214844 0.0371094 0.0390625 0.0305293
1 0.958984 0.591797 0.0703125 0.0507812 0.031242
1 0.625977 0.24707 0.0605469 0.0488281 0.0474324
1 0.852539 0.560547 0.0253906 0.0273438 0.0644196
1 0.989258 0.553711 0.0214844 0.0371094 0.273442
1 0.939453 0.602539 0.0507812 0.0644531 0.396898
1 0.773438 0.339844 0.03125 0.0273438 0.401441
1 0.732422 0.302734 0.0507812 0.0625 0.411946
1 0.854492 0.610352 0.107422 0.119141 0.41235
1 0.893555 0.518555 0.0253906 0.0214844 0.506157
1 0.983398 0.236328 0.0332031 0.0664062 0.563304
1 0.887695 0.548828 0.0332031 0.0351562 0.731179
1 0.953125 0.541992 0.0390625 0.0332031 0.801087
