1 0.460938 0.836914 0.0546875 0.0527344 0.0202772
1 0.237305 0.638672 0.0253906 0.0273438 0.0213541
1 0.0771484 0.630859 0.0332031 0.0234375 0.0215066
1 0.211914 0.0205078 0.119141 0.0410156 0.0224606
1 0.175781 0.0078125 0.0546875 0.015625 0.0241394
1 0.177734 0.630859 0.0195312 0.015625 0.0352844
1 0.134766 0.50293 0.0234375 0.0253906 0.040682
1 0.319336 0.449219 0.0292969 0.0234375 0.0721422
1 0.191406 0.645508 0.0273438 0.0253906 0.0771417
1 0.125 0.0390625 0.0546875 0.078125 0.0904345
1 0.112305 0.413086 0.0371094 0.0292969 0.0989653
0 0.724609 0.49707 0.546875 0.994141 0.124182
1 0.236328 0.544922 0.03125 0.0273438 0.1254
1 0.273438 0.624023 0.03125 0.0253906 0.135799
1 0.326172 0.616211 0.0273438 0.0253906 0.164612
1 0.28418 0.62207 0.0214844 0.0253906 0.250934
1 0.260742 0.630859 0.0292969 0.0273438 0.30283
1 0.0195312 0.673828 0.0390625 0.0546875 0.36767
1 0.22168 0.494141 0.0253906 0.0234375 0.378884
1 0.223633 0.636719 0.0292969 0.0273438 0.423809
1 0.304688 0.620117 0.0234375 0.0253906 0.43667
1 0.310547 0.423828 0.0390625 0.0546875 0.462104
1 0.712891 0.866211 0.03125 0.0332031 0.633751
1 0.347656 0.563477 0.03125 0.0332031 0.6748
1 0.321289 0.50293 0.0566406 0.0566406 0.711148
3 0.860352 0.333008 0.0839844 0.0917969 0.81515
