1 0.612305 0.224609 0.0371094 0.0351562 0.0229907
1 0.549805 0.28125 0.0957031 0.0742188 0.0237624
1 0.517578 0.188477 0.0742188 0.119141 0.0262125
1 0.00976562 0.871094 0.0195312 0.0742188 0.0362224
1 0.527344 0.235352 0.046875 0.0410156 0.0370977
1 0.544922 0.199219 0.03125 0.03125 0.0483381
1 0.589844 0.00585938 0.0351562 0.0117188 0.0591462
1 0.483398 0.0556641 0.0761719 0.0644531 0.071124
1 0.512695 0.228516 0.0527344 0.046875 0.0818337
1 0.524414 0.287109 0.0488281 0.0585938 0.0955317
1 0.672852 0.253906 0.0605469 0.0507812 0.111857
1 0.894531 0.0507812 0.046875 0.046875 0.254427
1 0.987305 0.170898 0.0253906 0.0449219 0.349359
1 0.841797 0.00878906 0.0351562 0.0175781 0.360915
1 0.670898 0.193359 0.0683594 0.0546875 0.497462
1 0.519531 0.155273 0.0585938 0.0566406 0.600563
1 0.643555 0.112305 0.0605469 0.0527344 0.603425
1 0.977539 0.0751953 0.0449219 0.0644531 0.774012
1 0.881836 0.118164 0.0761719 0.0644531 0.780148
1 0.78125 0.158203 0.0664062 0.0585938 0.841327
