1 0.335938 0.793945 0.0234375 0.0214844 0.0211915
1 0.392578 0.516602 0.0390625 0.0371094 0.0229263
1 0.295898 0.610352 0.0332031 0.0332031 0.0233162
1 0.303711 0.765625 0.0371094 0.0429688 0.0253125
1 0.287109 0.578125 0.0351562 0.0273438 0.0256497
1 0.297852 0.732422 0.0371094 0.0351562 0.0257143
1 0.320312 0.924805 0.0234375 0.0253906 0.0275376
1 0.248047 0.379883 0.0390625 0.0253906 0.0278774
1 0.225586 0.299805 0.0292969 0.0292969 0.0300173
1 0.757812 0.988281 0.0703125 0.0234375 0.0306796
1 0.140625 0.97168 0.0664062 0.0566406 0.0313746
1 0.341797 0.556641 0.0429688 0.0546875 0.0318702
1 0.385742 0.477539 0.0410156 0.0566406 0.0324262
1 0.266602 0.143555 0.0605469 0.0410156 0.0333566
1 0.392578 0.576172 0.0273438 0.03125 0.0347885
1 0.354492 0.317383 0.0566406 0.0605469 0.0355141
1 0.123047 0.960938 0.121094 0.078125 0.0400586
1 0.314453 0.790039 0.0507812 0.0292969 0.0408096
1 0.28418 0.578125 0.0527344 0.0625 0.0417479
1 0.209961 0.34082 0.0253906 0.0292969 0.0442942
1 0.25293 0.405273 0.0488281 0.0371094 0.0468971
1 0.285156 0.607422 0.0507812 0.046875 0.0542687
1 0.268555 0.436523 0.0605469 0.0410156 0.0556004
1 0.298828 0.751953 0.03125 0.03125 0.0690891
1 0.899414 0.985352 0.0292969 0.0292969 0.0722598
1 0.25 0.262695 0.046875 0.0410156 0.0794244
1 0.292969 0.702148 0.03125 0.0332031 0.0958625
1 0.280273 0.15332 0.0371094 0.0253906 0.0961621
1 0.239258 0.200195 0.0332031 0.0292969 0.101915
1 0.248047 0.272461 0.0351562 0.0214844 0.109669
1 0.237305 0.174805 0.0292969 0.0214844 0.112083
1 0.207031 0.147461 0.0273438 0.0292969 0.116199
1 0.297852 0.724609 0.0253906 0.0195312 0.116804
1 0.354492 0.478516 0.0644531 0.0664062 0.125589
1 0.233398 0.164062 0.0449219 0.0390625 0.126068
1 0.228516 0.151367 0.0429688 0.0371094 0.162638
1 0.349609 0.298828 0.0585938 0.046875 0.207338
1 0.107422 0.673828 0.214844 0.230469 0.217046
1 0.246094 0.25293 0.0351562 0.0253906 0.226179
1 0.245117 0.365234 0.0332031 0.0234375 0.23485
1 0.399414 0.53418 0.0410156 0.0371094 0.236295
1 0.255859 0.424805 0.0625 0.0605469 0.272949
1 0.241211 0.21582 0.0449219 0.0371094 0.288537
1 0.328125 0.828125 0.0351562 0.0351562 0.315614
1 0.25293 0.299805 0.0371094 0.0292969 0.362792
1 0.25 0.332031 0.0390625 0.03125 0.387043
1 0.338867 0.911133 0.0371094 0.0371094 0.410762
1 0.261719 0.493164 0.0625 0.0527344 0.428877
1 0.353516 0.342773 0.0664062 0.0371094 0.496137
1 0.359375 0.40332 0.0664062 0.0644531 0.507066
1 0.333984 0.870117 0.0351562 0.0371094 0.578057
