1 0.791992 0.895508 0.0175781 0.0175781 0.0297862
1 0.438477 0.208008 0.0253906 0.0214844 0.0305353
3 0.977539 0.575195 0.0449219 0.205078 0.0318529
1 0.376953 0.341797 0.0625 0.0546875 0.032788
1 0.345703 0.305664 0.0585938 0.103516 0.0402124
3 0.675781 0.623047 0.128906 0.234375 0.0466227
1 0.348633 0.301758 0.0449219 0.0292969 0.0601143
1 0.389648 0.391602 0.0214844 0.0214844 0.0652455
1 0.429688 0.208984 0.0273438 0.0234375 0.0662367
3 0.483398 0.639648 0.185547 0.244141 0.0789168
1 0.351562 0.350586 0.0546875 0.0917969 0.135935
1 0.762695 0.148438 0.0644531 0.0585938 0.141067
1 0.344727 0.332031 0.0332031 0.0273438 0.153397
1 0.354492 0.373047 0.0488281 0.0507812 0.165437
3 0.68457 0.612305 0.607422 0.291016 0.206387
1 0.395508 0.352539 0.0332031 0.0253906 0.234375
1 0.390625 0.325195 0.0351562 0.0253906 0.308662
1 0.481445 0.197266 0.0292969 0.0273438 0.323791
1 0.516602 0.196289 0.0292969 0.0292969 0.328649
1 0.344727 0.276367 0.0566406 0.0410156 0.364531
3 0.921875 0.603516 0.136719 0.265625 0.582918
1 0.395508 0.225586 0.0566406 0.0527344 0.695005
