1 0.0351562 0.0205078 0.0703125 0.0410156 0.0222559
1 0.0078125 0.0996094 0.015625 0.03125 0.0307042
1 0.551758 0.431641 0.0371094 0.0390625 0.0313587
1 0.957031 0.849609 0.0195312 0.0351562 0.0315709
0 0.367188 0.943359 0.6875 0.113281 0.0327569
1 0.00878906 0.0439453 0.0175781 0.0253906 0.0517025
1 0.344727 0.509766 0.0957031 0.0585938 0.0626246
1 0.299805 0.527344 0.0644531 0.0664062 0.0868772
1 0.918945 0.865234 0.0253906 0.0351562 0.121123
1 0.893555 0.763672 0.0253906 0.0273438 0.140527
1 0.0117188 0.144531 0.0234375 0.0546875 0.14202
1 0.448242 0.445312 0.0800781 0.0703125 0.151573
1 0.984375 0.84375 0.0273438 0.03125 0.171142
1 0.931641 0.490234 0.0351562 0.0351562 0.235108
1 0.0517578 0.263672 0.0332031 0.0390625 0.280807
1 0.949219 0.858398 0.0234375 0.0332031 0.288821
1 0.988281 0.463867 0.0234375 0.0488281 0.300561
1 0.0166016 0.0166016 0.0332031 0.0332031 0.316375
1 0.993164 0.733398 0.0136719 0.0292969 0.39201
1 0.97168 0.537109 0.0488281 0.0429688 0.468093
1 0.931641 0.749023 0.0351562 0.0371094 0.504561
1 0.959961 0.466797 0.0253906 0.0273438 0.510837
1 0.919922 0.536133 0.0390625 0.0410156 0.543023
1 0.988281 0.478516 0.0234375 0.0273438 0.587998
1 0.967773 0.740234 0.0292969 0.03125 0.745666
