1 0.875977 0.183594 0.0644531 0.046875 0.0291057
1 0.985352 0.867188 0.0292969 0.101562 0.0303213
1 0.904297 0.263672 0.0429688 0.03125 0.0315455
1 0.514648 0.460938 0.0332031 0.0234375 0.0321175
1 0.902344 0.249023 0.0507812 0.0527344 0.0405524
1 0.478516 0.263672 0.0664062 0.0585938 0.0525715
1 0.81543 0.861328 0.0878906 0.117188 0.26653
1 0.692383 0.850586 0.134766 0.142578 0.271686
1 0.523438 0.181641 0.152344 0.179688 0.280486
1 0.94043 0.863281 0.119141 0.121094 0.303972
1 0.897461 0.229492 0.0488281 0.0410156 0.410484
1 0.508789 0.431641 0.0527344 0.0390625 0.481383
1 0.814453 0.210938 0.0664062 0.0820312 0.581348
0 0.283203 0.648438 0.566406 0.703125 0.585039
1 0.477539 0.350586 0.0371094 0.0410156 0.629962
1 0.666016 0.188477 0.125 0.123047 0.799904
