1 0.732422 0.660156 0.0507812 0.0625 0.0217245
1 0.589844 0.670898 0.0273438 0.0292969 0.0226782
1 0.161133 0.651367 0.0917969 0.111328 0.0247565
5 0.729492 0.983398 0.0292969 0.0292969 0.0252701
1 0.0683594 0.0341797 0.132812 0.0683594 0.0302021
1 0.755859 0.493164 0.0664062 0.0683594 0.0309456
1 0.193359 0.5625 0.0273438 0.0234375 0.0324791
1 0.194336 0.591797 0.0214844 0.0195312 0.0331108
1 0.742188 0.744141 0.0664062 0.0585938 0.035916
1 0.820312 0.670898 0.0234375 0.0371094 0.0368657
1 0.706055 0.861328 0.0761719 0.0898438 0.0378644
1 0.591797 0.5 0.0429688 0.046875 0.0506462
1 0.644531 0.574219 0.0703125 0.0625 0.052414
1 0.647461 0.735352 0.0449219 0.0371094 0.0607907
1 0.782227 0.740234 0.119141 0.0820312 0.0660402
1 0.15625 0.669922 0.0664062 0.0585938 0.199398
1 0.818359 0.736328 0.0507812 0.0664062 0.204108
1 0.223633 0.644531 0.0566406 0.0585938 0.220959
1 0.885742 0.975586 0.0410156 0.0449219 0.276431
1 0.819336 0.860352 0.134766 0.130859 0.290794
1 0.248047 0.540039 0.0625 0.0605469 0.447602
1 0.782227 0.649414 0.0683594 0.0605469 0.522588
1 0.320312 0.532227 0.046875 0.0371094 0.550994
1 0.34668 0.609375 0.0488281 0.0585938 0.556488
1 0.731445 0.483398 0.115234 0.0878906 0.589936
1 0.652344 0.642578 0.0625 0.0625 0.601013
1 0.744141 0.564453 0.101562 0.0703125 0.669804
1 0.394531 0.539062 0.0585938 0.0585938 0.732375
1 0.525391 0.519531 0.0664062 0.0664062 0.747649
1 0.462891 0.588867 0.0625 0.0683594 0.757592
