1 0.979492 0.601562 0.0371094 0.0273438 0.0267977
1 0.732422 0.679688 0.03125 0.0273438 0.0270565
1 0.71582 0.617188 0.0175781 0.0234375 0.0277494
1 0.8125 0.550781 0.046875 0.0507812 0.033267
1 0.243164 0.993164 0.0371094 0.0136719 0.035896
1 0.736328 0.754883 0.0195312 0.0175781 0.0475149
1 0.964844 0.603516 0.0390625 0.0234375 0.0685052
1 0.835938 0.615234 0.0234375 0.0234375 0.0691559
1 0.927734 0.384766 0.0664062 0.0585938 0.0817049
1 0.727539 0.668945 0.0292969 0.0253906 0.107921
1 0.741211 0.62793 0.0449219 0.0410156 0.146225
1 0.799805 0.619141 0.0410156 0.03125 0.201781
1 0.732422 0.736328 0.0273438 0.0390625 0.234745
1 0.917969 0.609375 0.0429688 0.0273438 0.244213
1 0.860352 0.614258 0.0332031 0.0253906 0.258138
1 0.986328 0.398438 0.0273438 0.0429688 0.320045
1 0.738281 0.700195 0.0351562 0.0292969 0.527524
1 0.702148 0.0488281 0.103516 0.09375 0.581874
