1 0.227539 0.888672 0.0253906 0.0195312 0.0200266
1 0.219727 0.0507812 0.0371094 0.0390625 0.0207905
1 0.250977 0.880859 0.0214844 0.015625 0.0209011
0 0.757812 0.732422 0.453125 0.445312 0.021436
1 0.219727 0.0126953 0.0488281 0.0253906 0.0281044
1 0.145508 0.0839844 0.0332031 0.046875 0.0343899
1 0.115234 0.0605469 0.03125 0.0234375 0.0353355
1 0.0732422 0.0869141 0.0253906 0.0332031 0.0402307
1 0.131836 0.0859375 0.0214844 0.0234375 0.0417234
1 0.207031 0.0625 0.0351562 0.0429688 0.0425573
1 0.0830078 0.0576172 0.0253906 0.0214844 0.0429407
1 0.180664 0.0878906 0.0332031 0.0273438 0.05109
1 0.0615234 0.0703125 0.0253906 0.0234375 0.0549389
1 0.0878906 0.0976562 0.03125 0.0273438 0.0553293
1 0.0996094 0.0966797 0.03125 0.0292969 0.0563492
1 0.198242 0.03125 0.0449219 0.0351562 0.058212
1 0.149414 0.0585938 0.0292969 0.0234375 0.0733012
1 0.229492 0.900391 0.0253906 0.015625 0.0766388
1 0.0751953 0.0410156 0.0214844 0.0195312 0.0879238
1 0.224609 0.942383 0.0273438 0.0214844 0.0890189
1 0.213867 0.00878906 0.0332031 0.0175781 0.0907842
1 0.131836 0.078125 0.0683594 0.0664062 0.1165
1 0.115234 0.0849609 0.0429688 0.0527344 0.125308
1 0.233398 0.0878906 0.0292969 0.0273438 0.135436
1 0.240234 0.830078 0.03125 0.0234375 0.148598
1 0.202148 0.0478516 0.0488281 0.0566406 0.201238
1 0.216797 0.976562 0.0273438 0.03125 0.21352
1 0.248047 0.859375 0.0234375 0.0273438 0.239282
1 0.230469 0.917969 0.0273438 0.0234375 0.242602
1 0.225586 0.876953 0.0214844 0.0195312 0.269809
1 0.0634766 0.100586 0.0253906 0.0253906 0.287519
1 0.264648 0.908203 0.0214844 0.0195312 0.359609
1 0.0703125 0.0673828 0.0234375 0.0214844 0.426674
1 0.03125 0.0839844 0.0351562 0.0664062 0.577138
0 0.770508 0.504883 0.447266 0.728516 0.611304
3 0.962891 0.955078 0.0742188 0.0898438 0.611516
