1 0.677734 0.514648 0.0429688 0.0527344 0.0200808
1 0.231445 0.0712891 0.0722656 0.0722656 0.0214792
1 0.626953 0.571289 0.0625 0.0800781 0.0221842
1 0.430664 0.206055 0.150391 0.208984 0.0231018
1 0.647461 0.989258 0.0214844 0.0214844 0.0236029
1 0.0791016 0.0214844 0.0371094 0.0390625 0.0242096
1 0.660156 0.429688 0.03125 0.03125 0.0244426
1 0.397461 0.258789 0.130859 0.111328 0.0262496
1 0.0546875 0.0107422 0.0664062 0.0214844 0.0275538
1 0.729492 0.413086 0.0371094 0.0410156 0.0277936
1 0.330078 0.254883 0.0742188 0.0527344 0.029097
1 0.634766 0.452148 0.0507812 0.0371094 0.029409
1 0.624023 0.452148 0.0292969 0.0292969 0.0295586
1 0.649414 0.490234 0.0253906 0.0273438 0.0336722
1 0.0703125 0.0214844 0.03125 0.0273438 0.0379105
1 0.331055 0.591797 0.0253906 0.0273438 0.0380897
1 0.643555 0.487305 0.0410156 0.0410156 0.0392069
1 0.110352 0.0683594 0.0253906 0.0234375 0.0414601
1 0.623047 0.59668 0.0585938 0.0488281 0.0432072
1 0.608398 0.429688 0.0175781 0.015625 0.0464155
1 0.634766 0.451172 0.03125 0.0273438 0.0469877
1 0.613281 0.419922 0.015625 0.015625 0.0492982
1 0.699219 0.501953 0.0585938 0.0546875 0.0540264
1 0.710938 0.53418 0.0390625 0.0449219 0.0551922
1 0.0742188 0.0136719 0.0429688 0.0195312 0.055695
1 0.610352 0.422852 0.0136719 0.0136719 0.0588024
1 0.618164 0.448242 0.0175781 0.0214844 0.0676214
1 0.651367 0.544922 0.0371094 0.0390625 0.0696463
1 0.00878906 0.398438 0.0175781 0.046875 0.0722914
1 0.301758 0.257812 0.0332031 0.0390625 0.0855772
1 0.0791016 0.0078125 0.0371094 0.015625 0.109477
3 0.526367 0.973633 0.0566406 0.0488281 0.122064
1 0.43457 0.134766 0.0761719 0.0664062 0.160972
1 0.355469 0.24707 0.0625 0.0527344 0.165193
1 0.875977 0.511719 0.0214844 0.0234375 0.180762
1 0.713867 0.416016 0.0605469 0.0546875 0.187165
1 0.705078 0.519531 0.0546875 0.0507812 0.191978
1 0.651367 0.666992 0.0449219 0.0449219 0.205172
1 0.75 0.520508 0.0273438 0.0371094 0.209171
1 0.148438 0.248047 0.0351562 0.0429688 0.263518
1 0.0849609 0.0449219 0.0253906 0.0234375 0.295192
1 0.666016 0.555664 0.0429688 0.0488281 0.342277
1 0.972656 0.532227 0.03125 0.0332031 0.360714
1 0.958008 0.976562 0.0839844 0.046875 0.399717
1 0.838867 0.516602 0.0292969 0.0253906 0.410885
1 0.936523 0.520508 0.0371094 0.0371094 0.446738
2 0.298828 0.0253906 0.03125 0.0351562 0.529939
1 0.788086 0.518555 0.0371094 0.0371094 0.628057
1 0.94043 0.430664 0.0488281 0.0449219 0.805635
