1 0.0410156 0.123047 0.0390625 0.0390625 0.020766
1 0.0429688 0.113281 0.0742188 0.0625 0.0219249
0 0.867188 0.15332 0.265625 0.302734 0.0225507
1 0.0849609 0.0126953 0.0800781 0.0253906 0.0235108
1 0.476562 0.0488281 0.0585938 0.09375 0.0242285
1 0.0117188 0.168945 0.0234375 0.0488281 0.0287675
1 0.393555 0.0244141 0.0566406 0.0410156 0.0292297
1 0.373047 0.0292969 0.0351562 0.0351562 0.0296948
1 0.0683594 0.00878906 0.0234375 0.0175781 0.0328113
1 0.0664062 0.104492 0.03125 0.0410156 0.0357881
1 0.0869141 0.0458984 0.0332031 0.0332031 0.0388852
1 0.447266 0.0244141 0.0390625 0.0410156 0.0410588
1 0.0195312 0.120117 0.0390625 0.111328 0.0437743
1 0.432617 0.0136719 0.0214844 0.0273438 0.0486747
1 0.09375 0.0117188 0.0351562 0.0234375 0.0489599
1 0.428711 0.0205078 0.0410156 0.0371094 0.0695601
1 0.0126953 0.141602 0.0253906 0.0800781 0.0869314
1 0.975586 0.959961 0.0488281 0.0761719 0.104425
1 0.0644531 0.119141 0.03125 0.0429688 0.105707
1 0.40918 0.0205078 0.0292969 0.0371094 0.135284
1 0.509766 0.00976562 0.0507812 0.0195312 0.161906
1 0.0429688 0.0253906 0.0703125 0.046875 0.190984
1 0.460938 0.015625 0.0390625 0.03125 0.216413
1 0.100586 0.110352 0.0410156 0.0449219 0.271811
