0 0.699219 0.467773 0.601562 0.931641 0.0200888
1 0.503906 0.0302734 0.0820312 0.0605469 0.0228164
1 0.108398 0.379883 0.0175781 0.0175781 0.0245835
1 0.15625 0.466797 0.0234375 0.0273438 0.0284197
1 0.167969 0.489258 0.0195312 0.0175781 0.0302711
1 0.0820312 0.31543 0.015625 0.0175781 0.0319896
1 0.152344 0.452148 0.03125 0.0292969 0.045218
1 0.328125 0.0107422 0.0351562 0.0214844 0.0549828
1 0.955078 0.0625 0.0585938 0.0390625 0.0560484
0 0.699219 0.888672 0.601562 0.222656 0.0613751
1 0.201172 0.548828 0.0195312 0.015625 0.0648023
1 0.161133 0.475586 0.0175781 0.0136719 0.06584
1 0.0908203 0.336914 0.0175781 0.0175781 0.0803879
1 0.114258 0.385742 0.0175781 0.0136719 0.0830149
1 0.229492 0.586914 0.0175781 0.0175781 0.104863
1 0.295898 0.805664 0.0292969 0.0292969 0.115786
1 0.148438 0.445312 0.0273438 0.015625 0.116577
1 0.438477 0.00878906 0.0253906 0.0175781 0.118177
1 0.196289 0.540039 0.0175781 0.0136719 0.136723
1 0.107422 0.357422 0.0195312 0.0195312 0.157117
1 0.189453 0.520508 0.0273438 0.0214844 0.171756
1 0.138672 0.433594 0.0195312 0.015625 0.172003
1 0.12207 0.399414 0.0175781 0.0175781 0.1802
1 0.15332 0.458008 0.0214844 0.0175781 0.184307
1 0.208984 0.560547 0.0195312 0.0195312 0.229304
1 0.243164 0.608398 0.0292969 0.0253906 0.232363
1 0.447266 0.0273438 0.0234375 0.0234375 0.237621
1 0.392578 0.0078125 0.0390625 0.015625 0.343123
2 0.873047 0.0078125 0.0429688 0.015625 0.418234
