1 0.941406 0.518555 0.0546875 0.0371094 0.0204403
1 0.991211 0.679688 0.0175781 0.03125 0.022702
1 0.842773 0.458984 0.0332031 0.03125 0.0232223
1 0.963867 0.529297 0.0488281 0.0390625 0.0257617
4 0.658203 0.375977 0.683594 0.751953 0.027275
1 0.974609 0.536133 0.0234375 0.0214844 0.0290537
4 0.769531 0.131836 0.457031 0.263672 0.0556049
1 0.984375 0.422852 0.03125 0.0371094 0.0584559
1 0.950195 0.560547 0.0605469 0.0507812 0.0643993
3 0.129883 0.328125 0.259766 0.65625 0.0911376
1 0.990234 0.463867 0.0195312 0.0371094 0.123014
1 0.989258 0.473633 0.0214844 0.0253906 0.130484
1 0.851562 0.432617 0.03125 0.0253906 0.149746
1 0.944336 0.533203 0.0683594 0.0585938 0.180105
1 0.972656 0.756836 0.0546875 0.0996094 0.346013
3 0.0820312 0.165039 0.164062 0.330078 0.397508
1 0.9375 0.475586 0.0625 0.0488281 0.460372
1 0.858398 0.488281 0.0292969 0.03125 0.490873
1 0.853516 0.539062 0.03125 0.0351562 0.571648
1 0.869141 0.647461 0.046875 0.0410156 0.585512
1 0.861328 0.591797 0.0351562 0.0351562 0.616962
1 0.973633 0.626953 0.0527344 0.0625 0.62982
1 0.899414 0.708008 0.0371094 0.0371094 0.7332
3 0.290039 0.94043 0.435547 0.119141 0.79181
3 0.125 0.494141 0.25 0.304688 0.856899
3 0.185547 0.759766 0.371094 0.253906 0.915167
