1 0.166016 0.0166016 0.0429688 0.0292969 0.0203739
1 0.179688 0.0283203 0.0234375 0.0253906 0.0231037
1 0.328125 0.97168 0.0820312 0.0566406 0.0267383
5 0.761719 0.657227 0.0429688 0.0410156 0.0301017
1 0.279297 0.884766 0.0195312 0.0195312 0.0352269
1 0.134766 0.114258 0.0234375 0.0253906 0.0392993
1 0.295898 0.926758 0.0214844 0.0253906 0.0511654
1 0.135742 0.0205078 0.0253906 0.0253906 0.0517112
1 0.137695 0.0371094 0.0253906 0.0234375 0.0539017
5 0.839844 0.584961 0.0585938 0.0566406 0.0608916
1 0.164062 0.0078125 0.0273438 0.015625 0.0699519
1 0.135742 0.00976562 0.0214844 0.0195312 0.0755117
3 0.577148 0.37793 0.0839844 0.0957031 0.165282
1 0.161133 0.0410156 0.0253906 0.0234375 0.241397
1 0.320312 0.982422 0.0546875 0.0351562 0.251872
1 0.335938 0.854492 0.03125 0.0292969 0.273993
1 0.139648 0.0771484 0.0332031 0.0410156 0.42064
