1 0.991211 0.306641 0.0175781 0.0234375 0.0238771
3 0.899414 0.0078125 0.0449219 0.015625 0.0254081
1 0.979492 0.331055 0.0371094 0.0332031 0.0301749
1 0.0136719 0.800781 0.0273438 0.0351562 0.044557
1 0.959961 0.335938 0.0488281 0.03125 0.0454082
1 0.956055 0.263672 0.0175781 0.015625 0.100676
1 0.878906 0.378906 0.0195312 0.0195312 0.111456
1 0.96582 0.0585938 0.0527344 0.0351562 0.146087
1 0.924805 0.396484 0.0292969 0.0234375 0.176722
1 0.963867 0.0146484 0.0527344 0.0292969 0.286843
1 0.865234 0.393555 0.0390625 0.0332031 0.300521
1 0.657227 0.311523 0.0644531 0.0449219 0.315307
1 0.966797 0.117188 0.0195312 0.0234375 0.324944
1 0.785156 0.0166016 0.0625 0.0332031 0.337628
1 0.847656 0.238281 0.046875 0.03125 0.363761
1 0.625 0.0517578 0.03125 0.0371094 0.447623
1 0.635742 0.129883 0.0371094 0.0292969 0.549014
1 0.735352 0.204102 0.0605469 0.0488281 0.573897
1 0.735352 0.15332 0.0488281 0.0449219 0.613326
1 0.785156 0.412109 0.0507812 0.0546875 0.67004
1 0.636719 0.180664 0.03125 0.0332031 0.67074
1 0.725586 0.106445 0.0371094 0.0332031 0.671471
1 0.952148 0.166016 0.0332031 0.03125 0.683454
1 0.698242 0.0126953 0.0605469 0.0253906 0.72337
1 0.744141 0.0537109 0.0390625 0.0371094 0.747508
1 0.75293 0.330078 0.0605469 0.0664062 0.747708
