1 0.984375 0.0908203 0.03125 0.0683594 0.0241962
1 0.474609 0.225586 0.0390625 0.0332031 0.026373
1 0.541016 0.512695 0.0703125 0.0683594 0.027858
1 0.791016 0.34082 0.117188 0.0761719 0.0301687
1 0.948242 0.133789 0.103516 0.169922 0.0644428
4 0.185547 0.401367 0.367188 0.783203 0.0779792
1 0.486328 0.228516 0.0546875 0.0507812 0.105967
1 0.800781 0.379883 0.0859375 0.0917969 0.106343
1 0.975586 0.136719 0.0488281 0.136719 0.111234
1 0.97168 0.508789 0.0566406 0.0566406 0.133546
1 0.691406 0.253906 0.046875 0.046875 0.286819
1 0.884766 0.443359 0.0664062 0.0742188 0.329141
1 0.619141 0.518555 0.0859375 0.0722656 0.3587
1 0.77832 0.227539 0.119141 0.119141 0.482976
1 0.591797 0.640625 0.179688 0.132812 0.80193
