1 0.883789 0.728516 0.0292969 0.03125 0.0201347
1 0.950195 0.966797 0.0371094 0.0390625 0.0259783
1 0.991211 0.685547 0.0175781 0.0585938 0.0265682
1 0.929688 0.647461 0.0273438 0.0253906 0.0285781
1 0.983398 0.986328 0.0332031 0.0273438 0.0302875
1 0.964844 0.599609 0.0195312 0.015625 0.0310819
1 0.663086 0.900391 0.0410156 0.0390625 0.0329032
1 0.701172 0.527344 0.0351562 0.0351562 0.0341631
1 0.868164 0.683594 0.0214844 0.0234375 0.034691
1 0.978516 0.583008 0.0390625 0.0566406 0.0351507
1 0.989258 0.701172 0.0214844 0.0390625 0.0355688
1 0.610352 0.0400391 0.0410156 0.0292969 0.0411907
1 0.972656 0.59668 0.0273438 0.0175781 0.0484756
1 0.848633 0.673828 0.0214844 0.0234375 0.0507811
1 0.993164 0.663086 0.0136719 0.0332031 0.0519248
1 0.923828 0.472656 0.046875 0.0390625 0.0591849
1 0.916992 0.615234 0.0253906 0.0234375 0.0656209
1 0.673828 0.963867 0.046875 0.0488281 0.0792471
1 0.96875 0.530273 0.03125 0.0292969 0.0899195
1 0.594727 0.0380859 0.0332031 0.0371094 0.124963
1 0.686523 0.963867 0.0761719 0.0722656 0.140884
1 0.992188 0.984375 0.015625 0.0273438 0.143449
1 0.411133 0.78125 0.0527344 0.0429688 0.200461
1 0.885742 0.701172 0.0292969 0.03125 0.204469
1 0.989258 0.623047 0.0214844 0.0234375 0.206171
1 0.901367 0.774414 0.0332031 0.0292969 0.230268
1 0.789062 0.500977 0.0273438 0.0332031 0.306623
1 0.831055 0.493164 0.0449219 0.0488281 0.395987
1 0.761719 0.576172 0.0273438 0.0351562 0.432638
1 0.931641 0.806641 0.03125 0.0273438 0.433894
1 0.731445 0.570312 0.0253906 0.03125 0.453037
1 0.973633 0.571289 0.0292969 0.0292969 0.578012
1 0.756836 0.487305 0.0371094 0.0449219 0.582576
1 0.950195 0.852539 0.0253906 0.0292969 0.588076
1 0.902344 0.569336 0.0273438 0.0253906 0.618751
0 0.292969 0.120117 0.570312 0.240234 0.698914
1 0.905273 0.53418 0.0371094 0.0371094 0.775935
1 0.826172 0.601562 0.0546875 0.0390625 0.804817
1 0.847656 0.641602 0.03125 0.0332031 0.829425
