1 0.831055 0.790039 0.0410156 0.0332031 0.0202339
3 0.0419922 0.696289 0.0839844 0.236328 0.023411
1 0.803711 0.644531 0.0292969 0.0234375 0.0243424
1 0.00976562 0.460938 0.0195312 0.03125 0.0244102
1 0.836914 0.69043 0.0410156 0.0371094 0.0268498
1 0.811523 0.735352 0.0292969 0.0449219 0.0272518
1 0.816406 0.666992 0.0390625 0.0449219 0.0299401
1 0.804688 0.632812 0.0273438 0.0234375 0.0316857
1 0.541016 0.399414 0.0234375 0.0292969 0.0374812
1 0.821289 0.695312 0.0527344 0.0390625 0.0436794
1 0.833984 0.626953 0.0234375 0.0273438 0.047003
1 0.848633 0.748047 0.0292969 0.03125 0.0503131
1 0.838867 0.661133 0.0253906 0.0253906 0.0682461
0 0.0703125 0.873047 0.140625 0.25 0.0687511
3 0.0146484 0.28418 0.0292969 0.103516 0.101399
1 0.589844 0.462891 0.0273438 0.03125 0.116469
1 0.833008 0.607422 0.0253906 0.0273438 0.124273
1 0.576172 0.388672 0.03125 0.0351562 0.150633
1 0.801758 0.606445 0.0332031 0.0371094 0.221698
1 0.669922 0.539062 0.0820312 0.128906 0.810081
