1 0.994141 0.161133 0.0117188 0.0410156 0.0245869
1 0.993164 0.135742 0.0136719 0.0449219 0.0297892
1 0.991211 0.0625 0.0175781 0.0429688 0.0330584
1 0.990234 0.0888672 0.0195312 0.0371094 0.0334706
1 0.981445 0.0224609 0.0371094 0.0449219 0.0341119
1 0.981445 0.00976562 0.0371094 0.0195312 0.0372388
1 0.989258 0.107422 0.0214844 0.0273438 0.0401697
1 0.71582 0.924805 0.0292969 0.0332031 0.0418733
1 0.985352 0.0576172 0.0292969 0.0800781 0.0451627
1 0.202148 0.251953 0.0332031 0.0273438 0.0482586
1 0.325195 0.342773 0.0332031 0.0253906 0.0504474
1 0.132812 0.151367 0.0273438 0.0292969 0.0512987
1 0.65332 0.174805 0.0214844 0.0214844 0.0543716
1 0.192383 0.248047 0.0410156 0.0390625 0.0903752
1 0.141602 0.251953 0.0410156 0.0351562 0.132929
1 0.648438 0.162109 0.0273438 0.0351562 0.145542
1 0.142578 0.196289 0.03125 0.0292969 0.15869
1 0.251953 0.989258 0.03125 0.0214844 0.221025
1 0.677734 0.93457 0.046875 0.0292969 0.230434
1 0.277344 0.988281 0.03125 0.0234375 0.2403
1 0.742188 0.921875 0.0742188 0.0429688 0.292829
1 0.388672 0.974609 0.0546875 0.0351562 0.315515
0 0.522461 0.404297 0.955078 0.808594 0.565638
1 0.324219 0.982422 0.0429688 0.03125 0.586372
1 0.84082 0.90918 0.0566406 0.0488281 0.691967
