1 0.0644531 0.213867 0.03125 0.0410156 0.0218716
1 0.322266 0.0527344 0.0429688 0.0234375 0.0226436
1 0.37207 0.760742 0.0410156 0.0332031 0.0253726
1 0.1875 0.157227 0.0390625 0.0449219 0.0323039
1 0.145508 0.185547 0.0449219 0.0390625 0.0412088
1 0.09375 0.194336 0.0625 0.0410156 0.0418879
1 0.135742 0.192383 0.0332031 0.0292969 0.0492885
1 0.12793 0.1875 0.150391 0.0625 0.0662889
1 0.104492 0.197266 0.0292969 0.0273438 0.0708436
1 0.171875 0.172852 0.0664062 0.0566406 0.0815951
4 0.743164 0.264648 0.509766 0.529297 0.084285
1 0.317383 0.0292969 0.0449219 0.0351562 0.0857883
0 0.494141 0.5 0.984375 0.996094 0.113001
1 0.0664062 0.200195 0.0351562 0.0371094 0.138344
1 0.316406 0.0146484 0.0429688 0.0292969 0.293236
1 0.0205078 0.177734 0.0410156 0.0625 0.310729
0 0.493164 0.863281 0.361328 0.269531 0.33018
1 0.226562 0.949219 0.0390625 0.0273438 0.476848
1 0.328125 0.137695 0.0546875 0.0410156 0.534499
1 0.228516 0.827148 0.0625 0.0527344 0.63498
1 0.327148 0.0849609 0.0527344 0.0449219 0.664651
1 0.0449219 0.81543 0.0664062 0.0527344 0.699643
1 0.137695 0.942383 0.0566406 0.0527344 0.734236
1 0.461914 0.886719 0.0449219 0.046875 0.745939
1 0.0625 0.946289 0.046875 0.0332031 0.760153
