5 0.540039 0.0117188 0.0371094 0.0234375 0.0222281
1 0.610352 0.461914 0.0175781 0.0175781 0.0250325
0 0.871094 0.908203 0.257812 0.183594 0.0337117
2 0.540039 0.0117188 0.0371094 0.0234375 0.0339776
1 0.200195 0.47168 0.0449219 0.0488281 0.0428474
1 0.618164 0.505859 0.0136719 0.0117188 0.0598135
1 0.603516 0.482422 0.0273438 0.0234375 0.0733959
1 0.609375 0.476562 0.0195312 0.0195312 0.0741145
3 0.668945 0.136719 0.0449219 0.0859375 0.151952
1 0.62793 0.550781 0.0292969 0.0351562 0.219068
1 0.601562 0.490234 0.03125 0.0195312 0.257215
1 0.597656 0.451172 0.03125 0.0273438 0.300015
1 0.491211 0.208984 0.0214844 0.0234375 0.374724
1 0.469727 0.15332 0.0253906 0.0253906 0.515643
1 0.485352 0.241211 0.0253906 0.0253906 0.652252
1 0.938477 0.460938 0.0644531 0.0429688 0.758323
