1 0.854492 0.154297 0.291016 0.308594 0.0200616
1 0.365234 0.412109 0.0351562 0.03125 0.0209275
1 0.363281 0.301758 0.0507812 0.0449219 0.0218649
1 0.363281 0.386719 0.0390625 0.0351562 0.0223537
1 0.768555 0.654297 0.0488281 0.0546875 0.022833
1 0.37793 0.364258 0.0253906 0.0253906 0.0246946
1 0.393555 0.442383 0.0488281 0.0605469 0.0254898
1 0.383789 0.384766 0.0253906 0.0273438 0.0258153
1 0.481445 0.458984 0.0566406 0.0429688 0.026014
5 0.123047 0.0244141 0.0273438 0.0292969 0.0265261
1 0.988281 0.262695 0.0234375 0.0449219 0.0268652
1 0.402344 0.478516 0.03125 0.0273438 0.0279914
1 0.37207 0.357422 0.0292969 0.03125 0.0285003
1 0.498047 0.463867 0.0390625 0.0449219 0.0313912
1 0.380859 0.446289 0.0273438 0.0292969 0.0340838
1 0.488281 0.495117 0.0625 0.0527344 0.0345158
5 0.769531 0.652344 0.046875 0.0507812 0.0378067
1 0.374023 0.361328 0.0488281 0.0429688 0.0380143
1 0.369141 0.396484 0.0429688 0.0429688 0.0506374
1 0.402344 0.448242 0.03125 0.0371094 0.0508924
1 0.124023 0.422852 0.0566406 0.0449219 0.0529503
1 0.37793 0.392578 0.0332031 0.0273438 0.054845
2 0.254883 0.931641 0.0996094 0.0898438 0.0570065
1 0.00976562 0.456055 0.0195312 0.0253906 0.0579231
1 0.37793 0.417969 0.0410156 0.0273438 0.0628662
1 0.837891 0.240234 0.03125 0.0390625 0.1001
1 0.0566406 0.427734 0.0195312 0.0195312 0.103365
1 0.785156 0.258789 0.03125 0.0292969 0.10338
1 0.509766 0.493164 0.0273438 0.0371094 0.104014
1 0.0458984 0.452148 0.0253906 0.0253906 0.105656
1 0.494141 0.44043 0.0429688 0.0292969 0.145105
1 0.0322266 0.40625 0.0253906 0.0234375 0.153015
1 0.0117188 0.433594 0.0234375 0.0234375 0.193466
1 0.473633 0.481445 0.0488281 0.0527344 0.19986
1 0.109375 0.411133 0.0898438 0.0644531 0.206943
2 0.770508 0.65332 0.0488281 0.0527344 0.303295
1 0.530273 0.636719 0.0644531 0.046875 0.319535
1 0.487305 0.209961 0.0839844 0.0800781 0.546901
1 0.5 0.568359 0.0546875 0.0625 0.691515
