1 0.813477 0.0976562 0.0292969 0.0234375 0.0206035
3 0.0927734 0.0146484 0.0878906 0.0292969 0.0206994
1 0.415039 0.110352 0.0292969 0.0253906 0.022547
1 0.961914 0.212891 0.0410156 0.0390625 0.0290803
1 0.102539 0.225586 0.0488281 0.0605469 0.0295576
1 0.970703 0.28418 0.0234375 0.0214844 0.031236
1 0.0634766 0.220703 0.126953 0.0976562 0.0323355
1 0.00976562 0.160156 0.0195312 0.0507812 0.0361316
3 0.152344 0.0166016 0.207031 0.0332031 0.03948
1 0.923828 0.274414 0.046875 0.0410156 0.0398911
1 0.969727 0.188477 0.0371094 0.0332031 0.0400321
1 0.0947266 0.25293 0.0566406 0.0566406 0.0502711
1 0.116211 0.046875 0.0292969 0.0234375 0.053134
1 0.777344 0.274414 0.0429688 0.0488281 0.0541609
1 0.969727 0.245117 0.0253906 0.0175781 0.0576931
1 0.887695 0.27832 0.0371094 0.0371094 0.0623155
1 0.824219 0.268555 0.0273438 0.0371094 0.0627411
1 0.743164 0.28125 0.0253906 0.0429688 0.0733911
1 0.785156 0.254883 0.03125 0.0214844 0.0763043
4 0.169922 0.674805 0.335938 0.642578 0.0787878
1 0.969727 0.269531 0.0253906 0.0429688 0.0865627
1 0.969727 0.254883 0.0253906 0.0253906 0.110135
1 0.880859 0.21582 0.03125 0.0292969 0.111276
1 0.0351562 0.206055 0.0664062 0.0644531 0.141059
1 0.0947266 0.231445 0.0761719 0.0878906 0.14503
1 0.224609 0.262695 0.0273438 0.0253906 0.180264
1 0.967773 0.225586 0.0292969 0.0253906 0.233464
1 0.652344 0.273438 0.0351562 0.0351562 0.274185
1 0.145508 0.238281 0.0292969 0.0390625 0.286634
1 0.855469 0.266602 0.0859375 0.0605469 0.339584
1 0.769531 0.285156 0.0742188 0.0546875 0.351448
1 0.604492 0.273438 0.0605469 0.0507812 0.412794
1 0.192383 0.265625 0.0332031 0.0351562 0.434728
5 0.748047 0.90918 0.078125 0.0722656 0.462698
1 0.254883 0.0644531 0.0292969 0.0234375 0.485391
1 0.0185547 0.326172 0.0371094 0.117188 0.500497
1 0.697266 0.283203 0.0390625 0.0429688 0.516384
1 0.178711 0.0947266 0.0410156 0.0371094 0.522951
1 0.140625 0.0927734 0.0273438 0.0253906 0.534186
1 0.103516 0.0742188 0.0390625 0.0234375 0.540581
1 0.163086 0.140625 0.0410156 0.0351562 0.563942
1 0.18457 0.0546875 0.0371094 0.03125 0.563983
1 0.938477 0.265625 0.0449219 0.0507812 0.578641
1 0.24707 0.101562 0.0449219 0.0351562 0.705884
1 0.237305 0.177734 0.0605469 0.0507812 0.755404
1 0.203125 0.220703 0.0429688 0.0390625 0.760245
4 0.498047 0.657227 0.992188 0.681641 0.959931
