1 0.950195 0.299805 0.0214844 0.0292969 0.0202082
1 0.867188 0.0126953 0.0351562 0.0214844 0.0223913
1 0.926758 0.292969 0.0136719 0.0117188 0.0229595
1 0.898438 0.764648 0.0507812 0.0371094 0.0256365
1 0.987305 0.40332 0.0253906 0.134766 0.0259785
1 0.863281 0.28125 0.03125 0.0351562 0.0267344
1 0.165039 0.00976562 0.0292969 0.0195312 0.0277407
1 0.0283203 0.119141 0.0253906 0.0195312 0.0306702
3 0.473633 0.568359 0.0253906 0.046875 0.0333093
1 0.866211 0.266602 0.0253906 0.0214844 0.0333614
1 0.833984 0.234375 0.0195312 0.0234375 0.0336648
1 0.856445 0.0820312 0.0214844 0.0273438 0.0432197
3 0.0253906 0.0556641 0.046875 0.0722656 0.0460047
1 0.896484 0.293945 0.0195312 0.0175781 0.0472793
1 0.912109 0.800781 0.0234375 0.0234375 0.0524835
1 0.639648 0.763672 0.0292969 0.03125 0.0559531
3 0.513672 0.0146484 0.0234375 0.0292969 0.0631572
1 0.989258 0.232422 0.0214844 0.0273438 0.0684034
1 0.0117188 0.773438 0.0234375 0.0664062 0.0693227
1 0.871094 0.298828 0.0234375 0.0195312 0.0699471
1 0.857422 0.273438 0.0195312 0.0195312 0.0809474
1 0.601562 0.775391 0.0195312 0.0195312 0.0833492
1 0.848633 0.00683594 0.0175781 0.0136719 0.083912
1 0.200195 0.00683594 0.0332031 0.0136719 0.0855759
1 0.0214844 0.0576172 0.0429688 0.0683594 0.0939979
1 0.87207 0.285156 0.0292969 0.0351562 0.0985567
1 0.371094 0.0078125 0.0507812 0.015625 0.133687
1 0.0380859 0.0302734 0.0253906 0.0253906 0.142018
1 0.863281 0.25 0.0273438 0.0273438 0.231802
1 0.987305 0.712891 0.0253906 0.0625 0.24099
1 0.146484 0.00683594 0.03125 0.0136719 0.263278
1 0.881836 0.327148 0.0253906 0.0292969 0.394761
1 0.0517578 0.0771484 0.0214844 0.0253906 0.398076
1 0.0791016 0.0283203 0.0410156 0.0371094 0.446109
1 0.967773 0.307617 0.0488281 0.0488281 0.522892
3 0.380859 0.286133 0.0703125 0.212891 0.527018
1 0.890625 0.0107422 0.0507812 0.0214844 0.561181
1 0.124023 0.0625 0.0214844 0.0273438 0.568292
1 0.233398 0.0595703 0.0292969 0.0292969 0.68635
1 0.291992 0.0517578 0.0292969 0.0292969 0.703446
1 0.178711 0.0634766 0.0292969 0.0292969 0.729543
