1 0.881836 0.115234 0.0488281 0.0390625 0.0249196
1 0.133789 0.142578 0.0292969 0.03125 0.0278227
1 0.584961 0.549805 0.0253906 0.0253906 0.0282235
1 0.394531 0.0488281 0.0351562 0.0429688 0.0312538
1 0.988281 0.787109 0.0234375 0.0664062 0.0459746
1 0.989258 0.34668 0.0214844 0.0332031 0.0471485
1 0.801758 0.414062 0.0449219 0.0546875 0.0496242
1 0.704102 0.452148 0.0371094 0.0371094 0.0500461
1 0.333984 0.615234 0.0429688 0.0390625 0.0584398
1 0.555664 0.179688 0.0644531 0.046875 0.0594585
1 0.0761719 0.00683594 0.0507812 0.0136719 0.065205
1 0.461914 0.15625 0.0566406 0.0546875 0.0859677
1 0.991211 0.0986328 0.0175781 0.0332031 0.0902301
1 0.805664 0.00683594 0.0488281 0.0136719 0.102806
1 0.941406 0.470703 0.117188 0.214844 0.104808
1 0.135742 0.108398 0.0371094 0.0332031 0.111598
1 0.985352 0.0839844 0.0292969 0.0390625 0.121349
1 0.578125 0.516602 0.0273438 0.0214844 0.141941
1 0.845703 0.819336 0.199219 0.201172 0.142152
1 0.231445 0.412109 0.0371094 0.0351562 0.150632
1 0.294922 0.176758 0.0273438 0.0292969 0.169121
1 0.989258 0.243164 0.0214844 0.0371094 0.192148
1 0.0166016 0.0117188 0.0332031 0.0234375 0.200548
1 0.688477 0.923828 0.0488281 0.0585938 0.245436
1 0.963867 0.0283203 0.0722656 0.0566406 0.298841
1 0.0839844 0.21875 0.046875 0.0390625 0.299499
1 0.306641 0.174805 0.046875 0.0371094 0.374826
1 0.876953 0.341797 0.0390625 0.0390625 0.383994
1 0.335938 0.431641 0.0507812 0.0429688 0.399152
1 0.0898438 0.47168 0.09375 0.111328 0.422532
1 0.231445 0.046875 0.0449219 0.0351562 0.43893
1 0.163086 0.608398 0.0722656 0.0527344 0.50084
1 0.498047 0.0419922 0.0429688 0.0449219 0.555431
1 0.0205078 0.374023 0.0410156 0.0683594 0.592704
1 0.283203 0.0214844 0.0585938 0.0429688 0.610608
1 0.0244141 0.204102 0.0410156 0.0371094 0.658321
1 0.751953 0.407227 0.0546875 0.0449219 0.660907
1 0.203125 0.0849609 0.0351562 0.0332031 0.669296
1 0.0986328 0.729492 0.0957031 0.0878906 0.673298
1 0.0195312 0.635742 0.0390625 0.0683594 0.686728
1 0.782227 0.202148 0.0917969 0.0644531 0.695427
1 0.118164 0.154297 0.0488281 0.0390625 0.704237
1 0.939453 0.188477 0.0664062 0.0566406 0.706864
1 0.65625 0.0859375 0.0859375 0.0859375 0.717864
1 0.658203 0.499023 0.0546875 0.0566406 0.776434
1 0.250977 0.210938 0.0371094 0.0351562 0.795892
