1 0.978516 0.618164 0.0273438 0.0214844 0.0207615
1 0.93457 0.21582 0.0410156 0.0722656 0.0212734
1 0.742188 0.664062 0.046875 0.0429688 0.0274259
1 0.0390625 0.603516 0.078125 0.105469 0.0277217
1 0.988281 0.620117 0.0234375 0.0214844 0.0280547
1 0.554688 0.0136719 0.0820312 0.0273438 0.0284626
1 0.109375 0.777344 0.0429688 0.0390625 0.0306268
1 0.992188 0.575195 0.015625 0.0371094 0.0396059
1 0.981445 0.353516 0.0332031 0.0625 0.0412481
1 0.892578 0.0361328 0.03125 0.0410156 0.044921
1 0.933594 0.628906 0.0234375 0.03125 0.0509483
1 0.990234 0.584961 0.0195312 0.0371094 0.0521239
1 0.986328 0.229492 0.0273438 0.0488281 0.0665864
1 0.991211 0.391602 0.0175781 0.0292969 0.0683195
1 0.694336 0.428711 0.0957031 0.0722656 0.068701
1 0.105469 0.729492 0.0429688 0.0449219 0.086047
1 0.989258 0.364258 0.0214844 0.0253906 0.093064
1 0.694336 0.453125 0.119141 0.160156 0.0960343
1 0.985352 0.636719 0.0292969 0.0273438 0.105509
1 0.954102 0.608398 0.0292969 0.0332031 0.114034
1 0.988281 0.334961 0.0234375 0.0332031 0.159371
1 0.989258 0.601562 0.0214844 0.0234375 0.168569
1 0.616211 0.0927734 0.0761719 0.0644531 0.176387
1 0.874023 0.0332031 0.0605469 0.0507812 0.210873
1 0.566406 0.0292969 0.105469 0.0585938 0.224568
1 0.691406 0.407227 0.140625 0.0957031 0.235838
1 0.959961 0.360352 0.0410156 0.0605469 0.241852
1 0.93457 0.614258 0.0214844 0.0292969 0.26791
1 0.987305 0.453125 0.0253906 0.0273438 0.365047
1 0.735352 0.631836 0.0644531 0.0839844 0.370741
1 0.959961 0.226562 0.0761719 0.0703125 0.371325
1 0.642578 0.181641 0.140625 0.09375 0.372642
1 0.720703 0.496094 0.0703125 0.0664062 0.400828
1 0.982422 0.420898 0.03125 0.0292969 0.412891
1 0.833984 0.640625 0.0507812 0.0585938 0.422098
1 0.893555 0.628906 0.0527344 0.046875 0.70945
1 0.668945 0.294922 0.107422 0.0898438 0.710455
