1 0.554688 0.702148 0.0234375 0.0292969 0.0200994
1 0.722656 0.544922 0.03125 0.0273438 0.0213285
1 0.737305 0.561523 0.0410156 0.0332031 0.0234397
1 0.572266 0.711914 0.046875 0.0253906 0.0244016
1 0.762695 0.557617 0.0917969 0.0410156 0.0285606
5 0.595703 0.300781 0.0195312 0.0195312 0.0355122
1 0.993164 0.637695 0.0136719 0.0175781 0.0373326
1 0.836914 0.549805 0.0449219 0.0371094 0.042374
5 0.490234 0.117188 0.0703125 0.0585938 0.0449729
1 0.973633 0.628906 0.0175781 0.015625 0.0499455
1 0.885742 0.584961 0.0214844 0.0214844 0.0572758
1 0.789062 0.567383 0.0429688 0.0332031 0.0660532
1 0.733398 0.548828 0.0449219 0.0351562 0.106232
1 0.852539 0.540039 0.0605469 0.0410156 0.109076
1 0.581055 0.702148 0.0605469 0.0449219 0.121853
5 0.606445 0.333008 0.0253906 0.0214844 0.180338
1 0.837891 0.583984 0.046875 0.0390625 0.299276
1 0.991211 0.549805 0.0175781 0.0527344 0.337411
1 0.669922 0.564453 0.0390625 0.0390625 0.595035
