1 0.962891 0.842773 0.0703125 0.0800781 0.0204236
1 0.870117 0.351562 0.0488281 0.0546875 0.0219888
1 0.392578 0.964844 0.0351562 0.0390625 0.023262
1 0.416992 0.957031 0.0371094 0.0390625 0.0259197
1 0.898438 0.852539 0.0742188 0.0566406 0.0410334
1 0.991211 0.878906 0.0175781 0.0273438 0.0591413
1 0.439453 0.956055 0.109375 0.0761719 0.0766633
1 0.914062 0.84082 0.0585938 0.0566406 0.141288
1 0.993164 0.830078 0.0136719 0.0429688 0.153793
1 0.301758 0.948242 0.134766 0.0996094 0.165568
1 0.926758 0.839844 0.115234 0.0703125 0.178052
1 0.963867 0.837891 0.0332031 0.03125 0.330067
1 0.844727 0.354492 0.0644531 0.0722656 0.379227
1 0.751953 0.379883 0.0976562 0.103516 0.389537
1 0.985352 0.358398 0.0292969 0.0683594 0.447272
1 0.981445 0.276367 0.0371094 0.0527344 0.462695
1 0.837891 0.976562 0.0742188 0.046875 0.678632
