1 0.0957031 0.250977 0.03125 0.0371094 0.0222893
1 0.0996094 0.280273 0.0351562 0.0332031 0.0249641
1 0.161133 0.235352 0.0253906 0.0175781 0.0305152
1 0.392578 0.799805 0.046875 0.0410156 0.0306899
1 0.0332031 0.350586 0.0625 0.0566406 0.0354941
1 0.0126953 0.358398 0.0253906 0.0371094 0.0410809
1 0.371094 0.810547 0.0234375 0.03125 0.0411099
1 0.0478516 0.248047 0.0371094 0.0351562 0.0444285
1 0.128906 0.237305 0.0273438 0.0214844 0.046898
1 0.120117 0.276367 0.0644531 0.0488281 0.0480557
1 0.442383 0.219727 0.0449219 0.0410156 0.0485363
1 0.0996094 0.250977 0.0234375 0.0214844 0.0721988
1 0.133789 0.24707 0.0996094 0.111328 0.082604
1 0.12793 0.268555 0.0332031 0.0332031 0.0933349
1 0.163086 0.22168 0.0292969 0.0371094 0.0956473
1 0.369141 0.797852 0.0273438 0.0371094 0.112196
1 0.143555 0.268555 0.0605469 0.0410156 0.116895
1 0.00878906 0.272461 0.0175781 0.0488281 0.151843
1 0.283203 0.273438 0.0546875 0.0390625 0.153234
1 0.405273 0.794922 0.0449219 0.0429688 0.163213
1 0.963867 0.0478516 0.0488281 0.0410156 0.164314
1 0.198242 0.259766 0.0292969 0.0390625 0.185551
1 0.470703 0.914062 0.0234375 0.0195312 0.201844
1 0.473633 0.750977 0.0449219 0.0410156 0.224194
1 0.0234375 0.836914 0.046875 0.0761719 0.333688
1 0.0380859 0.265625 0.0527344 0.0664062 0.341197
1 0.0888672 0.858398 0.0878906 0.0996094 0.500721
