1 0.0107422 0.0791016 0.0214844 0.0332031 0.0200682
1 0.987305 0.870117 0.0253906 0.0449219 0.0227191
1 0.157227 0.423828 0.0800781 0.046875 0.0228855
1 0.944336 0.561523 0.0449219 0.0566406 0.0231836
1 0.886719 0.993164 0.0390625 0.0136719 0.0232876
1 0.0253906 0.0117188 0.0390625 0.0234375 0.0242579
1 0.115234 0.487305 0.0703125 0.0644531 0.0245447
1 0.964844 0.354492 0.0195312 0.0214844 0.0270081
1 0.963867 0.503906 0.0566406 0.0351562 0.0292112
1 0.978516 0.445312 0.0351562 0.0273438 0.0316886
1 0.134766 0.373047 0.0585938 0.0546875 0.0335924
1 0.22168 0.446289 0.0332031 0.0292969 0.0374401
1 0.993164 0.361328 0.0136719 0.0234375 0.0433164
1 0.97168 0.535156 0.0527344 0.0429688 0.0435075
1 0.979492 0.353516 0.0214844 0.0234375 0.0436303
1 0.242188 0.359375 0.0351562 0.0351562 0.0508157
1 0.919922 0.425781 0.03125 0.0234375 0.0589408
1 0.170898 0.375977 0.0878906 0.0566406 0.0592414
1 0.993164 0.353516 0.0136719 0.0195312 0.0619198
1 0.916016 0.416016 0.0234375 0.0195312 0.0619523
1 0.990234 0.134766 0.0195312 0.0273438 0.0733673
0 0.785156 0.514648 0.175781 0.314453 0.0875299
1 0.373047 0.589844 0.0898438 0.078125 0.0916933
1 0.369141 0.654297 0.101562 0.164062 0.091759
1 0.858398 0.992188 0.0722656 0.015625 0.0966206
1 0.0361328 0.172852 0.0488281 0.0488281 0.103992
1 0.920898 0.393555 0.0214844 0.0214844 0.105171
1 0.125977 0.431641 0.123047 0.167969 0.109273
1 0.193359 0.374023 0.0390625 0.0488281 0.131521
1 0.923828 0.43457 0.0351562 0.0800781 0.140955
1 0.145508 0.400391 0.107422 0.09375 0.149781
1 0.200195 0.775391 0.0839844 0.164062 0.150391
1 0.393555 0.723633 0.259766 0.337891 0.200244
1 0.0546875 0.576172 0.0859375 0.128906 0.217768
1 0.243164 0.381836 0.0527344 0.0527344 0.273818
1 0.97168 0.483398 0.0566406 0.0566406 0.299736
1 0.621094 0.425781 0.09375 0.167969 0.304008
1 0.961914 0.552734 0.0683594 0.0703125 0.392333
1 0.332031 0.373047 0.113281 0.0859375 0.528288
1 0.255859 0.488281 0.0859375 0.0703125 0.671976
1 0.0751953 0.732422 0.150391 0.148438 0.724913
1 0.166016 0.594727 0.125 0.134766 0.752791
1 0.473633 0.419922 0.181641 0.179688 0.775723
