1 0.0546875 0.888672 0.0234375 0.0234375 0.022838
1 0.0527344 0.850586 0.0351562 0.0332031 0.0241977
1 0.676758 0.236328 0.0332031 0.0234375 0.0261284
1 0.0458984 0.87793 0.0214844 0.0214844 0.029521
1 0.641602 0.173828 0.0253906 0.0195312 0.0410265
1 0.307617 0.835938 0.0332031 0.0351562 0.0475743
1 0.351562 0.831055 0.0273438 0.0292969 0.0484103
1 0.133789 0.0449219 0.220703 0.0898438 0.0521084
1 0.0439453 0.870117 0.0214844 0.0214844 0.0527308
1 0.0732422 0.912109 0.0175781 0.0195312 0.0554315
1 0.0556641 0.902344 0.0292969 0.03125 0.0638806
1 0.298828 0.837891 0.09375 0.0507812 0.0675756
1 0.270508 0.84375 0.0332031 0.0351562 0.0796039
1 0.667969 0.188477 0.0273438 0.0175781 0.116194
1 0.337891 0.863281 0.0273438 0.0273438 0.134404
1 0.0615234 0.865234 0.0292969 0.0234375 0.140532
1 0.672852 0.245117 0.0253906 0.0253906 0.170605
1 0.380859 0.862305 0.0546875 0.0371094 0.27488
1 0.0537109 0.834961 0.0371094 0.0292969 0.342456
1 0.543945 0.119141 0.0332031 0.0351562 0.366308
1 0.688477 0.24707 0.0410156 0.0292969 0.392472
1 0.673828 0.213867 0.03125 0.0292969 0.459007
1 0.393555 0.81543 0.0644531 0.0410156 0.473708
