3 0.078125 0.600586 0.15625 0.0957031 0.0200545
1 0.681641 0.00878906 0.0546875 0.0175781 0.0223647
1 0.530273 0.0078125 0.0488281 0.015625 0.0230051
1 0.480469 0.173828 0.0703125 0.0664062 0.0241046
1 0.762695 0.00585938 0.0371094 0.0117188 0.0249193
1 0.472656 0.0849609 0.0976562 0.0761719 0.0291803
1 0.602539 0.0107422 0.0371094 0.0214844 0.0314984
1 0.936523 0.0400391 0.0839844 0.0644531 0.0351858
1 0.474609 0.00976562 0.0507812 0.0195312 0.0374171
1 0.943359 0.103516 0.078125 0.0703125 0.0451463
1 0.482422 0.185547 0.0429688 0.0429688 0.0661171
5 0.0078125 0.65918 0.015625 0.0253906 0.0757788
1 0.835938 0.602539 0.0351562 0.0332031 0.076252
1 0.578125 0.214844 0.09375 0.0742188 0.146217
1 0.0771484 0.651367 0.0449219 0.0292969 0.177397
1 0.650391 0.0996094 0.0546875 0.046875 0.265289
1 0.567383 0.0136719 0.0957031 0.0273438 0.281051
1 0.744141 0.171875 0.0546875 0.0664062 0.31451
1 0.560547 0.120117 0.0703125 0.103516 0.384063
1 0.949219 0.0595703 0.0976562 0.111328 0.413349
1 0.852539 0.12207 0.0878906 0.107422 0.58869
1 0.520508 0.290039 0.0996094 0.142578 0.61492
2 0.589844 0.745117 0.0429688 0.0410156 0.911097
