1 0.805664 0.145508 0.0332031 0.0253906 0.0205326
1 0.832031 0.516602 0.03125 0.0214844 0.0218285
1 0.794922 0.0449219 0.0195312 0.0234375 0.0223922
1 0.618164 0.683594 0.0253906 0.0234375 0.0226965
1 0.700195 0.646484 0.0253906 0.03125 0.0241299
1 0.724609 0.646484 0.0234375 0.0195312 0.024676
1 0.866211 0.0214844 0.0175781 0.0195312 0.025357
1 0.859375 0.00585938 0.0234375 0.0117188 0.0261504
1 0.806641 0.0693359 0.0273438 0.0214844 0.0289142
1 0.557617 0.711914 0.0332031 0.0253906 0.0319882
1 0.642578 0.706055 0.03125 0.0292969 0.0332503
1 0.772461 0.555664 0.0214844 0.0214844 0.033485
1 0.572266 0.712891 0.0351562 0.0234375 0.0364057
1 0.521484 0.71875 0.0351562 0.0273438 0.0377519
1 0.862305 0.0136719 0.0175781 0.0195312 0.0418211
1 0.959961 0.0380859 0.0800781 0.0761719 0.044619
1 0.72168 0.614258 0.0214844 0.0214844 0.0593546
1 0.930664 0.989258 0.138672 0.0214844 0.0691189
1 0.665039 0.646484 0.0449219 0.0351562 0.0886914
1 0.804688 0.0996094 0.0351562 0.046875 0.0973102
1 0.675781 0.616211 0.0273438 0.0214844 0.0985038
1 0.77832 0.572266 0.0253906 0.0234375 0.127273
1 0.814453 0.227539 0.0585938 0.0605469 0.134819
1 0.678711 0.647461 0.0332031 0.0292969 0.163206
1 0.842773 0.585938 0.0292969 0.03125 0.181338
1 0.830078 0.500977 0.0273438 0.0292969 0.188709
1 0.839844 0.573242 0.03125 0.0292969 0.19717
1 0.792969 0.542969 0.03125 0.0273438 0.200572
1 0.648438 0.637695 0.0273438 0.0253906 0.20492
1 0.833984 0.537109 0.0273438 0.03125 0.503087
1 0.774414 0.614258 0.0332031 0.0332031 0.724004
1 0.808594 0.618164 0.0273438 0.0292969 0.790181
