1 0.314453 0.133789 0.078125 0.107422 0.0218188
1 0.276367 0.0185547 0.0605469 0.0371094 0.02307
1 0.977539 0.166992 0.0449219 0.0957031 0.0236855
1 0.749023 0.00878906 0.0566406 0.0175781 0.0253472
0 0.307617 0.500977 0.615234 0.998047 0.0367297
3 0.0273438 0.100586 0.0546875 0.0371094 0.0756741
1 0.785156 0.0117188 0.0976562 0.0234375 0.0778114
1 0.366211 0.192383 0.123047 0.123047 0.0823611
1 0.979492 0.0947266 0.0410156 0.0371094 0.0854261
1 0.716797 0.0605469 0.0351562 0.0390625 0.113214
1 0.942383 0.851562 0.0410156 0.0390625 0.26226
1 0.652344 0.00878906 0.0429688 0.0175781 0.336817
1 0.603516 0.197266 0.0898438 0.117188 0.474685
1 0.969727 0.0585938 0.0605469 0.113281 0.566432
1 0.779297 0.132812 0.183594 0.15625 0.675343
