1 0.255859 0.680664 0.0273438 0.0253906 0.0219696
1 0.3125 0.907227 0.0390625 0.0527344 0.0236516
1 0.34082 0.952148 0.0410156 0.0332031 0.0272484
1 0.386719 0.657227 0.03125 0.0292969 0.0283318
1 0.326172 0.945312 0.0234375 0.0234375 0.0310733
1 0.308594 0.886719 0.03125 0.0664062 0.0417458
1 0.430664 0.610352 0.0566406 0.0371094 0.042195
1 0.307617 0.882812 0.0292969 0.0234375 0.0541162
1 0.547852 0.606445 0.119141 0.0878906 0.0556224
1 0.430664 0.676758 0.0527344 0.0332031 0.0588338
1 0.296875 0.782227 0.0390625 0.0527344 0.0625395
1 0.292969 0.801758 0.0273438 0.0253906 0.0744658
1 0.3125 0.779297 0.0234375 0.0195312 0.0880241
1 0.291992 0.770508 0.0214844 0.0253906 0.0958501
1 0.510742 0.623047 0.0527344 0.0507812 0.0981485
1 0.306641 0.793945 0.0390625 0.0410156 0.139919
1 0.365234 0.946289 0.0546875 0.0449219 0.235993
5 0.239258 0.0371094 0.0292969 0.0351562 0.237785
1 0.574219 0.597656 0.0625 0.0703125 0.250844
1 0.302734 0.830078 0.03125 0.0234375 0.259653
1 0.314453 0.912109 0.0273438 0.0273438 0.309099
1 0.317383 0.802734 0.0332031 0.0234375 0.368365
1 0.429688 0.651367 0.0546875 0.0371094 0.447096
1 0.306641 0.860352 0.0273438 0.0253906 0.557159
