1 0.533203 0.748047 0.03125 0.0234375 0.0226168
1 0.826172 0.688477 0.0351562 0.0410156 0.0286698
1 0.93457 0.647461 0.0410156 0.0371094 0.0321627
1 0.87793 0.651367 0.0410156 0.0488281 0.0435054
1 0.886719 0.717773 0.0234375 0.0253906 0.0504777
1 0.884766 0.636719 0.0234375 0.0273438 0.0575431
1 0.905273 0.646484 0.0253906 0.0273438 0.0753271
1 0.893555 0.651367 0.0371094 0.0410156 0.0845015
1 0.208008 0.677734 0.0253906 0.0273438 0.0937951
1 0.868164 0.641602 0.0175781 0.0253906 0.133363
1 0.887695 0.645508 0.0253906 0.0253906 0.158662
1 0.450195 0.765625 0.0292969 0.0234375 0.187613
1 0.901367 0.707031 0.0449219 0.0390625 0.244354
1 0.958984 0.703125 0.03125 0.0351562 0.341586
