1 0.123047 0.564453 0.0390625 0.0195312 0.0217955
1 0.0625 0.126953 0.0234375 0.03125 0.0229771
1 0.151367 0.00976562 0.0722656 0.0195312 0.0249221
1 0.0810547 0.294922 0.0410156 0.0546875 0.0262322
1 0.117188 0.517578 0.0507812 0.0234375 0.0279477
1 0.0712891 0.15918 0.0253906 0.0292969 0.0322362
1 0.109375 0.483398 0.0429688 0.0449219 0.0355076
1 0.115234 0.5 0.046875 0.0351562 0.0417877
1 0.0888672 0.353516 0.0410156 0.0546875 0.0567456
1 0.0908203 0.339844 0.0292969 0.0273438 0.0902945
1 0.151367 0.75 0.0488281 0.0351562 0.0974896
1 0.151367 0.703125 0.0644531 0.0429688 0.105748
1 0.0859375 0.370117 0.0429688 0.0332031 0.185258
1 0.136719 0.652344 0.0546875 0.0390625 0.192628
1 0.0927734 0.416992 0.0566406 0.0527344 0.207788
1 0.110352 0.464844 0.0449219 0.0351562 0.244594
1 0.147461 0.724609 0.0761719 0.0820312 0.382506
1 0.12207 0.548828 0.0449219 0.0429688 0.395485
1 0.133789 0.626953 0.0527344 0.046875 0.504517
1 0.126953 0.586914 0.0390625 0.0292969 0.59459
1 0.155273 0.791992 0.0371094 0.0410156 0.709165
