1 0.480469 0.523438 0.0585938 0.0234375 0.0202986
1 0.945312 0.674805 0.0273438 0.0253906 0.0205066
1 0.636719 0.0771484 0.152344 0.150391 0.0207668
1 0.93457 0.738281 0.0332031 0.0390625 0.0216637
1 0.592773 0.139648 0.0371094 0.0332031 0.0240239
1 0.939453 0.941406 0.0273438 0.0195312 0.0240279
1 0.524414 0.0117188 0.0488281 0.0234375 0.0244897
1 0.0400391 0.575195 0.0214844 0.0175781 0.0253102
1 0.428711 0.351562 0.0488281 0.0507812 0.0258741
1 0.540039 0.0224609 0.0644531 0.0449219 0.0280458
1 0.444336 0.217773 0.0839844 0.0917969 0.0290296
1 0.458008 0.199219 0.0566406 0.0625 0.0312854
1 0.289062 0.178711 0.0351562 0.0410156 0.0321613
1 0.963867 0.746094 0.0449219 0.0429688 0.0366955
1 0.644531 0.133789 0.128906 0.0839844 0.0367718
1 0.970703 0.928711 0.015625 0.00976562 0.043579
1 0.482422 0.0126953 0.0664062 0.0253906 0.0455266
1 0.506836 0.0175781 0.0800781 0.0351562 0.0466829
1 0.431641 0.303711 0.0429688 0.0410156 0.0481405
1 0.0761719 0.613281 0.03125 0.03125 0.0534216
1 0.705078 0.614258 0.03125 0.0292969 0.0550016
1 0.606445 0.0498047 0.0957031 0.0917969 0.05731
1 0.986328 0.80957 0.0234375 0.0332031 0.0698703
1 0.966797 0.817383 0.0390625 0.0371094 0.0741057
1 0.938477 0.921875 0.0292969 0.0234375 0.0771104
1 0.212891 0.655273 0.0351562 0.0253906 0.0772328
1 0.201172 0.655273 0.0195312 0.0253906 0.0918156
1 0.609375 0.1875 0.0703125 0.0585938 0.094935
1 0.955078 0.583008 0.015625 0.0175781 0.105115
1 0.00878906 0.595703 0.0175781 0.0234375 0.123417
1 0.933594 0.914062 0.03125 0.03125 0.139587
1 0.964844 0.803711 0.0429688 0.0410156 0.143132
1 0.517578 0.617188 0.0273438 0.0234375 0.160258
1 0.9375 0.59082 0.0273438 0.0214844 0.163968
1 0.404297 0.351562 0.0703125 0.0546875 0.20416
1 0.973633 0.580078 0.0175781 0.0195312 0.223395
1 0.46582 0.625 0.0292969 0.0273438 0.24068
1 0.474609 0.104492 0.0351562 0.0371094 0.243438
1 0.943359 0.683594 0.03125 0.03125 0.255808
1 0.946289 0.748047 0.0644531 0.0546875 0.283855
1 0.972656 0.848633 0.0195312 0.0175781 0.314636
1 0.0595703 0.609375 0.0566406 0.03125 0.332652
1 0.610352 0.62207 0.0410156 0.0332031 0.356913
1 0.388672 0.636719 0.0234375 0.0195312 0.358402
1 0.147461 0.65918 0.0214844 0.0175781 0.373857
1 0.949219 0.905273 0.0390625 0.0292969 0.391166
1 0.424805 0.632812 0.0292969 0.0195312 0.513529
1 0.299805 0.629883 0.0332031 0.0253906 0.516279
1 0.94043 0.621094 0.0292969 0.0234375 0.535595
1 0.97168 0.873047 0.0253906 0.0195312 0.548985
1 0.957031 0.947266 0.03125 0.0234375 0.567214
1 0.174805 0.657227 0.0292969 0.0253906 0.575557
1 0.349609 0.636719 0.0390625 0.0234375 0.586761
1 0.893555 0.858398 0.0332031 0.0292969 0.58885
1 0.227539 0.654297 0.0292969 0.0234375 0.589651
1 0.262695 0.647461 0.0292969 0.0253906 0.6589
1 0.932617 0.874023 0.0292969 0.0292969 0.676493
1 0.662109 0.625977 0.046875 0.0371094 0.710281
1 0.121094 0.644531 0.0351562 0.0234375 0.756177
