3 0.711914 0.22168 0.572266 0.443359 0.0287024
1 0.913086 0.875977 0.0253906 0.0253906 0.032853
1 0.923828 0.888672 0.0429688 0.046875 0.0361167
5 0.00683594 0.516602 0.0136719 0.0253906 0.0372791
1 0.993164 0.927734 0.0136719 0.0234375 0.0476873
1 0.825195 0.777344 0.0292969 0.0351562 0.0476927
1 0.976562 0.75293 0.0390625 0.0253906 0.0481474
1 0.990234 0.74707 0.0195312 0.0292969 0.0544949
3 0.714844 0.0917969 0.570312 0.179688 0.0871827
1 0.962891 0.753906 0.0273438 0.0273438 0.109815
1 0.711914 0.870117 0.0683594 0.0878906 0.161269
3 0.0673828 0.0615234 0.134766 0.123047 0.239702
1 0.852539 0.762695 0.0605469 0.0566406 0.249598
3 0.0839844 0.397461 0.0742188 0.103516 0.318496
