1 0.316406 0.572266 0.0234375 0.0195312 0.020923
1 0.00976562 0.544922 0.0195312 0.0429688 0.0210496
3 0.841797 0.160156 0.128906 0.3125 0.0212542
1 0.323242 0.491211 0.0332031 0.0253906 0.0213121
1 0.313477 0.126953 0.0371094 0.0351562 0.0217323
1 0.172852 0.498047 0.0371094 0.0351562 0.0228055
1 0.195312 0.554688 0.0234375 0.0273438 0.0235731
1 0.308594 0.574219 0.0234375 0.0195312 0.0255531
1 0.174805 0.517578 0.0371094 0.0351562 0.0256894
1 0.320312 0.458984 0.0625 0.03125 0.0273091
1 0.268555 0.478516 0.0253906 0.0273438 0.0288164
1 0.212891 0.480469 0.0273438 0.0273438 0.0328066
1 0.325195 0.480469 0.0371094 0.0273438 0.033943
1 0.046875 0.578125 0.03125 0.0273438 0.0349812
1 0.306641 0.535156 0.0273438 0.03125 0.0371664
1 0.280273 0.493164 0.0292969 0.0253906 0.0377323
1 0.292969 0.578125 0.03125 0.0234375 0.0416617
1 0.210938 0.554688 0.03125 0.0234375 0.0433859
1 0.132812 0.571289 0.0234375 0.0175781 0.0478459
1 0.0703125 0.569336 0.0390625 0.0371094 0.0503387
1 0.0117188 0.0888672 0.0234375 0.0214844 0.0583091
1 0.328125 0.520508 0.0546875 0.0488281 0.0596276
1 0.214844 0.515625 0.0273438 0.0273438 0.0624057
1 0.117188 0.574219 0.015625 0.0195312 0.0627277
1 0.0117188 0.569336 0.0234375 0.0410156 0.0675007
1 0.211914 0.49707 0.0253906 0.0214844 0.0698105
1 0.222656 0.548828 0.0429688 0.03125 0.0723264
3 0.447266 0.4375 0.0664062 0.191406 0.0726474
1 0.178711 0.506836 0.0214844 0.0214844 0.0738931
1 0.251953 0.473633 0.0234375 0.0214844 0.0747231
1 0.0205078 0.151367 0.0410156 0.0527344 0.0775093
1 0.163086 0.499023 0.0488281 0.0527344 0.0816079
1 0.0078125 0.0429688 0.015625 0.0273438 0.0816698
1 0.317383 0.527344 0.0332031 0.0351562 0.0883138
1 0.00976562 0.0175781 0.0195312 0.0351562 0.0966023
1 0.0400391 0.571289 0.0371094 0.0332031 0.0975801
1 0.289062 0.489258 0.0273438 0.0253906 0.12716
1 0.0976562 0.570312 0.0273438 0.03125 0.135745
1 0.214844 0.472656 0.0273438 0.0234375 0.145673
1 0.0830078 0.570312 0.0292969 0.03125 0.151697
1 0.27832 0.473633 0.0214844 0.0175781 0.154445
1 0.274414 0.53125 0.0332031 0.0390625 0.162684
1 0.0107422 0.0634766 0.0214844 0.0332031 0.210008
1 0.223633 0.526367 0.0410156 0.0371094 0.272363
1 0.171875 0.550781 0.0351562 0.03125 0.286878
1 0.323242 0.441406 0.0605469 0.0429688 0.304333
1 0.0400391 0.557617 0.0800781 0.0722656 0.320163
1 0.355469 0.520508 0.0351562 0.0410156 0.392481
3 0.787109 0.930664 0.0585938 0.134766 0.423385
