0 0.192383 0.745117 0.384766 0.509766 0.0424278
1 0.916016 0.602539 0.0273438 0.0332031 0.0604434
1 0.261719 0.291016 0.046875 0.0429688 0.0622245
1 0.921875 0.640625 0.0351562 0.0351562 0.088071
1 0.355469 0.575195 0.03125 0.0332031 0.0981773
1 0.875 0.694336 0.0546875 0.0527344 0.118441
1 0.142578 0.283203 0.0429688 0.0390625 0.16095
1 0.282227 0.237305 0.0449219 0.0488281 0.16126
1 0.00878906 0.174805 0.0175781 0.0371094 0.435066
1 0.568359 0.201172 0.0390625 0.0429688 0.442917
1 0.794922 0.564453 0.0546875 0.0507812 0.460843
1 0.713867 0.615234 0.0488281 0.0625 0.755543
1 0.760742 0.160156 0.0957031 0.078125 0.828853
