1 0.495117 0.167969 0.0253906 0.0234375 0.0205011
1 0.463867 0.150391 0.0214844 0.0234375 0.0206512
1 0.488281 0.171875 0.0234375 0.0234375 0.0227919
1 0.516602 0.181641 0.0371094 0.03125 0.0275511
1 0.442383 0.138672 0.0253906 0.0273438 0.0330504
1 0.611328 0.220703 0.0234375 0.0390625 0.0343529
1 0.481445 0.176758 0.0214844 0.0214844 0.0383948
1 0.498047 0.179688 0.0351562 0.0273438 0.0390324
1 0.96582 0.171875 0.0683594 0.191406 0.0466679
1 0.463867 0.208984 0.0214844 0.0234375 0.0470238
1 0.415039 0.226562 0.0332031 0.03125 0.0537406
1 0.498047 0.145508 0.03125 0.0292969 0.0545332
1 0.384766 0.119141 0.03125 0.03125 0.0548782
1 0.47168 0.120117 0.0292969 0.0253906 0.0641121
1 0.763672 0.165039 0.1875 0.130859 0.0721515
1 0.970703 0.125 0.0585938 0.09375 0.0729993
1 0.385742 0.152344 0.0292969 0.0234375 0.0757779
1 0.605469 0.204102 0.0273438 0.0292969 0.0944761
1 0.607422 0.250977 0.0273438 0.0371094 0.129241
1 0.486328 0.148438 0.0195312 0.0273438 0.134369
1 0.550781 0.188477 0.03125 0.0292969 0.149713
1 0.935547 0.226562 0.128906 0.28125 0.167128
1 0.509766 0.146484 0.0273438 0.0273438 0.189064
1 0.738281 0.0488281 0.136719 0.0898438 0.199648
1 0.586914 0.198242 0.0253906 0.0253906 0.216618
1 0.612305 0.208008 0.0214844 0.0253906 0.229789
