1 0.794922 0.242188 0.0390625 0.0390625 0.0201458
1 0.174805 0.517578 0.0214844 0.0195312 0.0205363
1 0.701172 0.373047 0.0351562 0.0351562 0.0213009
1 0.236328 0.510742 0.0234375 0.0214844 0.0216623
1 0.742188 0.254883 0.03125 0.0332031 0.0223067
1 0.717773 0.393555 0.0644531 0.0800781 0.0250949
1 0.694336 0.254883 0.0410156 0.0292969 0.0254605
1 0.709961 0.255859 0.0449219 0.03125 0.0274892
1 0.755859 0.266602 0.0273438 0.0175781 0.0280232
1 0.727539 0.532227 0.0292969 0.0332031 0.0290531
1 0.756836 0.0117188 0.107422 0.0234375 0.0359628
1 0.0419922 0.530273 0.0292969 0.0253906 0.0365838
0 0.398438 0.0361328 0.351562 0.0722656 0.0372658
1 0.263672 0.373047 0.0273438 0.0234375 0.0375309
1 0.716797 0.476562 0.0273438 0.0234375 0.0390282
1 0.717773 0.496094 0.0253906 0.0273438 0.0391745
1 0.756836 0.290039 0.0214844 0.0214844 0.039205
1 0.725586 0.256836 0.0371094 0.0292969 0.0396106
1 0.668945 0.263672 0.0214844 0.0234375 0.0406429
1 0.78418 0.0078125 0.0566406 0.015625 0.0417536
1 0.682617 0.273438 0.0410156 0.0546875 0.0449162
1 0.219727 0.492188 0.0253906 0.0195312 0.0596125
1 0.710938 0.366211 0.0625 0.0371094 0.0598122
1 0.717773 0.511719 0.0253906 0.0429688 0.060157
1 0.925781 0.34668 0.046875 0.0410156 0.0606142
1 0.722656 0.302734 0.0195312 0.0234375 0.0658341
1 0.216797 0.447266 0.0234375 0.0234375 0.0678068
1 0.693359 0.295898 0.0390625 0.0371094 0.076429
1 0.18457 0.517578 0.0214844 0.0195312 0.083427
1 0.0751953 0.533203 0.0253906 0.0234375 0.0852951
1 0.0175781 0.521484 0.0234375 0.015625 0.090072
1 0.0185547 0.545898 0.0253906 0.0214844 0.0950377
1 0.145508 0.519531 0.0371094 0.0234375 0.102481
1 0.722656 0.524414 0.0273438 0.0292969 0.107045
1 0.746094 0.447266 0.0234375 0.0273438 0.112815
1 0.289062 0.483398 0.0234375 0.0253906 0.119
1 0.749023 0.556641 0.0449219 0.0429688 0.126128
1 0.0839844 0.526367 0.03125 0.0253906 0.14017
1 0.103516 0.522461 0.03125 0.0253906 0.154885
1 0.692383 0.300781 0.0566406 0.0625 0.155912
1 0.0449219 0.541992 0.0273438 0.0253906 0.178577
1 0.880859 0.325195 0.0390625 0.0371094 0.225352
1 0.753906 0.521484 0.0351562 0.03125 0.228508
1 0.894531 0.230469 0.0703125 0.117188 0.252625
1 0.729492 0.0107422 0.0488281 0.0214844 0.257056
1 0.753906 0.59668 0.0703125 0.0566406 0.302154
1 0.711914 0.413086 0.0332031 0.0371094 0.31778
1 0.222656 0.487305 0.0195312 0.0175781 0.318422
1 0.916016 0.387695 0.0546875 0.0449219 0.362555
1 0.844727 0.240234 0.0332031 0.0390625 0.38203
1 0.945312 0.516602 0.0664062 0.0917969 0.389004
1 0.222656 0.517578 0.0234375 0.0195312 0.398856
1 0.265625 0.485352 0.0195312 0.0214844 0.413971
1 0.724609 0.408203 0.0585938 0.0429688 0.457759
1 0.713867 0.450195 0.0253906 0.0292969 0.491163
1 0.933594 0.439453 0.0546875 0.046875 0.521079
1 0.276367 0.514648 0.0253906 0.0214844 0.644931
1 0.754883 0.483398 0.0292969 0.0292969 0.657687
1 0.764648 0.676758 0.0878906 0.0917969 0.666515
1 0.308594 0.519531 0.0273438 0.0273438 0.682796
