0 0.0966797 0.910156 0.193359 0.175781 0.0334001
1 0.806641 0.958984 0.195312 0.0820312 0.0439131
1 0.579102 0.788086 0.0605469 0.0644531 0.07769
2 0.263672 0.15332 0.0195312 0.0214844 0.0828356
0 0.0898438 0.560547 0.179688 0.457031 0.0977842
1 0.865234 0.96582 0.0820312 0.0644531 0.263782
1 0.733398 0.94043 0.0957031 0.111328 0.308622
1 0.512695 0.792969 0.0449219 0.0507812 0.33965
1 0.762695 0.6875 0.0957031 0.0898438 0.406797
1 0.613281 0.939453 0.125 0.121094 0.554663
1 0.984375 0.668945 0.03125 0.0839844 0.586913
1 0.673828 0.703125 0.0625 0.0976562 0.593876
1 0.583008 0.65918 0.0996094 0.0917969 0.593892
1 0.894531 0.676758 0.117188 0.0917969 0.674173
1 0.887695 0.851562 0.146484 0.121094 0.823684
