1 0.926758 0.421875 0.0410156 0.0273438 0.0200317
1 0.929688 0.693359 0.0351562 0.03125 0.0305811
1 0.928711 0.341797 0.0175781 0.015625 0.039664
1 0.993164 0.292969 0.0136719 0.0273438 0.0399359
1 0.876953 0.464844 0.0234375 0.0273438 0.0414357
1 0.776367 0.264648 0.0214844 0.0214844 0.044489
1 0.78125 0.450195 0.0273438 0.0214844 0.0454757
1 0.766602 0.40332 0.0214844 0.0175781 0.0501245
1 0.953125 0.422852 0.03125 0.0253906 0.050549
1 0.988281 0.730469 0.0234375 0.0585938 0.0545112
1 0.989258 0.37207 0.0214844 0.0371094 0.0556277
1 0.941406 0.400391 0.03125 0.03125 0.0556824
1 0.74707 0.267578 0.0175781 0.015625 0.0564158
1 0.907227 0.453125 0.0253906 0.0273438 0.0586396
1 0.799805 0.388672 0.0214844 0.0195312 0.0615024
1 0.806641 0.445312 0.0234375 0.015625 0.0633072
1 0.802734 0.475586 0.0429688 0.0371094 0.0666678
1 0.927734 0.392578 0.0234375 0.0195312 0.0775426
1 0.780273 0.490234 0.0292969 0.015625 0.0827833
1 0.990234 0.445312 0.0195312 0.03125 0.0891116
1 0.762695 0.394531 0.0214844 0.0195312 0.103739
1 0.764648 0.269531 0.0253906 0.015625 0.125212
3 0.00976562 0.0546875 0.0195312 0.0898438 0.133812
1 0.948242 0.416016 0.0292969 0.0273438 0.134993
1 0.914062 0.439453 0.0273438 0.0273438 0.138584
1 0.913086 0.387695 0.0253906 0.0214844 0.170189
1 0.987305 0.427734 0.0253906 0.0351562 0.182919
1 0.983398 0.388672 0.0332031 0.0351562 0.186134
1 0.819336 0.395508 0.0292969 0.0214844 0.186332
1 0.762695 0.285156 0.0253906 0.0234375 0.197357
1 0.816406 0.303711 0.0234375 0.0136719 0.202526
1 0.773438 0.428711 0.0234375 0.0253906 0.212366
1 0.852539 0.394531 0.0175781 0.0234375 0.212612
1 0.767578 0.421875 0.0195312 0.0273438 0.228907
1 0.81543 0.477539 0.0253906 0.0253906 0.251659
1 0.914062 0.429688 0.03125 0.0273438 0.263646
1 0.901367 0.460938 0.0253906 0.0234375 0.356785
1 0.908203 0.358398 0.0234375 0.0214844 0.364048
1 0.791016 0.263672 0.0273438 0.0234375 0.414944
1 0.787109 0.467773 0.0351562 0.0410156 0.42048
1 0.27832 0.0302734 0.0332031 0.0410156 0.444635
1 0.761719 0.383789 0.0234375 0.0253906 0.497669
1 0.825195 0.361328 0.0292969 0.0273438 0.547293
1 0.880859 0.261719 0.0390625 0.0351562 0.551477
1 0.923828 0.249023 0.03125 0.0253906 0.582876
1 0.835938 0.262695 0.0390625 0.0292969 0.607981
1 0.978516 0.338867 0.0234375 0.0253906 0.609392
1 0.855469 0.46875 0.046875 0.0351562 0.656472
1 0.754883 0.34082 0.0253906 0.0292969 0.722068
1 0.878906 0.383789 0.03125 0.0292969 0.740124
1 0.87207 0.415039 0.0292969 0.0292969 0.750249
