1 0.545898 0.989258 0.0214844 0.0214844 0.0203517
1 0.522461 0.59668 0.0332031 0.0253906 0.0285175
1 0.958984 0.936523 0.0507812 0.0488281 0.0427146
1 0.0146484 0.336914 0.0292969 0.0488281 0.0509547
1 0.563477 0.984375 0.0527344 0.03125 0.066497
1 0.491211 0.689453 0.0410156 0.0351562 0.0820616
1 0.850586 0.984375 0.0644531 0.03125 0.0934002
1 0.615234 0.969727 0.0898438 0.0566406 0.187251
1 0.982422 0.868164 0.0351562 0.0605469 0.259761
1 0.638672 0.969727 0.0390625 0.0488281 0.266215
1 0.578125 0.978516 0.0703125 0.0429688 0.427333
