1 0.993164 0.351562 0.0136719 0.105469 0.0247984
1 0.455078 0.660156 0.0234375 0.0234375 0.0271771
1 0.714844 0.615234 0.0429688 0.0351562 0.0284344
1 0.413086 0.671875 0.0527344 0.03125 0.0288477
1 0.439453 0.666016 0.0390625 0.0273438 0.0300078
1 0.623047 0.625 0.0351562 0.0273438 0.0328264
3 0.0839844 0.239258 0.160156 0.466797 0.0347555
1 0.537109 0.632812 0.0390625 0.03125 0.0351157
1 0.75293 0.59082 0.0800781 0.0605469 0.0352061
1 0.987305 0.151367 0.0214844 0.0214844 0.0465065
1 0.733398 0.602539 0.0683594 0.0566406 0.0475402
1 0.585938 0.620117 0.046875 0.0410156 0.0575701
1 0.979492 0.226562 0.0332031 0.0390625 0.0649188
1 0.584961 0.628906 0.0332031 0.0234375 0.065116
1 0.795898 0.578125 0.0761719 0.0625 0.0701637
1 0.993164 0.330078 0.0136719 0.0507812 0.0940567
1 0.509766 0.65625 0.0390625 0.0273438 0.134731
0 0.666016 0.932617 0.664062 0.134766 0.172762
1 0.272461 0.696289 0.0332031 0.0292969 0.172977
1 0.294922 0.693359 0.0195312 0.0273438 0.218155
1 0.638672 0.621094 0.0234375 0.0273438 0.224172
1 0.393555 0.676758 0.0371094 0.0292969 0.287706
1 0.970703 0.183594 0.03125 0.03125 0.292112
1 0.983398 0.255859 0.0332031 0.0703125 0.375139
1 0.354492 0.680664 0.0253906 0.0292969 0.452419
1 0.428711 0.667969 0.0292969 0.0273438 0.458205
1 0.667969 0.619141 0.0273438 0.0351562 0.583986
1 0.325195 0.689453 0.0332031 0.03125 0.72126
