1 0.00683594 0.105469 0.0136719 0.0390625 0.0236773
1 0.782227 0.663086 0.0371094 0.0527344 0.0259024
1 0.0107422 0.0146484 0.0214844 0.0292969 0.0285997
1 0.407227 0.0537109 0.0683594 0.103516 0.029113
0 0.402344 0.868164 0.804688 0.263672 0.0407803
1 0.396484 0.0224609 0.0429688 0.0410156 0.0442777
1 0.263672 0.980469 0.0625 0.0390625 0.0471391
1 0.669922 0.734375 0.125 0.078125 0.0509152
1 0.0117188 0.0566406 0.0234375 0.0429688 0.0511524
1 0.00683594 0.0107422 0.0136719 0.0214844 0.0671633
1 0.00585938 0.0214844 0.0117188 0.0351562 0.0755169
1 0.00585938 0.0429688 0.0117188 0.0390625 0.0755424
1 0.955078 0.0234375 0.0898438 0.046875 0.0830252
1 0.00976562 0.296875 0.0195312 0.0703125 0.112918
1 0.0146484 0.321289 0.0292969 0.130859 0.114841
1 0.00878906 0.0742188 0.0175781 0.0351562 0.124264
1 0.00683594 0.0576172 0.0136719 0.0253906 0.141387
1 0.0117188 0.0869141 0.0234375 0.0566406 0.167647
1 0.607422 0.636719 0.0976562 0.0703125 0.178572
1 0.21875 0.589844 0.121094 0.0820312 0.18999
1 0.586914 0.560547 0.123047 0.0742188 0.195909
1 0.345703 0.431641 0.453125 0.15625 0.213699
1 0.463867 0.420898 0.208984 0.138672 0.248682
1 0.758789 0.404297 0.0410156 0.0429688 0.347364
1 0.31543 0.618164 0.326172 0.154297 0.41988
1 0.208008 0.460938 0.158203 0.113281 0.601936
1 0.704102 0.0253906 0.0605469 0.0507812 0.619966
1 0.72168 0.889648 0.158203 0.220703 0.620124
1 0.0888672 0.583008 0.126953 0.224609 0.65361
1 0.72168 0.481445 0.0566406 0.0488281 0.739943
1 0.401367 0.0820312 0.0683594 0.0625 0.751608
1 0.501953 0.946289 0.078125 0.103516 0.867626
