1 0.335938 0.240234 0.0234375 0.0234375 0.0207051
1 0.453125 0.00585938 0.03125 0.0117188 0.0220966
1 0.288086 0.285156 0.0332031 0.03125 0.0242865
1 0.119141 0.285156 0.0546875 0.0664062 0.0250562
1 0.276367 0.28125 0.0253906 0.0273438 0.0264029
1 0.205078 0.273438 0.0273438 0.0273438 0.0269774
1 0.546875 0.290039 0.03125 0.0253906 0.029397
1 0.572266 0.226562 0.0585938 0.0507812 0.0296853
1 0.791992 0.9375 0.138672 0.125 0.0361652
1 0.0439453 0.0283203 0.0800781 0.0566406 0.0399161
1 0.0322266 0.0859375 0.0527344 0.0390625 0.0440875
1 0.241211 0.254883 0.0253906 0.0292969 0.0451506
1 0.761719 0.791992 0.0273438 0.0292969 0.0471857
1 0.0400391 0.0820312 0.0332031 0.0273438 0.0485852
1 0.0332031 0.0166016 0.0625 0.0332031 0.0525799
1 0.34082 0.172852 0.0449219 0.0410156 0.0667287
1 0.470703 0.0117188 0.046875 0.0234375 0.0723637
1 0.472656 0.0224609 0.0546875 0.0449219 0.0801192
1 0.223633 0.0351562 0.0527344 0.0351562 0.109379
1 0.015625 0.345703 0.03125 0.0273438 0.115128
1 0.0625 0.0136719 0.0976562 0.0273438 0.129214
1 0.03125 0.108398 0.0625 0.0527344 0.15747
1 0.298828 0.288086 0.0273438 0.0253906 0.171528
1 0.46875 0.0439453 0.0351562 0.0292969 0.178601
1 0.257812 0.290039 0.03125 0.0253906 0.194567
1 0.0351562 0.154297 0.0703125 0.0585938 0.230491
1 0.564453 0.289062 0.0273438 0.0234375 0.344131
1 0.0566406 0.305664 0.0546875 0.0644531 0.345883
1 0.349609 0.186523 0.03125 0.0253906 0.38699
1 0.362305 0.237305 0.0332031 0.0292969 0.423142
1 0.0458984 0.230469 0.0800781 0.0664062 0.426968
1 0.330078 0.291992 0.0273438 0.0292969 0.476864
1 0.524414 0.289062 0.0292969 0.0273438 0.489011
1 0.486328 0.289062 0.0351562 0.03125 0.490628
1 0.916992 0.77832 0.0332031 0.0292969 0.52807
1 0.454102 0.291016 0.0253906 0.0273438 0.55646
1 0.391602 0.291992 0.0253906 0.0292969 0.593165
1 0.583984 0.0615234 0.0703125 0.0722656 0.610051
1 0.360352 0.291992 0.0292969 0.0292969 0.638882
1 0.566406 0.163086 0.0546875 0.0527344 0.662796
1 0.332031 0.15918 0.0390625 0.0332031 0.689159
1 0.324219 0.0654297 0.03125 0.0292969 0.7109
1 0.423828 0.292969 0.0273438 0.0273438 0.730862
1 0.922852 0.827148 0.0566406 0.0566406 0.739469
1 0.330078 0.0185547 0.0507812 0.0371094 0.767088
1 0.324219 0.119141 0.0351562 0.0351562 0.785621
1 0.44043 0.12793 0.0644531 0.0527344 0.791309
