1 0.973633 0.927734 0.0527344 0.0625 0.0207711
1 0.570312 0.423828 0.0351562 0.046875 0.0210956
1 0.932617 0.262695 0.0332031 0.0371094 0.0242407
1 0.935547 0.899414 0.128906 0.193359 0.0243572
1 0.970703 0.902344 0.0585938 0.0585938 0.0245969
1 0.826172 0.663086 0.0351562 0.0332031 0.0263169
1 0.992188 0.536133 0.015625 0.0292969 0.0287693
1 0.416992 0.987305 0.0800781 0.0253906 0.0300805
1 0.69043 0.423828 0.0488281 0.0664062 0.0349387
1 0.942383 0.231445 0.0292969 0.0332031 0.0409849
1 0.943359 0.213867 0.0273438 0.0292969 0.0422847
1 0.59082 0.952148 0.0527344 0.0566406 0.0428333
1 0.900391 0.950195 0.15625 0.0996094 0.0455682
1 0.0107422 0.984375 0.0214844 0.03125 0.0532176
1 0.891602 0.18457 0.0527344 0.0605469 0.0648633
1 0.973633 0.955078 0.0527344 0.0429688 0.0683459
1 0.730469 0.926758 0.0703125 0.0605469 0.0710589
1 0.655273 0.700195 0.0410156 0.0449219 0.0823489
1 0.541016 0.616211 0.03125 0.0292969 0.0848848
1 0.0439453 0.470703 0.0332031 0.0351562 0.0854834
1 0.970703 0.871094 0.0585938 0.0859375 0.0861352
1 0.668945 0.348633 0.0449219 0.0488281 0.0899101
1 0.681641 0.5 0.046875 0.0390625 0.0903489
1 0.570312 0.617188 0.0234375 0.0273438 0.0907085
1 0.976562 0.827148 0.046875 0.212891 0.0938534
1 0.0878906 0.408203 0.03125 0.03125 0.105711
1 0.611328 0.958008 0.101562 0.0761719 0.126809
1 0.698242 0.404297 0.0371094 0.03125 0.134381
1 0.0175781 0.519531 0.0351562 0.0390625 0.148463
1 0.977539 0.767578 0.0449219 0.0625 0.153552
1 0.388672 0.981445 0.136719 0.0371094 0.159158
1 0.921875 0.972656 0.15625 0.0546875 0.166666
1 0.972656 0.977539 0.0546875 0.0449219 0.171226
1 0.703125 0.232422 0.0390625 0.0351562 0.178081
1 0.734375 0.900391 0.0859375 0.113281 0.180995
1 0.75293 0.68457 0.0566406 0.0449219 0.185138
1 0.686523 0.445312 0.0527344 0.0390625 0.197894
1 0.756836 0.445312 0.0332031 0.0273438 0.201103
1 0.923828 0.171875 0.0546875 0.0585938 0.231713
1 0.600586 0.609375 0.0332031 0.0351562 0.289166
1 0.508789 0.271484 0.0527344 0.046875 0.297142
1 0.875977 0.426758 0.0371094 0.0371094 0.299877
1 0.558594 0.638672 0.0234375 0.0234375 0.326569
1 0.579102 0.658203 0.0253906 0.03125 0.32875
1 0.579102 0.335938 0.0917969 0.0703125 0.356247
1 0.836914 0.758789 0.0566406 0.0566406 0.356709
1 0.946289 0.485352 0.103516 0.0917969 0.359631
1 0.594727 0.25293 0.107422 0.0917969 0.370684
1 0.75293 0.5 0.0449219 0.0429688 0.434424
1 0.769531 0.582031 0.0703125 0.0703125 0.533569
1 0.644531 0.760742 0.0546875 0.0527344 0.552966
1 0.789062 0.205078 0.0703125 0.0664062 0.660149
1 0.790039 0.378906 0.0527344 0.0546875 0.714179
1 0.929688 0.357422 0.0507812 0.0585938 0.734276
1 0.166992 0.390625 0.0761719 0.0625 0.798889
