1 0.0898438 0.00488281 0.03125 0.00976562 0.0216555
1 0.865234 0.339844 0.0429688 0.0429688 0.0258252
1 0.128906 0.330078 0.03125 0.0273438 0.0308085
1 0.854492 0.21582 0.0449219 0.0332031 0.0462022
1 0.963867 0.208984 0.0722656 0.140625 0.0660404
1 0.425781 0.0126953 0.0429688 0.0253906 0.068582
1 0.855469 0.291992 0.03125 0.0253906 0.0788987
1 0.986328 0.262695 0.0273438 0.0410156 0.0884488
1 0.128906 0.0117188 0.03125 0.0234375 0.131243
1 0.980469 0.459961 0.0390625 0.0527344 0.244776
1 0.851562 0.255859 0.0351562 0.03125 0.325855
1 0.342773 0.0175781 0.0332031 0.0351562 0.343163
1 0.973633 0.554688 0.0527344 0.0664062 0.506718
1 0.416016 0.0751953 0.0546875 0.0605469 0.610675
1 0.0253906 0.078125 0.046875 0.0507812 0.64759
1 0.666016 0.186523 0.0507812 0.0449219 0.73436
1 0.514648 0.179688 0.0644531 0.0546875 0.764125
1 0.863281 0.404297 0.0507812 0.0507812 0.813866
