1 0.986328 0.0908203 0.0273438 0.0371094 0.0204861
1 0.0673828 0.0947266 0.0214844 0.0253906 0.0208511
1 0.652344 0.254883 0.0546875 0.0449219 0.0208804
1 0.358398 0.15332 0.0449219 0.0410156 0.0217994
1 0.148438 0.389648 0.0585938 0.0566406 0.02388
1 0.712891 0.250977 0.046875 0.0644531 0.0280452
1 0.148438 0.431641 0.03125 0.0195312 0.0316349
4 0.742188 0.90918 0.515625 0.177734 0.0507187
1 0.975586 0.0976562 0.0410156 0.0273438 0.0677915
1 0.881836 0.263672 0.0136719 0.0195312 0.0779371
1 0.208984 0.761719 0.0390625 0.0351562 0.0960116
1 0.21582 0.881836 0.0253906 0.0214844 0.0960444
1 0.53418 0.143555 0.0449219 0.0371094 0.110017
1 0.931641 0.0927734 0.0351562 0.0410156 0.13076
1 0.224609 0.950195 0.0390625 0.0371094 0.151247
1 0.901367 0.264648 0.0214844 0.0253906 0.159947
1 0.961914 0.0917969 0.0605469 0.0429688 0.171972
1 0.216797 0.917969 0.0234375 0.0234375 0.190919
1 0.224609 0.988281 0.0429688 0.0234375 0.232067
1 0.150391 0.352539 0.0546875 0.0488281 0.266333
1 0.412109 0.144531 0.0351562 0.03125 0.270083
1 0.135742 0.260742 0.0449219 0.0488281 0.279175
1 0.678711 0.359375 0.0332031 0.03125 0.295845
1 0.22168 0.681641 0.0214844 0.0390625 0.296511
1 0.634766 0.365234 0.0390625 0.0390625 0.304907
1 0.460938 0.358398 0.164062 0.0957031 0.337662
1 0.324219 0.154297 0.101562 0.0429688 0.341233
1 0.463867 0.141602 0.0410156 0.0332031 0.365871
1 0.639648 0.198242 0.0957031 0.0878906 0.385094
1 0.214844 0.820312 0.03125 0.03125 0.424613
1 0.505859 0.356445 0.078125 0.0839844 0.441523
1 0.859375 0.262695 0.0234375 0.0214844 0.459126
1 0.419922 0.368164 0.0859375 0.0839844 0.466195
1 0.0263672 0.103516 0.0292969 0.03125 0.466623
1 0.194336 0.713867 0.0253906 0.0253906 0.479651
1 0.676758 0.128906 0.0332031 0.0390625 0.497924
1 0.443359 0.237305 0.113281 0.0839844 0.503701
1 0.742188 0.260742 0.0859375 0.0644531 0.507891
1 0.655273 0.290039 0.0332031 0.0292969 0.551706
1 0.131836 0.402344 0.0605469 0.0546875 0.564566
1 0.856445 0.107422 0.0488281 0.0429688 0.566862
1 0.576172 0.365234 0.0507812 0.0664062 0.577011
1 0.949219 0.333008 0.0351562 0.0371094 0.582587
1 0.300781 0.158203 0.0507812 0.0390625 0.596843
1 0.918945 0.267578 0.0371094 0.03125 0.612432
1 0.794922 0.260742 0.0195312 0.0214844 0.616232
1 0.210938 0.857422 0.03125 0.0273438 0.651023
1 0.12207 0.160156 0.0996094 0.0664062 0.692262
1 0.558594 0.249023 0.0625 0.0722656 0.705315
1 0.97168 0.136719 0.0527344 0.0429688 0.713435
1 0.723633 0.34668 0.0332031 0.0371094 0.725853
1 0.890625 0.34668 0.03125 0.0332031 0.726693
1 0.166992 0.568359 0.0644531 0.0625 0.734773
1 0.808594 0.344727 0.03125 0.0332031 0.746294
1 0.845703 0.349609 0.0273438 0.0273438 0.767692
1 0.320312 0.250977 0.105469 0.0878906 0.770903
1 0.762695 0.345703 0.0292969 0.0351562 0.784473
1 0.759766 0.124023 0.117188 0.0878906 0.786411
1 0.933594 0.196289 0.0664062 0.0527344 0.837742
