1 0.335938 0.923828 0.03125 0.0195312 0.0222415
1 0.401367 0.958984 0.0253906 0.0273438 0.0223085
1 0.0566406 0.0712891 0.0195312 0.0214844 0.0225333
1 0.40918 0.836914 0.0527344 0.0527344 0.0232466
1 0.0400391 0.0722656 0.0214844 0.0234375 0.0237634
1 0.117188 0.635742 0.0234375 0.0136719 0.0300086
1 0.291016 0.768555 0.0351562 0.0214844 0.0302188
1 0.0556641 0.666992 0.0214844 0.0136719 0.0312497
1 0.151367 0.716797 0.0214844 0.0234375 0.0312805
1 0.298828 0.658203 0.0390625 0.0351562 0.0327732
1 0.0302734 0.890625 0.0253906 0.0234375 0.0343543
1 0.985352 0.851562 0.0292969 0.03125 0.0344216
1 0.137695 0.0117188 0.0371094 0.0234375 0.0348031
1 0.181641 0.799805 0.0195312 0.0175781 0.0358724
1 0.0947266 0.556641 0.0253906 0.0195312 0.0361179
1 0.173828 0.901367 0.0351562 0.0292969 0.038336
1 0.0185547 0.800781 0.0292969 0.03125 0.0389238
1 0.384766 0.958984 0.0546875 0.046875 0.0389582
1 0.988281 0.947266 0.0234375 0.0546875 0.0492602
1 0.0175781 0.0810547 0.0351562 0.0371094 0.0541201
1 0.983398 0.926758 0.0332031 0.0957031 0.0551953
1 0.0175781 0.676758 0.0351562 0.0410156 0.0567902
1 0.170898 0.599609 0.0253906 0.0273438 0.0573939
1 0.078125 0.757812 0.0273438 0.0273438 0.0574187
1 0.987305 0.824219 0.0253906 0.0351562 0.0577818
1 0.916016 0.753906 0.0273438 0.0234375 0.061365
1 0.344727 0.547852 0.0292969 0.0449219 0.0628813
1 0.96582 0.753906 0.0253906 0.0234375 0.0649077
1 0.927734 0.859375 0.0273438 0.0273438 0.0650345
1 0.298828 0.759766 0.0546875 0.046875 0.0658262
1 0.272461 0.967773 0.236328 0.0644531 0.0711462
1 0.0488281 0.761719 0.0195312 0.0195312 0.0748927
1 0.0693359 0.87793 0.0332031 0.0292969 0.0804829
1 0.887695 0.681641 0.0371094 0.0351562 0.0822986
1 0.198242 0.754883 0.0214844 0.0214844 0.0860799
1 0.118164 0.0351562 0.0957031 0.0703125 0.0942265
1 0.0117188 0.668945 0.0234375 0.0253906 0.098136
1 0.90918 0.745117 0.0449219 0.0410156 0.109417
1 0.0576172 0.84375 0.0527344 0.0351562 0.110388
1 0.981445 0.863281 0.0292969 0.0234375 0.135188
1 0.987305 0.896484 0.0253906 0.0429688 0.140761
1 0.335938 0.913086 0.03125 0.0253906 0.164289
1 0.192383 0.974609 0.0644531 0.0507812 0.169791
1 0.287109 0.645508 0.0546875 0.0410156 0.17554
1 0.182617 0.619141 0.0214844 0.015625 0.184523
1 0.140625 0.991211 0.0390625 0.0175781 0.191469
1 0.204102 0.6875 0.0371094 0.0273438 0.205589
1 0.986328 0.835938 0.0273438 0.0273438 0.208476
1 0.195312 0.84375 0.0234375 0.0390625 0.215069
1 0.956055 0.803711 0.0253906 0.0253906 0.217304
1 0.178711 0.704102 0.0214844 0.0214844 0.222051
1 0.193359 0.729492 0.0234375 0.0214844 0.22566
1 0.915039 0.798828 0.0488281 0.0546875 0.251959
1 0.191406 0.650391 0.0351562 0.0390625 0.278351
1 0.360352 0.603516 0.0449219 0.0390625 0.283604
1 0.0527344 0.862305 0.0664062 0.0722656 0.324239
1 0.242188 0.759766 0.0546875 0.0390625 0.327316
1 0.96582 0.594727 0.0683594 0.0722656 0.380787
1 0.222656 0.363281 0.046875 0.0390625 0.383105
1 0.260742 0.535156 0.0410156 0.0429688 0.449662
1 0.0498047 0.638672 0.0292969 0.03125 0.529066
1 0.987305 0.800781 0.0253906 0.03125 0.568112
1 0.0107422 0.983398 0.0214844 0.0332031 0.574495
1 0.0742188 0.698242 0.0273438 0.0292969 0.585444
1 0.222656 0.875977 0.0234375 0.0253906 0.623813
1 0.393555 0.676758 0.0566406 0.0957031 0.637713
1 0.125 0.529297 0.0429688 0.0429688 0.655021
1 0.106445 0.616211 0.0253906 0.0253906 0.685582
1 0.015625 0.75293 0.03125 0.0292969 0.688568
1 0.104492 0.583008 0.0292969 0.0292969 0.705773
1 0.120117 0.692383 0.0253906 0.0253906 0.714592
1 0.115234 0.665039 0.0273438 0.0253906 0.734951
1 0.454102 0.889648 0.0449219 0.0410156 0.756716
1 0.213867 0.836914 0.0605469 0.0488281 0.76492
1 0.288086 0.424805 0.0722656 0.0878906 0.821009
