1 0.988281 0.191406 0.0234375 0.0234375 0.025979
1 0.152344 0.824219 0.0273438 0.03125 0.0266865
1 0.985352 0.137695 0.0292969 0.0683594 0.0287497
1 0.970703 0.0732422 0.0195312 0.0214844 0.0299181
1 0.973633 0.0908203 0.0214844 0.0214844 0.0300747
1 0.0957031 0.364258 0.0351562 0.0449219 0.0374345
1 0.165039 0.807617 0.0566406 0.0527344 0.0376432
0 0.801758 0.435547 0.396484 0.871094 0.0397198
0 0.938477 0.425781 0.119141 0.851562 0.0415319
1 0.81543 0.543945 0.0371094 0.0292969 0.0619404
1 0.578125 0.128906 0.046875 0.046875 0.0672693
0 0.963867 0.395508 0.0722656 0.548828 0.110177
0 0.602539 0.499023 0.787109 0.998047 0.141961
1 0.100586 0.40332 0.0332031 0.0644531 0.153365
1 0.820312 0.523438 0.0625 0.0742188 0.156839
1 0.101562 0.398438 0.0273438 0.0234375 0.238905
1 0.573242 0.254883 0.0410156 0.0410156 0.251976
1 0.189453 0.804688 0.0429688 0.0507812 0.286489
1 0.148438 0.808594 0.03125 0.0429688 0.296495
1 0.104492 0.416016 0.0292969 0.0351562 0.435264
1 0.149414 0.750977 0.0449219 0.0410156 0.467009
1 0.146484 0.700195 0.03125 0.0332031 0.502634
0 0.442383 0.888672 0.599609 0.222656 0.545981
1 0.140625 0.662109 0.0390625 0.0351562 0.575428
1 0.0957031 0.370117 0.0273438 0.0253906 0.635799
1 0.0869141 0.337891 0.0410156 0.0351562 0.70575
1 0.135742 0.601562 0.0410156 0.0390625 0.752297
1 0.116211 0.503906 0.0488281 0.046875 0.775822
1 0.119141 0.552734 0.0429688 0.0390625 0.81523
