1 0.205078 0.166992 0.0742188 0.0761719 0.0206172
1 0.0732422 0.0976562 0.0488281 0.0507812 0.031909
1 0.188477 0.00878906 0.0371094 0.0175781 0.0324168
1 0.0126953 0.0410156 0.0253906 0.0351562 0.0384236
1 0.0283203 0.0849609 0.0410156 0.0410156 0.0390064
1 0.0283203 0.100586 0.0371094 0.0332031 0.0431201
1 0.686523 0.0195312 0.0488281 0.0390625 0.0438395
1 0.0439453 0.100586 0.0527344 0.0410156 0.0476106
1 0.0644531 0.111328 0.03125 0.0351562 0.0505215
1 0.381836 0.0878906 0.0410156 0.0390625 0.0547771
1 0.266602 0.130859 0.0253906 0.0273438 0.0574259
1 0.0292969 0.112305 0.03125 0.0253906 0.057443
1 0.0234375 0.0693359 0.0429688 0.0371094 0.0580901
1 0.0146484 0.0546875 0.0292969 0.0351562 0.0620548
1 0.0693359 0.0400391 0.0253906 0.0292969 0.0665727
1 0.0898438 0.105469 0.0351562 0.0429688 0.0755751
1 0.0136719 0.0214844 0.0273438 0.0390625 0.0930033
1 0.0478516 0.0185547 0.0449219 0.0371094 0.102388
1 0.28418 0.140625 0.0527344 0.046875 0.112757
1 0.639648 0.0117188 0.0449219 0.0234375 0.122106
1 0.0410156 0.143555 0.046875 0.0371094 0.123638
1 0.484375 0.0878906 0.078125 0.0703125 0.138593
1 0.0390625 0.0263672 0.0703125 0.0527344 0.174815
1 0.220703 0.142578 0.0546875 0.0585938 0.238327
1 0.288086 0.0771484 0.0410156 0.0332031 0.315918
1 0.570312 0.0302734 0.078125 0.0566406 0.320529
1 0.0605469 0.149414 0.0351562 0.0292969 0.362057
1 0.103516 0.540039 0.0664062 0.0410156 0.377597
1 0.0966797 0.113281 0.0292969 0.03125 0.39162
1 0.12207 0.186523 0.0683594 0.0683594 0.462588
1 0.336914 0.0957031 0.0371094 0.0351562 0.515685
1 0.261719 0.413086 0.0625 0.0527344 0.582708
