1 0.742188 0.6875 0.03125 0.0390625 0.0200644
1 0.751953 0.459961 0.0390625 0.0332031 0.0230608
1 0.767578 0.265625 0.0742188 0.0585938 0.0253898
1 0.591797 0.446289 0.0585938 0.0449219 0.0283035
1 0.763672 0.379883 0.0820312 0.119141 0.0323102
1 0.586914 0.424805 0.0644531 0.0566406 0.0515488
1 0.613281 0.50293 0.0820312 0.0488281 0.0755755
1 0.763672 0.244141 0.0976562 0.121094 0.0783759
1 0.735352 0.540039 0.0488281 0.0566406 0.10155
1 0.762695 0.412109 0.0644531 0.0585938 0.113735
1 0.754883 0.68457 0.0292969 0.0292969 0.171901
1 0.764648 0.351562 0.0683594 0.0585938 0.172513
1 0.729492 0.700195 0.0292969 0.0292969 0.180216
1 0.682617 0.727539 0.0449219 0.0410156 0.579144
