1 0.743164 0.736328 0.0292969 0.0351562 0.0203236
1 0.123047 0.245117 0.0546875 0.0605469 0.0258556
1 0.751953 0.728516 0.0273438 0.0273438 0.0276076
1 0.223633 0.0634766 0.0410156 0.0605469 0.0278007
1 0.330078 0.03125 0.0351562 0.0390625 0.0326048
1 0.851562 0.294922 0.046875 0.0546875 0.0348041
1 0.916016 0.557617 0.03125 0.0410156 0.0382388
1 0.951172 0.380859 0.0234375 0.0273438 0.0852556
1 0.632812 0.610352 0.03125 0.0332031 0.0920035
1 0.295898 0.0400391 0.0839844 0.0683594 0.111047
1 0.390625 0.0126953 0.0859375 0.0253906 0.18369
1 0.764648 0.695312 0.0527344 0.0585938 0.222472
1 0.708008 0.733398 0.0410156 0.0449219 0.422823
1 0.885742 0.631836 0.0292969 0.0292969 0.437589
1 0.901367 0.335938 0.0878906 0.0664062 0.44471
1 0.794922 0.49707 0.03125 0.0253906 0.473701
1 0.668945 0.655273 0.0410156 0.0449219 0.532245
1 0.186523 0.0791016 0.0605469 0.0683594 0.536596
1 0.929688 0.428711 0.078125 0.0527344 0.640881
1 0.103516 0.124023 0.09375 0.0761719 0.657306
1 0.643555 0.0527344 0.126953 0.105469 0.738055
1 0.836914 0.672852 0.0449219 0.0449219 0.761801
