1 0.892578 0.356445 0.0234375 0.0332031 0.0225715
1 0.655273 0.111328 0.0292969 0.0390625 0.0241657
1 0.823242 0.0078125 0.0527344 0.015625 0.0243069
1 0.833984 0.0195312 0.0625 0.0390625 0.0310911
1 0.804688 0.00585938 0.0273438 0.0117188 0.0334238
1 0.90918 0.0146484 0.0722656 0.0292969 0.0362406
1 0.881836 0.234375 0.0449219 0.0390625 0.0651666
0 0.495117 0.608398 0.990234 0.779297 0.0740032
1 0.837891 0.0117188 0.03125 0.0234375 0.083521
1 0.580078 0.0800781 0.0234375 0.0273438 0.0953688
1 0.543945 0.00878906 0.0214844 0.0175781 0.106476
1 0.625977 0.0126953 0.0292969 0.0253906 0.115993
1 0.857422 0.0126953 0.03125 0.0253906 0.136054
1 0.894531 0.00976562 0.0390625 0.0195312 0.216673
1 0.735352 0.0195312 0.0332031 0.0390625 0.347701
1 0.854492 0.30957 0.0644531 0.0683594 0.369345
1 0.787109 0.0322266 0.0390625 0.0449219 0.382601
1 0.842773 0.0566406 0.0722656 0.0546875 0.670093
1 0.925781 0.461914 0.0390625 0.0410156 0.678327
1 0.679688 0.0888672 0.0625 0.0683594 0.736083
1 0.599609 0.121094 0.0546875 0.0546875 0.750954
