1 0.511719 0.666992 0.0742188 0.0683594 0.0201645
1 0.223633 0.311523 0.0410156 0.0410156 0.0211991
1 0.901367 0.366211 0.0292969 0.0410156 0.0212143
1 0.888672 0.729492 0.046875 0.0449219 0.0239695
1 0.507812 0.583008 0.09375 0.0722656 0.0242491
1 0.986328 0.480469 0.0234375 0.0585938 0.0244521
1 0.908203 0.990234 0.0351562 0.0195312 0.0256495
1 0.93457 0.411133 0.0371094 0.0371094 0.0259176
1 0.351562 0.450195 0.0351562 0.0253906 0.0261852
2 0.232422 0.850586 0.0273438 0.0292969 0.0262045
1 0.269531 0.707031 0.0585938 0.0507812 0.0276983
1 0.603516 0.489258 0.0195312 0.0214844 0.0277893
1 0.845703 0.381836 0.0507812 0.0410156 0.0307521
1 0.773438 0.395508 0.03125 0.0292969 0.0312176
1 0.288086 0.761719 0.0605469 0.0820312 0.0320645
1 0.878906 0.770508 0.0898438 0.0683594 0.0337581
1 0.539062 0.430664 0.0703125 0.0605469 0.0338089
1 0.756836 0.359375 0.0371094 0.03125 0.0349308
1 0.733398 0.390625 0.0292969 0.0273438 0.035183
1 0.710938 0.388672 0.0234375 0.0273438 0.0360203
1 0.27832 0.611328 0.0371094 0.0351562 0.0391168
1 0.904297 0.327148 0.0234375 0.0253906 0.0398521
1 0.482422 0.473633 0.0507812 0.0644531 0.041062
1 0.912109 0.303711 0.0234375 0.0214844 0.0412328
1 0.214844 0.34082 0.03125 0.0332031 0.045047
1 0.358398 0.374023 0.0253906 0.0332031 0.0471558
1 0.345703 0.370117 0.046875 0.0410156 0.0483543
1 0.887695 0.78418 0.0566406 0.0449219 0.0485277
1 0.911133 0.286133 0.0253906 0.0332031 0.0514347
1 0.334961 0.367188 0.0253906 0.0234375 0.0520032
1 0.547852 0.563477 0.0488281 0.0449219 0.0546862
1 0.34082 0.376953 0.0214844 0.0195312 0.0562244
1 0.838867 0.444336 0.0722656 0.0761719 0.0580028
1 0.871094 0.735352 0.0625 0.0527344 0.0671308
1 0.352539 0.980469 0.0488281 0.0390625 0.0672117
1 0.348633 0.932617 0.0410156 0.0371094 0.081488
1 0.600586 0.326172 0.0410156 0.0429688 0.0833228
1 0.373047 0.825195 0.0351562 0.0214844 0.0937027
1 0.37207 0.726562 0.0332031 0.03125 0.095751
1 0.874023 0.579102 0.0449219 0.0527344 0.1078
1 0.22168 0.330078 0.0449219 0.0507812 0.118021
3 0.518555 0.951172 0.0253906 0.09375 0.126933
2 0.374023 0.825195 0.0371094 0.0214844 0.136171
1 0.287109 0.296875 0.0351562 0.0273438 0.150132
1 0.327148 0.324219 0.0332031 0.0351562 0.151392
1 0.318359 0.723633 0.03125 0.0253906 0.156277
1 0.37793 0.794922 0.0332031 0.03125 0.201485
1 0.155273 0.367188 0.0371094 0.0390625 0.227343
1 0.323242 0.696289 0.0292969 0.0292969 0.308061
1 0.213867 0.74707 0.0839844 0.0957031 0.312038
1 0.349609 0.419922 0.0351562 0.0351562 0.323227
1 0.294922 0.564453 0.03125 0.0273438 0.342228
1 0.333008 0.351562 0.0292969 0.03125 0.350509
1 0.547852 0.410156 0.0878906 0.0859375 0.387185
1 0.549805 0.503906 0.0644531 0.0664062 0.42219
1 0.950195 0.478516 0.0644531 0.0859375 0.541113
1 0.288086 0.335938 0.0410156 0.0429688 0.552036
1 0.338867 0.5 0.0722656 0.0625 0.567744
