1 0.381836 0.897461 0.0605469 0.0566406 0.0221881
1 0.0742188 0.604492 0.148438 0.330078 0.0327614
1 0.262695 0.964844 0.0410156 0.0351562 0.0339307
1 0.636719 0.177734 0.0273438 0.0234375 0.0374474
1 0.0957031 0.728516 0.0742188 0.0585938 0.0429266
1 0.262695 0.923828 0.0449219 0.078125 0.053785
1 0.633789 0.0410156 0.0253906 0.0234375 0.054293
1 0.639648 0.322266 0.0253906 0.0351562 0.0550899
1 0.642578 0.299805 0.0234375 0.0371094 0.0598425
1 0.639648 0.289062 0.0214844 0.0234375 0.0745254
1 0.638672 0.270508 0.0195312 0.0136719 0.122464
1 0.634766 0.0185547 0.0234375 0.0253906 0.140483
1 0.638672 0.00878906 0.0195312 0.0175781 0.20582
1 0.637695 0.256836 0.0214844 0.0214844 0.278447
1 0.268555 0.986328 0.0527344 0.0273438 0.300006
1 0.635742 0.168945 0.0292969 0.0214844 0.336067
1 0.632812 0.0556641 0.0234375 0.0214844 0.464733
1 0.637695 0.0820312 0.0292969 0.0234375 0.507793
1 0.634766 0.0283203 0.0234375 0.0214844 0.520012
1 0.635742 0.231445 0.0214844 0.0175781 0.530442
1 0.634766 0.143555 0.0273438 0.0253906 0.577303
1 0.636719 0.115234 0.0273438 0.0234375 0.615672
1 0.637695 0.197266 0.0253906 0.0234375 0.63339
