1 0.107422 0.140625 0.03125 0.046875 0.0201536
1 0.0664062 0.196289 0.0742188 0.0527344 0.0204198
1 0.985352 0.788086 0.0292969 0.185547 0.0209817
1 0.43457 0.989258 0.0488281 0.0214844 0.0217301
1 0.978516 0.0732422 0.0429688 0.146484 0.0244786
1 0.0380859 0.28418 0.0644531 0.0527344 0.0274293
1 0.0195312 0.335938 0.0390625 0.0507812 0.0305873
1 0.0615234 0.250977 0.0722656 0.0527344 0.0341593
1 0.988281 0.730469 0.0234375 0.0546875 0.0364594
1 0.0322266 0.329102 0.0605469 0.0722656 0.0478715
1 0.979492 0.731445 0.0332031 0.0371094 0.0530492
1 0.991211 0.77832 0.0175781 0.0566406 0.0571617
1 0.0126953 0.303711 0.0253906 0.0410156 0.0648197
1 0.0517578 0.34375 0.0449219 0.0585938 0.0723148
1 0.525391 0.985352 0.0703125 0.0292969 0.0775935
1 0.226562 0.634766 0.105469 0.136719 0.0847815
1 0.544922 0.811523 0.109375 0.111328 0.102365
1 0.0693359 0.213867 0.0644531 0.0449219 0.121047
1 0.0527344 0.264648 0.0507812 0.0410156 0.129503
1 0.0126953 0.329102 0.0253906 0.0371094 0.156138
1 0.982422 0.750977 0.0351562 0.0878906 0.298035
1 0.0703125 0.232422 0.0625 0.046875 0.351006
1 0.582031 0.985352 0.132812 0.0292969 0.374128
1 0.0703125 0.157227 0.0585938 0.0449219 0.441631
1 0.533203 0.763672 0.136719 0.207031 0.665112
1 0.119141 0.431641 0.0390625 0.0429688 0.668561
1 0.0673828 0.505859 0.0449219 0.0546875 0.673213
0 0.597656 0.226562 0.652344 0.453125 0.786769
1 0.59082 0.907227 0.111328 0.0957031 0.813876
