1 0.262695 0.924805 0.0214844 0.0214844 0.0203213
1 0.225586 0.919922 0.0292969 0.0234375 0.021146
1 0.251953 0.925781 0.0273438 0.0195312 0.0219921
1 0.359375 0.399414 0.078125 0.0527344 0.0223217
3 0.77832 0.0234375 0.255859 0.046875 0.0342521
1 0.761719 0.299805 0.0390625 0.0410156 0.039862
1 0.758789 0.227539 0.0878906 0.0527344 0.040468
4 0.106445 0.207031 0.212891 0.414062 0.0425625
3 0.75293 0.0117188 0.263672 0.0234375 0.0502185
1 0.411133 0.633789 0.126953 0.111328 0.1145
2 0.865234 0.600586 0.0273438 0.0292969 0.119582
1 0.709961 0.28125 0.0449219 0.0390625 0.138966
3 0.850586 0.0576172 0.103516 0.115234 0.152277
3 0.692383 0.00878906 0.142578 0.0175781 0.155492
3 0.986328 0.0449219 0.0273438 0.0585938 0.192108
1 0.447266 0.803711 0.167969 0.154297 0.300081
1 0.762695 0.164062 0.0722656 0.0390625 0.40273
1 0.75293 0.208984 0.0800781 0.0390625 0.455699
1 0.722656 0.243164 0.0351562 0.0332031 0.584452
