1 0.21875 0.09375 0.0351562 0.0273438 0.0211219
0 0.566406 0.557617 0.859375 0.876953 0.0258761
1 0.242188 0.125977 0.0429688 0.0371094 0.0435678
1 0.249023 0.140625 0.0527344 0.0625 0.129823
1 0.21582 0.0810547 0.0332031 0.0253906 0.140741
1 0.938477 0.130859 0.0410156 0.03125 0.14663
1 0.211914 0.0654297 0.0371094 0.0332031 0.316343
1 0.97168 0.195312 0.0410156 0.0390625 0.419259
1 0.199219 0.03125 0.0429688 0.0351562 0.554075
1 0.65918 0.0273438 0.123047 0.0546875 0.680955
0 0.5 0.814453 1 0.367188 0.841906
1 0.518555 0.0283203 0.0917969 0.0566406 0.843782
