1 0.970703 0.910156 0.0585938 0.0703125 0.0220496
1 0.222656 0.0732422 0.0390625 0.0371094 0.0248146
1 0.0664062 0.732422 0.0351562 0.0390625 0.0254771
1 0.15918 0.0341797 0.0410156 0.0449219 0.026782
1 0.992188 0.871094 0.015625 0.0273438 0.029288
1 0.837891 0.955078 0.0585938 0.0546875 0.0304541
1 0.757812 0.975586 0.03125 0.0253906 0.0352195
1 0.985352 0.990234 0.0292969 0.0195312 0.0407686
1 0.730469 0.989258 0.0546875 0.0214844 0.0423452
1 0.947266 0.966797 0.105469 0.0664062 0.0440725
1 0.78418 0.986328 0.0683594 0.0273438 0.0454426
1 0.124023 0.00585938 0.0332031 0.0117188 0.0498438
1 0.928711 0.946289 0.142578 0.107422 0.0511814
1 0.758789 0.988281 0.0488281 0.0234375 0.0760981
1 0.850586 0.944336 0.0410156 0.0332031 0.0855861
1 0.974609 0.984375 0.0507812 0.03125 0.0867113
1 0.853516 0.925781 0.292969 0.148438 0.0909548
1 0.200195 0.920898 0.0410156 0.0410156 0.109976
1 0.176758 0.0546875 0.0175781 0.0195312 0.127634
1 0.949219 0.920898 0.101562 0.0761719 0.233513
1 0.199219 0.0205078 0.0273438 0.0332031 0.40071
1 0.150391 0.0351562 0.0273438 0.03125 0.4157
