1 0.0820312 0.21875 0.0429688 0.0273438 0.0266704
1 0.0263672 0.22168 0.0332031 0.0292969 0.0342169
1 0.015625 0.170898 0.0195312 0.0253906 0.0371472
1 0.0947266 0.216797 0.0253906 0.0273438 0.0619268
1 0.0361328 0.214844 0.0214844 0.0273438 0.0938868
1 0.0078125 0.173828 0.015625 0.0273438 0.306726
1 0.112305 0.682617 0.103516 0.0957031 0.339752
1 0.0107422 0.227539 0.0214844 0.0214844 0.373469
1 0.0898438 0.25293 0.03125 0.0292969 0.379535
1 0.445312 0.0107422 0.078125 0.0214844 0.420206
1 0.130859 0.223633 0.0390625 0.0371094 0.508126
1 0.0673828 0.22168 0.0214844 0.0214844 0.543819
4 0.832031 0.574219 0.335938 0.835938 0.567449
1 0.0146484 0.84082 0.0292969 0.0800781 0.699761
1 0.0292969 0.96582 0.0585938 0.0683594 0.724019
1 0.0429688 0.167969 0.0234375 0.0234375 0.728164
1 0.140625 0.817383 0.105469 0.0800781 0.746541
1 0.0917969 0.568359 0.0742188 0.0625 0.75466
1 0.145508 0.935547 0.119141 0.0898438 0.770422
