1 0.532227 0.0244141 0.0292969 0.0332031 0.0202695
1 0.375977 0.0244141 0.0644531 0.0449219 0.0237358
1 0.972656 0.131836 0.0546875 0.0800781 0.0281492
1 0.458008 0.0117188 0.0761719 0.0234375 0.0305646
1 0.385742 0.00683594 0.0488281 0.0136719 0.0375648
1 0.37207 0.0839844 0.0488281 0.0820312 0.0385315
1 0.94043 0.0361328 0.119141 0.0722656 0.0404985
1 0.97168 0.0263672 0.0566406 0.0527344 0.0510691
1 0.439453 0.00683594 0.0507812 0.0136719 0.0545675
1 0.539062 0.0820312 0.0273438 0.0234375 0.0656417
1 0.978516 0.389648 0.0429688 0.0527344 0.0958177
1 0.354492 0.0078125 0.0527344 0.015625 0.111492
1 0.374023 0.107422 0.0410156 0.0390625 0.119292
1 0.533203 0.0644531 0.0351562 0.0546875 0.170713
1 0.373047 0.0527344 0.0546875 0.0625 0.20963
0 0.433594 0.915039 0.867188 0.169922 0.219471
