1 0.0078125 0.0302734 0.015625 0.0566406 0.0229785
1 0.869141 0.110352 0.03125 0.0292969 0.0245379
1 0.828125 0.112305 0.0195312 0.0214844 0.0247311
1 0.935547 0.180664 0.0273438 0.0292969 0.027359
1 0.800781 0.112305 0.0273438 0.0214844 0.0516534
1 0.538086 0.311523 0.0292969 0.0214844 0.0766426
1 0.613281 0.232422 0.0195312 0.0234375 0.0842489
1 0.578125 0.385742 0.0429688 0.0449219 0.0864573
1 0.595703 0.606445 0.046875 0.0527344 0.0911019
1 0.00878906 0.837891 0.0136719 0.0195312 0.0939238
1 0.649414 0.609375 0.0332031 0.0429688 0.121926
1 0.0107422 0.0537109 0.0214844 0.0371094 0.138293
1 0.819336 0.141602 0.0332031 0.0292969 0.161206
1 0.578125 0.378906 0.0273438 0.0273438 0.164347
2 0.821289 0.898438 0.0644531 0.0625 0.213614
1 0.78418 0.111328 0.0253906 0.0195312 0.224644
1 0.03125 0.833984 0.0273438 0.0273438 0.277703
1 0.726562 0.165039 0.03125 0.0332031 0.31016
1 0.855469 0.110352 0.0390625 0.0292969 0.316973
1 0.547852 0.369141 0.0214844 0.0234375 0.319291
1 0.202148 0.425781 0.119141 0.09375 0.339001
1 0.0351562 0.657227 0.0703125 0.0839844 0.404103
1 0.814453 0.111328 0.0273438 0.0234375 0.411467
1 0.685547 0.199219 0.046875 0.046875 0.426377
1 0.926758 0.108398 0.0253906 0.0292969 0.438038
1 0.539062 0.591797 0.046875 0.046875 0.458503
1 0.682617 0.114258 0.0253906 0.0175781 0.468663
1 0.72168 0.124023 0.0292969 0.0292969 0.499769
1 0.683594 0.142578 0.0234375 0.0234375 0.503408
1 0.549805 0.126953 0.0371094 0.03125 0.540193
1 0.974609 0.110352 0.0351562 0.0371094 0.604101
1 0.616211 0.131836 0.0449219 0.0410156 0.662429
1 0.905273 0.162109 0.0644531 0.0585938 0.665631
1 0.550781 0.174805 0.03125 0.0332031 0.70223
1 0.555664 0.262695 0.0527344 0.0488281 0.706348
