1 0.0869141 0.0927734 0.0253906 0.0253906 0.0204745
1 0.932617 0.71582 0.134766 0.201172 0.0210792
1 0.864258 0.413086 0.0761719 0.0722656 0.0355898
1 0.00976562 0.402344 0.0195312 0.0507812 0.0367969
1 0.0136719 0.444336 0.0273438 0.0410156 0.0548416
1 0.231445 0.399414 0.0371094 0.0449219 0.0653547
1 0.0117188 0.49707 0.0234375 0.0722656 0.065932
1 0.248047 0.0380859 0.183594 0.0761719 0.0690434
1 0.616211 0.989258 0.107422 0.0214844 0.0744624
1 0.0146484 0.188477 0.0292969 0.0410156 0.0759384
1 0.161133 0.321289 0.0527344 0.0527344 0.0787573
1 0.28125 0.0214844 0.121094 0.0429688 0.0856506
1 0.0263672 0.183594 0.0527344 0.0625 0.0913345
1 0.00878906 0.480469 0.0175781 0.0390625 0.104201
1 0.87207 0.514648 0.0800781 0.0917969 0.108824
1 0.227539 0.325195 0.0527344 0.0488281 0.135369
1 0.22168 0.241211 0.0566406 0.0449219 0.138976
1 0.196289 0.0400391 0.0800781 0.0722656 0.213703
1 0.0146484 0.416016 0.0292969 0.0703125 0.229693
1 0.5 0.706055 0.0351562 0.0332031 0.351281
1 0.337891 0.375977 0.109375 0.0761719 0.40614
1 0.316406 0.308594 0.0390625 0.0351562 0.408413
1 0.367188 0.438477 0.109375 0.0800781 0.409975
1 0.505859 0.732422 0.046875 0.0703125 0.458674
1 0.287109 0.356445 0.03125 0.0410156 0.46671
1 0.365234 0.974609 0.0390625 0.046875 0.486513
1 0.429688 0.944336 0.0390625 0.0449219 0.550249
3 0.529297 0.376953 0.234375 0.375 0.563243
1 0.477539 0.664062 0.0449219 0.0390625 0.654254
1 0.491211 0.839844 0.0371094 0.0351562 0.660983
1 0.0195312 0.719727 0.0390625 0.0644531 0.713406
1 0.323242 0.261719 0.0449219 0.0390625 0.743871
1 0.408203 0.589844 0.105469 0.105469 0.763645
1 0.506836 0.905273 0.0683594 0.0800781 0.77785
