1 0.015625 0.15332 0.03125 0.119141 0.0203692
1 0.0078125 0.0078125 0.015625 0.015625 0.0214668
1 0.597656 0.181641 0.0585938 0.0507812 0.0216115
1 0.207031 0.991211 0.0625 0.0175781 0.0243232
1 0.00976562 0.450195 0.0195312 0.111328 0.0324708
1 0.0273438 0.00878906 0.0546875 0.0175781 0.0353018
1 0.138672 0.305664 0.0585938 0.0722656 0.0420875
1 0.0488281 0.0371094 0.0976562 0.0742188 0.0484038
1 0.72168 0.0117188 0.0566406 0.0234375 0.0554587
1 0.65332 0.282227 0.0683594 0.0722656 0.0604727
1 0.00878906 0.170898 0.0175781 0.0878906 0.0620855
1 0.112305 0.308594 0.119141 0.105469 0.0815489
1 0.958984 0.0566406 0.0820312 0.109375 0.103668
1 0.231445 0.814453 0.111328 0.0976562 0.114883
1 0.198242 0.949219 0.0722656 0.0585938 0.253226
2 0.668945 0.915039 0.0683594 0.0683594 0.309875
1 0.46875 0.0234375 0.0703125 0.046875 0.439784
1 0.702148 0.0185547 0.0878906 0.0371094 0.508877
1 0.15332 0.495117 0.193359 0.134766 0.695556
