3 0.670898 0.789062 0.529297 0.417969 0.0347742
3 0.71582 0.0341797 0.244141 0.0683594 0.0419739
1 0.276367 0.833008 0.0761719 0.0996094 0.0530892
3 0.566406 0.195312 0.101562 0.0585938 0.0545998
1 0.318359 0.650391 0.03125 0.03125 0.106606
1 0.0117188 0.640625 0.0234375 0.0351562 0.110422
1 0.119141 0.621094 0.0429688 0.03125 0.133902
5 0.319336 0.649414 0.0292969 0.0253906 0.169587
3 0.711914 0.0146484 0.236328 0.0292969 0.177014
3 0.393555 0.0458984 0.279297 0.0917969 0.374803
1 0.330078 0.733398 0.0390625 0.0371094 0.535943
1 0.319336 0.69043 0.0292969 0.0292969 0.550206
1 0.259766 0.635742 0.0585938 0.0449219 0.680845
