1 0.124023 0.0166016 0.0332031 0.0292969 0.0489711
1 0.00683594 0.321289 0.0136719 0.0253906 0.0518229
1 0.00878906 0.423828 0.0175781 0.0351562 0.0952516
1 0.0800781 0.378906 0.0234375 0.0195312 0.129884
1 0.0712891 0.125977 0.0488281 0.0332031 0.145465
1 0.0478516 0.384766 0.0292969 0.0273438 0.362038
1 0.124023 0.333008 0.0449219 0.0410156 0.522674
1 0.0107422 0.192383 0.0214844 0.0292969 0.561984
1 0.0703125 0.295898 0.03125 0.0292969 0.682444
1 0.0400391 0.341797 0.0292969 0.0273438 0.685397
1 0.0253906 0.250977 0.0390625 0.0332031 0.730751
1 0.0322266 0.297852 0.0292969 0.0292969 0.801884
1 0.0751953 0.337891 0.0292969 0.0273438 0.811494
