1 0.131836 0.952148 0.0332031 0.0488281 0.0205932
2 0.980469 0.616211 0.0390625 0.0957031 0.0244713
1 0.414062 0.885742 0.03125 0.0332031 0.0379684
1 0.567383 0.865234 0.0371094 0.046875 0.0389881
1 0.49707 0.951172 0.0839844 0.0820312 0.0468376
1 0.344727 0.722656 0.0722656 0.0742188 0.0729835
1 0.504883 0.989258 0.0800781 0.0214844 0.110825
1 0.689453 0.953125 0.25 0.09375 0.125396
1 0.498047 0.930664 0.0703125 0.0488281 0.293163
1 0.362305 0.574219 0.0761719 0.0585938 0.341795
1 0.141602 0.988281 0.0292969 0.0234375 0.349247
1 0.417969 0.84082 0.0625 0.0527344 0.369752
1 0.476562 0.761719 0.0546875 0.0546875 0.554368
1 0.280273 0.631836 0.0683594 0.0644531 0.673018
