1 0.0136719 0.849609 0.0195312 0.0351562 0.0210454
1 0.498047 0.976562 0.0195312 0.0195312 0.0278123
3 0.867188 0.0332031 0.25 0.0664062 0.045854
3 0.710938 0.195312 0.101562 0.0585938 0.0493129
1 0.347656 0.0283203 0.0742188 0.0566406 0.0711089
1 0.125 0.664062 0.0273438 0.0273438 0.0779274
1 0.472656 0.710938 0.0234375 0.015625 0.108359
1 0.149414 0.639648 0.0449219 0.0371094 0.117427
3 0.863281 0.015625 0.242188 0.03125 0.11925
1 0.435547 0.831055 0.101562 0.115234 0.147057
3 0.535156 0.0419922 0.289062 0.0839844 0.182843
1 0.264648 0.620117 0.0410156 0.0332031 0.222539
1 0.46875 0.649414 0.03125 0.0253906 0.272452
1 0.149414 0.839844 0.0371094 0.0351562 0.317694
1 0.479492 0.737305 0.0371094 0.0332031 0.429459
1 0.0751953 0.84375 0.0292969 0.0273438 0.43611
1 0.462891 0.69043 0.0351562 0.0292969 0.45412
1 0.0351562 0.845703 0.0390625 0.0351562 0.454941
1 0.411133 0.634766 0.0605469 0.046875 0.821563
