0 0.449219 0.0585938 0.382812 0.117188 0.0222715
1 0.332031 0.978516 0.0195312 0.0273438 0.0253635
1 0.0253906 0.990234 0.0195312 0.015625 0.0259192
0 0.617188 0.0712891 0.542969 0.142578 0.0272436
1 0.213867 0.0292969 0.0253906 0.0273438 0.0325474
1 0.0996094 0.96582 0.0195312 0.0214844 0.0558532
1 0.101562 0.974609 0.0390625 0.0273438 0.0580994
1 0.947266 0.00976562 0.0273438 0.0195312 0.100154
1 0.0458984 0.955078 0.0175781 0.0195312 0.104331
1 0.101562 0.991211 0.046875 0.0175781 0.111109
1 0.0507812 0.983398 0.0195312 0.0214844 0.17963
1 0.178711 0.0371094 0.0253906 0.0273438 0.18133
1 0.0917969 0.983398 0.0742188 0.0332031 0.188306
1 0.117188 0.970703 0.0234375 0.0195312 0.361542
0 0.442383 0.305664 0.884766 0.611328 0.88049
