1 0.310547 0.90918 0.0273438 0.0253906 0.0207784
1 0.421875 0.708008 0.0351562 0.0371094 0.022418
1 0.325195 0.699219 0.0253906 0.046875 0.0250756
1 0.767578 0.980469 0.0390625 0.0390625 0.0258412
1 0.197266 0.68457 0.210938 0.138672 0.0280527
1 0.493164 0.713867 0.0488281 0.0410156 0.0284893
1 0.541992 0.960938 0.0449219 0.0351562 0.030218
1 0.988281 0.0380859 0.0234375 0.0644531 0.0316494
1 0.00976562 0.670898 0.0195312 0.0839844 0.032295
1 0.691406 0.731445 0.0859375 0.0410156 0.0362326
1 0.290039 0.895508 0.0214844 0.0214844 0.0469864
1 0.697266 0.689453 0.046875 0.0234375 0.0477007
1 0.537109 0.967773 0.0585938 0.0644531 0.0507306
0 0.500977 0.254883 0.994141 0.509766 0.0584053
1 0.376953 0.709961 0.0390625 0.0332031 0.0607327
1 0.664062 0.682617 0.0195312 0.0175781 0.0697824
1 0.0234375 0.661133 0.046875 0.0761719 0.0962945
1 0.188477 0.693359 0.0449219 0.0625 0.0971311
1 0.242188 0.901367 0.0273438 0.0253906 0.103623
1 0.121094 0.674805 0.078125 0.103516 0.113696
1 0.572266 0.702148 0.03125 0.0214844 0.152766
1 0.249023 0.621094 0.0878906 0.046875 0.167026
1 0.541016 0.987305 0.0507812 0.0253906 0.233593
1 0.713867 0.737305 0.138672 0.0566406 0.235186
1 0.794922 0.959961 0.105469 0.0800781 0.249322
1 0.399414 0.707031 0.0761719 0.0390625 0.275701
1 0.0830078 0.668945 0.162109 0.115234 0.312272
1 0.246094 0.700195 0.121094 0.103516 0.359894
1 0.34375 0.888672 0.03125 0.03125 0.440782
1 0.618164 0.728516 0.0449219 0.0429688 0.674796
1 0.775391 0.866211 0.0664062 0.0683594 0.838631
