1 0.0078125 0.954102 0.015625 0.0410156 0.0235814
1 0.982422 0.168945 0.0195312 0.0292969 0.0298015
1 0.854492 0.144531 0.0214844 0.0234375 0.0312477
1 0.873047 0.117188 0.0195312 0.015625 0.0317593
1 0.886719 0.0996094 0.015625 0.015625 0.0363092
1 0.518555 0.688477 0.0449219 0.0449219 0.0485911
1 0.456055 0.0175781 0.0566406 0.0351562 0.0517524
1 0.0830078 0.87793 0.0488281 0.0410156 0.0579141
1 0.0576172 0.862305 0.0839844 0.107422 0.0641307
1 0.0664062 0.829102 0.0625 0.0449219 0.0651906
1 0.0742188 0.759766 0.0507812 0.0507812 0.0653003
1 0.276367 0.692383 0.0800781 0.0878906 0.0815462
5 0.505859 0.371094 0.0234375 0.0273438 0.0835884
1 0.540039 0.680664 0.0800781 0.0527344 0.109212
1 0.298828 0.710938 0.046875 0.0390625 0.178199
1 0.556641 0.671875 0.0507812 0.0390625 0.19832
1 0.280273 0.666992 0.0683594 0.0410156 0.214851
1 0.883789 0.140625 0.0253906 0.0273438 0.252247
1 0.696289 0.891602 0.0800781 0.0722656 0.264224
1 0.0644531 0.885742 0.0664062 0.0644531 0.29686
1 0.987305 0.96582 0.0253906 0.0683594 0.300305
1 0.0498047 0.736328 0.0957031 0.0898438 0.319036
1 0.935547 0.230469 0.0195312 0.0234375 0.32858
1 0.921875 0.179688 0.0234375 0.0195312 0.371082
1 0.553711 0.635742 0.0527344 0.0332031 0.448652
1 0.992188 0.170898 0.015625 0.0332031 0.504212
1 0.570312 0.90918 0.078125 0.0839844 0.556286
1 0.210938 0.973633 0.078125 0.0527344 0.560523
1 0.672852 0.767578 0.0722656 0.0742188 0.565649
1 0.871094 0.978516 0.105469 0.0429688 0.600987
1 0.96875 0.233398 0.03125 0.0292969 0.605558
1 0.959961 0.178711 0.0214844 0.0214844 0.618841
1 0.321289 0.951172 0.0722656 0.078125 0.698103
1 0.552734 0.785156 0.0703125 0.0664062 0.704962
1 0.423828 0.804688 0.0664062 0.0742188 0.718159
1 0.850586 0.866211 0.0878906 0.0722656 0.732363
1 0.401367 0.677734 0.0683594 0.0585938 0.733755
1 0.183594 0.842773 0.0742188 0.0722656 0.754349
1 0.30957 0.826172 0.0605469 0.0664062 0.757222
1 0.0878906 0.975586 0.0742188 0.0488281 0.768672
1 0.799805 0.614258 0.0761719 0.0683594 0.778176
1 0.163086 0.71875 0.0722656 0.078125 0.795617
1 0.964844 0.711914 0.0703125 0.0683594 0.811332
1 0.65625 0.639648 0.0820312 0.0605469 0.81255
1 0.953125 0.585938 0.0742188 0.0742188 0.816774
1 0.979492 0.84082 0.0410156 0.0722656 0.819827
1 0.446289 0.933594 0.0683594 0.0742188 0.828096
1 0.827148 0.740234 0.0722656 0.0703125 0.849409
