1 0.375977 0.396484 0.0644531 0.078125 0.0200725
1 0.03125 0.69043 0.0429688 0.0683594 0.0208746
1 0.979492 0.430664 0.0410156 0.0527344 0.0252444
1 0.834961 0.327148 0.0566406 0.0410156 0.027403
1 0.558594 0.936523 0.0390625 0.0566406 0.0304123
1 0.535156 0.0458984 0.046875 0.0527344 0.0317818
1 0.0322266 0.675781 0.0332031 0.0390625 0.0332934
1 0.835938 0.361328 0.0625 0.0742188 0.034101
1 0.494141 0.181641 0.03125 0.0351562 0.0352224
1 0.959961 0.455078 0.0644531 0.0703125 0.0368017
1 0.0429688 0.535156 0.0859375 0.121094 0.0368773
1 0.015625 0.551758 0.03125 0.0800781 0.0371659
1 0.916992 0.423828 0.0332031 0.0351562 0.0380112
1 0.0136719 0.568359 0.0273438 0.03125 0.0397005
1 0.78125 0.0605469 0.0625 0.0742188 0.0405608
1 0.500977 0.945312 0.0449219 0.0625 0.0433292
1 0.804688 0.490234 0.03125 0.0390625 0.0475379
1 0.473633 0.367188 0.0253906 0.0234375 0.0486376
1 0.970703 0.416016 0.0351562 0.0351562 0.0556675
1 0.379883 0.379883 0.0449219 0.0488281 0.055703
1 0.851562 0.375977 0.0703125 0.0605469 0.0601964
1 0.740234 0.123047 0.0351562 0.03125 0.0621361
1 0.714844 0.0107422 0.0429688 0.0214844 0.0632472
1 0.583008 0.210938 0.0292969 0.0273438 0.065408
1 0.495117 0.12793 0.0488281 0.0449219 0.0685238
1 0.414062 0.679688 0.0507812 0.0664062 0.0736529
1 0.787109 0.0292969 0.0351562 0.0390625 0.0861281
1 0.71875 0.380859 0.09375 0.121094 0.0913804
1 0.540039 0.0185547 0.0410156 0.0371094 0.0945777
1 0.572266 0.696289 0.15625 0.251953 0.0979748
1 0.588867 0.182617 0.0292969 0.0292969 0.101088
1 0.447266 0.874023 0.0585938 0.0683594 0.115959
1 0.788086 0.0136719 0.0332031 0.0273438 0.137608
1 0.862305 0.436523 0.0292969 0.0253906 0.147205
1 0.141602 0.143555 0.119141 0.146484 0.158362
1 0.321289 0.302734 0.0214844 0.0273438 0.181655
1 0.530273 0.15625 0.115234 0.0898438 0.187465
1 0.920898 0.391602 0.0449219 0.0644531 0.281271
1 0.388672 0.0761719 0.0625 0.0585938 0.339282
1 0.958984 0.430664 0.0625 0.0527344 0.354001
1 0.779297 0.0869141 0.0625 0.0488281 0.431056
1 0.77832 0.0429688 0.0527344 0.03125 0.43255
1 0.689453 0.0126953 0.0703125 0.0253906 0.444666
1 0.520508 0.0556641 0.0644531 0.0488281 0.450929
1 0.321289 0.0771484 0.0566406 0.0605469 0.457637
1 0.65332 0.375977 0.220703 0.177734 0.492764
1 0.704102 0.53125 0.0761719 0.0585938 0.545913
1 0.458984 0.0585938 0.0429688 0.046875 0.574508
1 0.110352 0.867188 0.220703 0.261719 0.590855
1 0.75 0.0126953 0.03125 0.0253906 0.592191
1 0.53125 0.933594 0.0859375 0.0820312 0.607942
1 0.957031 0.475586 0.0546875 0.0332031 0.614809
1 0.514648 0.244141 0.0605469 0.046875 0.63211
1 0.287109 0.292969 0.0429688 0.0429688 0.690728
1 0.770508 0.169922 0.0722656 0.0585938 0.693999
1 0.199219 0.294922 0.0742188 0.078125 0.701028
1 0.243164 0.116211 0.0800781 0.115234 0.71631
1 0.785156 0.255859 0.0664062 0.0859375 0.721858
1 0.957031 0.526367 0.046875 0.0566406 0.723436
1 0.729492 0.660156 0.0644531 0.0703125 0.734069
1 0.362305 0.325195 0.0761719 0.0566406 0.755411
