1 0.538086 0.760742 0.0722656 0.0644531 0.0201737
1 0.652344 0.672852 0.0625 0.0683594 0.0235701
1 0.301758 0.966797 0.0527344 0.0546875 0.0253197
1 0.475586 0.993164 0.0410156 0.0136719 0.0300996
1 0.319336 0.609375 0.0410156 0.03125 0.0312142
1 0.65332 0.0439453 0.162109 0.0878906 0.0331814
1 0.4375 0.993164 0.0351562 0.0136719 0.0346696
1 0.255859 0.827148 0.140625 0.119141 0.0373815
1 0.703125 0.128906 0.0507812 0.046875 0.0375703
1 0.227539 0.913086 0.0605469 0.0605469 0.0447973
1 0.561523 0.799805 0.0957031 0.119141 0.0549261
1 0.224609 0.979492 0.0429688 0.0410156 0.0550441
1 0.546875 0.0107422 0.0351562 0.0214844 0.0604287
1 0.222656 0.612305 0.015625 0.0175781 0.070827
1 0.575195 0.991211 0.0449219 0.0175781 0.0731993
1 0.491211 0.00683594 0.0722656 0.0136719 0.0901304
1 0.8125 0.959961 0.175781 0.0800781 0.0915878
1 0.274414 0.96875 0.107422 0.0625 0.112483
1 0.521484 0.689453 0.0585938 0.0390625 0.121864
1 0.379883 0.81543 0.0839844 0.103516 0.123401
1 0.612305 0.988281 0.0332031 0.0234375 0.124643
1 0.279297 0.617188 0.0273438 0.0273438 0.152782
1 0.675781 0.988281 0.0546875 0.0234375 0.166971
1 0.876953 0.0175781 0.105469 0.0351562 0.279676
1 0.311523 0.616211 0.0332031 0.0292969 0.321999
1 0.539062 0.989258 0.0820312 0.0214844 0.354776
1 0.242188 0.624023 0.0273438 0.0253906 0.470899
1 0.976562 0.0195312 0.046875 0.0390625 0.530699
1 0.570312 0.825195 0.0742188 0.0644531 0.611038
