1 0.0244141 0.609375 0.0410156 0.0507812 0.0205713
1 0.0703125 0.603516 0.0390625 0.0351562 0.0215301
1 0.974609 0.680664 0.03125 0.0253906 0.0227731
1 0.990234 0.664062 0.0195312 0.0234375 0.0266209
1 0.991211 0.644531 0.0175781 0.0273438 0.0284796
1 0.227539 0.958008 0.0292969 0.0214844 0.02859
0 0.166016 0.123047 0.332031 0.246094 0.0290385
1 0.21875 0.959961 0.0351562 0.0292969 0.0300879
1 0.977539 0.664062 0.0332031 0.0273438 0.0304387
1 0.992188 0.679688 0.015625 0.015625 0.0313333
1 0.00585938 0.59375 0.0117188 0.0429688 0.0317947
1 0.959961 0.661133 0.0292969 0.0371094 0.0321492
1 0.0107422 0.53125 0.0214844 0.03125 0.03276
1 0.0361328 0.630859 0.0488281 0.0820312 0.0328067
1 0.274414 0.935547 0.0253906 0.0195312 0.0336127
1 0.967773 0.675781 0.0371094 0.046875 0.037001
1 0.137695 0.939453 0.0371094 0.046875 0.0736822
2 0.824219 0.652344 0.09375 0.0742188 0.0806458
1 0.0380859 0.605469 0.0292969 0.0273438 0.0809614
1 0.555664 0.951172 0.126953 0.0976562 0.141526
3 0.276367 0.984375 0.119141 0.03125 0.146341
1 0.0107422 0.552734 0.0214844 0.03125 0.150452
1 0.0351562 0.646484 0.0351562 0.0507812 0.35061
1 0.22168 0.919922 0.0527344 0.0507812 0.592657
