1 0.279297 0.476562 0.0390625 0.0234375 0.0203563
1 0.379883 0.0078125 0.0410156 0.015625 0.0203716
1 0.510742 0.443359 0.0214844 0.0195312 0.0219664
1 0.00878906 0.182617 0.0175781 0.0371094 0.0231668
1 0.859375 0.249023 0.0429688 0.0410156 0.0279765
1 0.385742 0.423828 0.0449219 0.046875 0.0287081
2 0.800781 0.233398 0.03125 0.0332031 0.0315017
1 0.832031 0.166016 0.03125 0.0351562 0.033172
1 0.760742 0.109375 0.0449219 0.0507812 0.036001
1 0.457031 0.456055 0.03125 0.0175781 0.0382241
1 0.490234 0.451172 0.0234375 0.0195312 0.039381
1 0.847656 0.161133 0.0195312 0.0410156 0.0418723
1 0.874023 0.317383 0.0488281 0.0332031 0.0422152
1 0.876953 0.348633 0.0546875 0.0644531 0.0433013
1 0.763672 0.0117188 0.0859375 0.0234375 0.0531458
1 0.871094 0.302734 0.0507812 0.0507812 0.0535313
5 0.800781 0.235352 0.03125 0.0332031 0.0571415
1 0.78418 0.0166016 0.0488281 0.0292969 0.0586207
1 0.769531 0.169922 0.0546875 0.0429688 0.0620853
1 0.317383 0.427734 0.0488281 0.0625 0.0628717
1 0.272461 0.50293 0.0644531 0.0410156 0.0668116
1 0.734375 0.0107422 0.0429688 0.0214844 0.0697415
1 0.867188 0.28418 0.0507812 0.0410156 0.0812398
3 0.570312 0.0283203 0.0703125 0.0566406 0.0933424
1 0.599609 0.416016 0.0429688 0.0273438 0.0965622
1 0.788086 0.00976562 0.0371094 0.0195312 0.151735
1 0.799805 0.234375 0.0292969 0.0390625 0.200998
1 0.785156 0.0429688 0.0390625 0.0351562 0.225295
