1 0.993164 0.266602 0.0136719 0.0292969 0.0212616
1 0.886719 0.443359 0.03125 0.0273438 0.0215369
1 0.708984 0.445312 0.0234375 0.0234375 0.0224448
4 0.123047 0.637695 0.246094 0.712891 0.0265299
1 0.856445 0.457031 0.0214844 0.0234375 0.0287277
1 0.727539 0.458008 0.0332031 0.0332031 0.0308415
1 0.956055 0.423828 0.0410156 0.0390625 0.0337974
1 0.948242 0.386719 0.0253906 0.0234375 0.0362941
1 0.9375 0.262695 0.0351562 0.0292969 0.0405115
1 0.699219 0.435547 0.0195312 0.0195312 0.0475759
1 0.988281 0.451172 0.0234375 0.0429688 0.056565
0 0.858398 0.81543 0.283203 0.365234 0.0614608
1 0.988281 0.223633 0.0234375 0.0371094 0.0959768
1 0.952148 0.435547 0.0683594 0.0429688 0.101275
1 0.826172 0.462891 0.03125 0.0273438 0.118918
1 0.932617 0.21875 0.0449219 0.0429688 0.160533
1 0.796875 0.458984 0.0273438 0.03125 0.178874
