1 0.947266 0.158203 0.09375 0.128906 0.0233418
1 0.365234 0.188477 0.0234375 0.0214844 0.0276687
1 0.461914 0.146484 0.0332031 0.03125 0.0353275
1 0.883789 0.742188 0.0449219 0.046875 0.0361853
1 0.19043 0.0664062 0.0566406 0.0546875 0.0431189
1 0.976562 0.725586 0.046875 0.0449219 0.0467498
1 0.987305 0.723633 0.0253906 0.0332031 0.0583131
1 0.421875 0.151367 0.03125 0.0332031 0.05863
1 0.50293 0.140625 0.0253906 0.03125 0.0593177
1 0.958984 0.732422 0.0429688 0.0507812 0.0603933
1 0.362305 0.181641 0.0292969 0.0273438 0.0841663
1 0.366211 0.165039 0.0253906 0.0292969 0.111674
1 0.140625 0.0507812 0.140625 0.0976562 0.117412
1 0.734375 0.772461 0.0390625 0.0410156 0.209359
1 0.9375 0.911133 0.0351562 0.0332031 0.233771
1 0.931641 0.875977 0.0273438 0.0292969 0.258055
1 0.922852 0.111328 0.0488281 0.0429688 0.301854
1 0.739258 0.672852 0.0800781 0.0683594 0.323406
1 0.791016 0.811523 0.0664062 0.0605469 0.388149
1 0.47168 0.143555 0.0332031 0.0371094 0.486578
1 0.888672 0.866211 0.0507812 0.0449219 0.51413
1 0.400391 0.152344 0.03125 0.03125 0.583738
1 0.819336 0.739258 0.0644531 0.0605469 0.589814
1 0.43457 0.148438 0.0292969 0.03125 0.607632
1 0.699219 0.952148 0.222656 0.0957031 0.724597
