1 0.948242 0.932617 0.103516 0.134766 0.0219381
1 0.876953 0.0126953 0.0664062 0.0253906 0.0309403
1 0.0498047 0.550781 0.0410156 0.046875 0.0384761
1 0.145508 0.498047 0.0371094 0.0429688 0.0427817
1 0.233398 0.330078 0.0292969 0.03125 0.0452476
1 0.126953 0.501953 0.0625 0.0546875 0.0531536
1 0.730469 0.00976562 0.0546875 0.0195312 0.0649714
1 0.0390625 0.558594 0.0351562 0.0429688 0.0879487
1 0.983398 0.0166016 0.0332031 0.0332031 0.115309
1 0.0693359 0.53418 0.0332031 0.0488281 0.115907
1 0.0253906 0.560547 0.0507812 0.0585938 0.122734
1 0.739258 0.0195312 0.0644531 0.0390625 0.203447
1 0.0117188 0.572266 0.0234375 0.0429688 0.20512
1 0.105469 0.511719 0.03125 0.0429688 0.272066
1 0.0712891 0.213867 0.0371094 0.0488281 0.328022
1 0.116211 0.291992 0.0527344 0.0722656 0.397984
1 0.0117188 0.241211 0.0234375 0.0644531 0.489014
1 0.826172 0.0527344 0.0429688 0.0429688 0.513911
1 0.183594 0.420898 0.101562 0.138672 0.587205
1 0.764648 0.0820312 0.0488281 0.0585938 0.633691
1 0.890625 0.0244141 0.0585938 0.0488281 0.648008
