1 0.175781 0.730469 0.0273438 0.03125 0.0349254
1 0.115234 0.370117 0.03125 0.0292969 0.0408617
1 0.141602 0.438477 0.0332031 0.0292969 0.0501174
3 0.458984 0.960938 0.0820312 0.0742188 0.0517253
1 0.0507812 0.922852 0.101562 0.126953 0.052956
1 0.120117 0.397461 0.0410156 0.0410156 0.0871649
1 0.639648 0.78418 0.0527344 0.0644531 0.093016
1 0.196289 0.546875 0.0527344 0.0703125 0.0959097
1 0.782227 0.702148 0.0449219 0.0488281 0.178064
1 0.103516 0.360352 0.0742188 0.115234 0.268844
1 0.662109 0.501953 0.0351562 0.0390625 0.413355
1 0.878906 0.738281 0.132812 0.144531 0.454194
1 0.59375 0.501953 0.0507812 0.0507812 0.602991
1 0.755859 0.547852 0.0429688 0.0449219 0.608233
1 0.273438 0.686523 0.160156 0.173828 0.802961
