1 0.988281 0.629883 0.0234375 0.0371094 0.020126
3 0.120117 0.332031 0.240234 0.203125 0.0247731
1 0.378906 0.0722656 0.0976562 0.09375 0.0263672
5 0.371094 0.674805 0.0703125 0.0371094 0.0292435
1 0.282227 0.0117188 0.0722656 0.0234375 0.0435729
1 0.183594 0.0175781 0.09375 0.0351562 0.0437919
1 0.979492 0.669922 0.0410156 0.0546875 0.0538259
1 0.0341797 0.183594 0.0683594 0.0703125 0.0845918
1 0.291016 0.0419922 0.0820312 0.0839844 0.0874747
1 0.916016 0.728516 0.0664062 0.121094 0.090165
1 0.351562 0.0537109 0.207031 0.107422 0.109002
1 0.175781 0.0302734 0.128906 0.0605469 0.112612
1 0.946289 0.863281 0.0371094 0.0507812 0.204266
3 0.288086 0.431641 0.576172 0.414062 0.253842
5 0.154297 0.97168 0.0585938 0.0566406 0.345424
1 0.015625 0.177734 0.03125 0.0625 0.354806
1 0.176758 0.0722656 0.138672 0.132812 0.386206
1 0.0605469 0.186523 0.046875 0.0566406 0.460786
5 0.737305 0.321289 0.0566406 0.0527344 0.525781
3 0.740234 0.387695 0.222656 0.333984 0.77584
