1 0.230469 0.662109 0.0273438 0.0351562 0.0219434
1 0.0908203 0.198242 0.0175781 0.0175781 0.0241346
1 0.274414 0.65918 0.0371094 0.0292969 0.0276142
1 0.107422 0.176758 0.0234375 0.0214844 0.0291371
1 0.0849609 0.0205078 0.107422 0.0410156 0.0313076
1 0.277344 0.664062 0.113281 0.0742188 0.0317378
1 0.0146484 0.669922 0.0292969 0.0585938 0.0341529
1 0.985352 0.848633 0.0292969 0.0410156 0.0368683
1 0.320312 0.679688 0.0351562 0.0351562 0.04604
1 0.287109 0.668945 0.0625 0.0527344 0.0548686
1 0.334961 0.015625 0.0410156 0.03125 0.0613417
1 0.0371094 0.0234375 0.0703125 0.046875 0.066015
3 0.5625 0.0527344 0.257812 0.105469 0.0687685
1 0.0244141 0.65625 0.0488281 0.0664062 0.136112
1 0.186523 0.181641 0.0605469 0.0546875 0.316844
