4 0.499023 0.226562 0.986328 0.453125 0.0206673
3 0.0107422 0.816406 0.0214844 0.0742188 0.0274446
1 0.862305 0.208984 0.0332031 0.0390625 0.0337331
1 0.771484 0.28125 0.0234375 0.0234375 0.0401008
1 0.867188 0.266602 0.0273438 0.0253906 0.0477935
1 0.707031 0.631836 0.0351562 0.0332031 0.0490981
1 0.713867 0.662109 0.0292969 0.0273438 0.0535719
1 0.855469 0.195312 0.0429688 0.0351562 0.0605937
1 0.870117 0.299805 0.0292969 0.0253906 0.0609888
1 0.712891 0.645508 0.0273438 0.0175781 0.0626829
1 0.871094 0.384766 0.03125 0.03125 0.0733333
1 0.869141 0.25293 0.0273438 0.0253906 0.0794516
1 0.980469 0.376953 0.0390625 0.0390625 0.083743
1 0.707031 0.62207 0.0273438 0.0292969 0.0883776
1 0.311523 0.666992 0.0292969 0.0292969 0.109369
1 0.31543 0.637695 0.0292969 0.0253906 0.143857
1 0.717773 0.625977 0.0253906 0.0332031 0.153513
1 0.696289 0.620117 0.0332031 0.0292969 0.160626
1 0.865234 0.236328 0.0273438 0.0273438 0.162928
1 0.87207 0.336914 0.0292969 0.0214844 0.196008
1 0.873047 0.400391 0.0273438 0.0234375 0.228358
1 0.981445 0.352539 0.0371094 0.0488281 0.285789
1 0.869141 0.283203 0.0273438 0.0273438 0.292713
1 0.87207 0.31543 0.0292969 0.0292969 0.340672
1 0.871094 0.367188 0.0273438 0.03125 0.373912
1 0.977539 0.420898 0.0449219 0.0605469 0.512725
1 0.912109 0.248047 0.0429688 0.0429688 0.519023
1 0.65332 0.617188 0.0371094 0.0351562 0.700675
1 0.90332 0.18457 0.0371094 0.0371094 0.760393
