4 0.742188 0.0205078 0.160156 0.0410156 0.0210281
1 0.487305 0.0146484 0.0527344 0.0292969 0.0224004
1 0.544922 0.03125 0.140625 0.0625 0.0228187
1 0.481445 0.0126953 0.0292969 0.0253906 0.0264645
1 0.478516 0.302734 0.0429688 0.0351562 0.0280413
1 0.480469 0.420898 0.046875 0.0371094 0.0463667
1 0.490234 0.400391 0.03125 0.03125 0.0542406
1 0.478516 0.0898438 0.03125 0.0273438 0.0585813
3 0.938477 0.628906 0.123047 0.046875 0.0653027
1 0.450195 0.683594 0.0957031 0.0703125 0.150163
1 0.217773 0.486328 0.0800781 0.0664062 0.15728
1 0.487305 0.294922 0.0332031 0.0273438 0.196964
0 0.310547 0.894531 0.621094 0.210938 0.254629
1 0.480469 0.0537109 0.0390625 0.0371094 0.279429
1 0.476562 0.102539 0.03125 0.0292969 0.318726
1 0.480469 0.579102 0.046875 0.0410156 0.500915
1 0.475586 0.169922 0.0449219 0.03125 0.532706
1 0.458984 0.415039 0.0507812 0.0410156 0.564389
1 0.474609 0.137695 0.0429688 0.0253906 0.592347
1 0.477539 0.369141 0.0410156 0.03125 0.624546
1 0.479492 0.258789 0.0449219 0.0410156 0.638417
3 0.930664 0.72168 0.138672 0.146484 0.6601
1 0.481445 0.461914 0.0449219 0.0332031 0.690363
1 0.383789 0.455078 0.0839844 0.0703125 0.734621
1 0.470703 0.214844 0.046875 0.0351562 0.737997
1 0.480469 0.539062 0.0351562 0.0273438 0.741789
1 0.474609 0.330078 0.0390625 0.0351562 0.790715
1 0.473633 0.500977 0.0566406 0.0410156 0.818659
