1 0.454102 0.701172 0.0488281 0.0546875 0.0216158
1 0.577148 0.920898 0.0839844 0.0917969 0.0259135
1 0.779297 0.716797 0.0351562 0.0234375 0.026429
1 0.598633 0.587891 0.0449219 0.0546875 0.0287955
1 0.488281 0.990234 0.0429688 0.0195312 0.0395431
0 0.0351562 0.0927734 0.0703125 0.185547 0.042884
1 0.533203 0.987305 0.03125 0.0253906 0.0551293
3 0.0214844 0.0849609 0.0429688 0.166016 0.124088
1 0.607422 0.640625 0.0351562 0.03125 0.14657
1 0.460938 0.523438 0.0351562 0.0273438 0.154501
1 0.787109 0.720703 0.03125 0.0234375 0.161004
1 0.49707 0.804688 0.107422 0.0546875 0.204846
1 0.487305 0.607422 0.0996094 0.0976562 0.227061
1 0.489258 0.574219 0.0878906 0.0507812 0.341453
1 0.599609 0.634766 0.03125 0.0234375 0.397256
1 0.5 0.628906 0.0703125 0.046875 0.459139
1 0.708008 0.857422 0.0292969 0.0273438 0.463386
1 0.433594 0.985352 0.0273438 0.0253906 0.520178
1 0.580078 0.943359 0.0625 0.0546875 0.546437
1 0.609375 0.826172 0.0429688 0.0429688 0.574225
1 0.467773 0.855469 0.0839844 0.0585938 0.574316
1 0.527344 0.702148 0.0742188 0.0605469 0.628605
1 0.741211 0.710938 0.0332031 0.0273438 0.666926
1 0.597656 0.607422 0.0351562 0.0273438 0.680059
1 0.618164 0.708984 0.0292969 0.0234375 0.696465
1 0.844727 0.830078 0.0332031 0.03125 0.701184
1 0.460938 0.945312 0.0390625 0.03125 0.711636
1 0.59375 0.572266 0.0351562 0.0273438 0.779126
1 0.616211 0.679688 0.0332031 0.03125 0.78132
1 0.743164 0.740234 0.0371094 0.0273438 0.787184
1 0.741211 0.77832 0.0332031 0.0292969 0.78744
1 0.586914 0.537109 0.0371094 0.0351562 0.787925
1 0.825195 0.738281 0.0371094 0.03125 0.788245
1 0.797852 0.807617 0.0410156 0.0371094 0.78954
1 0.782227 0.754883 0.0292969 0.0292969 0.816094
1 0.342773 0.772461 0.0683594 0.0683594 0.838376
