1 0.53125 0.121094 0.0664062 0.0585938 0.0228951
1 0.40332 0.165039 0.0410156 0.0371094 0.0263326
1 0.110352 0.578125 0.220703 0.277344 0.0277795
1 0.429688 0.102539 0.046875 0.0410156 0.0394305
1 0.0146484 0.741211 0.0292969 0.0449219 0.0552872
2 0.0830078 0.952148 0.0957031 0.0957031 0.0704709
1 0.928711 0.981445 0.0488281 0.0371094 0.0872688
1 0.207031 0.166992 0.03125 0.0332031 0.136594
1 0.44043 0.100586 0.0253906 0.0292969 0.138725
1 0.352539 0.0810547 0.0253906 0.0253906 0.150124
1 0.269531 0.145508 0.0273438 0.0449219 0.155647
1 0.339844 0.169922 0.0273438 0.0351562 0.161939
1 0.15332 0.556641 0.134766 0.195312 0.180056
1 0.00976562 0.891602 0.0195312 0.0644531 0.201426
1 0.0380859 0.623047 0.0761719 0.179688 0.248268
1 0.40625 0.103516 0.0507812 0.046875 0.276527
1 0.219727 0.109375 0.0332031 0.03125 0.322482
1 0.318359 0.0966797 0.0273438 0.0292969 0.39298
1 0.592773 0.40332 0.0449219 0.0527344 0.495063
1 0.254883 0.176758 0.0410156 0.0332031 0.52872
1 0.501953 0.0869141 0.09375 0.107422 0.535867
1 0.385742 0.162109 0.0683594 0.046875 0.580423
1 0.307617 0.168945 0.0332031 0.0371094 0.59976
