1 0.748047 0.150391 0.101562 0.109375 0.0229585
1 0.886719 0.288086 0.03125 0.0566406 0.0241903
1 0.0390625 0.0341797 0.078125 0.0683594 0.0357518
1 0.908203 0.378906 0.0351562 0.03125 0.0481141
1 0.883789 0.263672 0.0214844 0.015625 0.0655227
1 0.889648 0.367188 0.0292969 0.03125 0.0853146
1 0.90625 0.324219 0.0234375 0.0234375 0.0859453
1 0.884766 0.324219 0.0234375 0.0234375 0.0891919
1 0.888672 0.332031 0.0273438 0.0234375 0.10997
1 0.883789 0.306641 0.0253906 0.0234375 0.11518
1 0.915039 0.383789 0.0214844 0.0214844 0.128593
1 0.882812 0.28418 0.0234375 0.0332031 0.139042
1 0.927734 0.385742 0.0273438 0.0214844 0.216432
1 0.892578 0.350586 0.03125 0.0332031 0.243641
1 0.890625 0.381836 0.0273438 0.0253906 0.290924
