1 0.208984 0.0136719 0.0664062 0.0273438 0.022476
1 0.969727 0.0742188 0.0410156 0.03125 0.0225351
1 0.521484 0.00683594 0.046875 0.0136719 0.0249521
1 0.679688 0.512695 0.046875 0.0332031 0.0258873
1 0.992188 0.143555 0.015625 0.0527344 0.0292861
1 0.0107422 0.0546875 0.0214844 0.0507812 0.0361632
1 0.0166016 0.0683594 0.0332031 0.0664062 0.0603352
1 0.398438 0.595703 0.0546875 0.0546875 0.0760076
1 0.452148 0.0136719 0.0644531 0.0273438 0.0785796
1 0.975586 0.0742188 0.0488281 0.0898438 0.0843564
1 0.350586 0.927734 0.0605469 0.0664062 0.108918
1 0.399414 0.382812 0.0527344 0.0351562 0.123142
1 0.979492 0.118164 0.0410156 0.0527344 0.132577
1 0.701172 0.0380859 0.0390625 0.0371094 0.176302
1 0.969727 0.0576172 0.0449219 0.0488281 0.181059
1 0.422852 0.979492 0.0449219 0.0410156 0.193453
1 0.0166016 0.0078125 0.0332031 0.015625 0.21365
1 0.662109 0.694336 0.0507812 0.0449219 0.240215
1 0.477539 0.483398 0.0527344 0.0410156 0.247366
1 0.958008 0.0107422 0.0566406 0.0214844 0.288348
1 0.583984 0.750977 0.0507812 0.0488281 0.491503
1 0.382812 0.30957 0.0585938 0.0527344 0.505346
1 0.262695 0.00976562 0.0644531 0.0195312 0.516377
1 0.401367 0.717773 0.0878906 0.0722656 0.517973
1 0.302734 0.350586 0.0664062 0.0683594 0.518793
1 0.598633 0.581055 0.0527344 0.0410156 0.572135
1 0.631836 0.0849609 0.0488281 0.0449219 0.595141
1 0.485352 0.419922 0.0488281 0.0390625 0.602805
1 0.110352 0.390625 0.107422 0.15625 0.63644
1 0.489258 0.797852 0.0566406 0.0605469 0.690392
1 0.46582 0.0820312 0.0722656 0.0703125 0.706222
1 0.395508 0.808594 0.0449219 0.0859375 0.715764
1 0.333984 0.4375 0.046875 0.046875 0.717024
1 0.238281 0.117188 0.046875 0.046875 0.735432
1 0.328125 0.119141 0.0742188 0.0703125 0.768167
1 0.415039 0.446289 0.0371094 0.0332031 0.77009
1 0.508789 0.628906 0.0488281 0.046875 0.792047
1 0.222656 0.0673828 0.0429688 0.0410156 0.795914
1 0.367188 0.509766 0.0585938 0.0546875 0.798684
