1 0.664062 0.421875 0.046875 0.046875 0.0226701
1 0.0332031 0.709961 0.0351562 0.0292969 0.0242818
1 0.344727 0.318359 0.0292969 0.0273438 0.0255842
1 0.583008 0.543945 0.0371094 0.0214844 0.0283503
1 0.587891 0.602539 0.046875 0.0449219 0.0301213
1 0.168945 0.608398 0.0253906 0.0292969 0.03062
1 0.00976562 0.458008 0.0195312 0.0410156 0.0308055
1 0.55957 0.422852 0.0410156 0.0292969 0.0318736
1 0.209961 0.334961 0.0292969 0.0332031 0.0332894
1 0.235352 0.578125 0.0371094 0.0390625 0.0359894
1 0.229492 0.566406 0.0332031 0.0273438 0.0373926
1 0.0527344 0.515625 0.0273438 0.0234375 0.0468918
1 0.208984 0.613281 0.0273438 0.0234375 0.0475414
1 0.0947266 0.59375 0.0253906 0.0195312 0.0508808
1 0.192383 0.610352 0.0292969 0.0292969 0.0547889
1 0.577148 0.814453 0.111328 0.0976562 0.0606467
1 0.570312 0.619141 0.0742188 0.078125 0.0692981
1 0.75 0.738281 0.144531 0.121094 0.0811137
1 0.193359 0.573242 0.03125 0.0253906 0.0881331
1 0.454102 0.28418 0.0449219 0.0410156 0.107457
1 0.239258 0.59375 0.0332031 0.0273438 0.109025
1 0.272461 0.540039 0.0253906 0.0253906 0.11512
1 0.527344 0.283203 0.0390625 0.0429688 0.121856
1 0.0498047 0.557617 0.0527344 0.0410156 0.138115
1 0.15918 0.612305 0.0214844 0.0214844 0.158908
1 0.587891 0.569336 0.0429688 0.0292969 0.172715
1 0.104492 0.459961 0.0253906 0.0253906 0.173154
1 0.570312 0.662109 0.0429688 0.0390625 0.201195
1 0.569336 0.739258 0.0371094 0.0371094 0.205241
1 0.551758 0.390625 0.0449219 0.0390625 0.233874
1 0.0673828 0.571289 0.0292969 0.0292969 0.256934
1 0.577148 0.515625 0.0371094 0.0429688 0.273163
1 0.282227 0.563477 0.0371094 0.0292969 0.333888
1 0.185547 0.600586 0.0234375 0.0253906 0.375802
1 0.322266 0.313477 0.0625 0.0410156 0.485795
1 0.398438 0.290039 0.046875 0.0410156 0.609706
1 0.328125 0.549805 0.0273438 0.0292969 0.674371
1 0.328125 0.386719 0.101562 0.0820312 0.695869
1 0.536133 0.337891 0.0488281 0.0429688 0.696644
1 0.366211 0.536133 0.0371094 0.0332031 0.710088
1 0.361328 0.607422 0.046875 0.0429688 0.781209
1 0.161133 0.371094 0.0644531 0.0507812 0.781832
1 0.306641 0.630859 0.0546875 0.0507812 0.802414
