1 0.592773 0.241211 0.0371094 0.0332031 0.0224434
1 0.0244141 0.414062 0.0488281 0.0546875 0.0236965
1 0.644531 0.21875 0.0429688 0.0429688 0.0246202
1 0.602539 0.222656 0.0332031 0.03125 0.0299376
1 0.535156 0.303711 0.0351562 0.0292969 0.0383854
1 0.637695 0.876953 0.0722656 0.113281 0.038565
1 0.583984 0.643555 0.0546875 0.0449219 0.0500007
1 0.889648 0.993164 0.0566406 0.0136719 0.0502576
1 0.46582 0.015625 0.0839844 0.03125 0.0535004
1 0.637695 0.84668 0.0605469 0.0605469 0.0601704
1 0.605469 0.814453 0.0507812 0.046875 0.0771132
1 0.647461 0.90918 0.0527344 0.0527344 0.082287
1 0.586914 0.686523 0.0996094 0.115234 0.122348
1 0.420898 0.272461 0.0527344 0.0449219 0.165776
1 0.594727 0.229492 0.0332031 0.0292969 0.171698
1 0.553711 0.255859 0.0410156 0.0351562 0.343213
1 0.724609 0.974609 0.0664062 0.0507812 0.467012
