40 669 543 563 623 946 120 1051 0.986478
-161 1426 121 1137 553 1561 270 1850 0.978941
945 76 1393 76 1393 689 945 689 0.976804
1003 693 1681 499 1856 1114 1179 1307 0.975902
1475 1108 2045 1108 2045 2045 1475 2045 0.974232
162 1781 543 1610 713 1988 331 2159 0.972325
451 0 977 0 977 231 451 231 0.965261
657 951 1051 843 1176 1295 781 1404 0.959513
1180 0 1638 0 1638 578 1180 578 0.956784
1583 135 2024 -47 2177 320 1735 503 0.954449
1739 532 2045 532 2045 998 1739 998 0.927534
4 1731 244 1731 244 2045 4 2045 0.918504
604 1355 1393 1355 1393 1986 604 1986 0.913976
