1323 195 1775 119 1851 574 1398 649 0.974755
137 440 787 239 974 841 323 1043 0.966923
1035 1628 1699 1628 1699 2045 1035 2045 0.954673
1358 725 1976 621 2052 1068 1434 1172 0.953392
0 2045 0 1052 1026 1052 1026 2045 0.947902
1567 1216 1879 1125 2009 1571 1696 1662 0.926563
888 1313 1317 1128 1511 1577 1082 1762 0.898237
-113 713 193 633 313 1087 5 1168 0.895367
1931 1155 2045 1155 2045 1543 1931 1543 0.881109
1820 131 2045 131 2045 657 1820 657 0.875462
1027 689 1027 179 1482 180 1482 689 0.858815
