378 1179 688 1078 835 1529 526 1630 0.973254
3 1162 3 628 433 628 433 1162 0.958678
1500 980 1930 980 1930 1337 1500 1337 0.956836
276 1652 857 1652 857 2045 276 2045 0.947613
257 155 954 8 1075 581 378 728 0.947464
691 1111 1154 1024 1243 1497 780 1584 0.946297
-76 187 242 128 323 569 4 627 0.94399
35 1216 341 1124 475 1571 169 1663 0.935636
1085 510 1838 357 1946 889 1193 1043 0.87276
835 2045 835 1611 1346 1611 1346 2045 0.858336
1288 1591 1847 1565 1867 2001 1308 2027 0.838677
1595 4 1878 -26 1911 271 1628 302 0.825738
