1 0.926675 0.539553 0.0935972 0.0929644 0.743332
1 0.620591 0.436568 0.153975 0.126671 0.733066
1 0.744484 0.0426239 0.11877 0.0738618 0.686886
1 0.556177 0.286483 0.0318149 0.0294668 0.630809
1 0.765843 0.113124 0.0656047 0.0552164 0.556892
1 0.516665 0.352985 0.110832 0.101717 0.497776
1 0.622942 0.0907138 0.0447044 0.0521026 0.459934
1 0.498337 0.121314 0.0374039 0.038176 0.439815
1 0.622151 0.283267 0.0347403 0.0294366 0.41435
1 0.48794 0.95893 0.190735 0.0817417 0.408081
1 0.512291 0.34415 0.0895501 0.0943432 0.362811
1 0.67348 0.316876 0.0539812 0.0337854 0.233112
1 0.667496 0.283813 0.0359671 0.0235255 0.230209
1 0.749756 0.238176 0.039195 0.0318243 0.205467
1 0.837904 0.167487 0.0844116 0.0470975 0.177948
1 0.673229 0.286219 0.0451952 0.0324999 0.176537
1 0.602152 0.324846 0.0327089 0.0305752 0.148411
1 0.780999 0.295411 0.0377821 0.0306672 0.142711
1 0.504984 0.292758 0.038958 0.0313257 0.138599
1 0.608056 0.176836 0.0331552 0.0302 0.132391
1 0.836289 0.165399 0.0987879 0.0629468 0.126064
1 0.753858 0.047627 0.0899686 0.0527203 0.125996
1 0.513427 0.34219 0.0944113 0.0684655 0.123757
1 0.558617 0.141312 0.038371 0.0382665 0.112854
