1 0.394988 0.602713 0.0425429 0.037342 0.659148
1 0.39869 0.782739 0.0390298 0.0389597 0.500901
1 0.735255 0.854451 0.040449 0.0370453 0.415578
1 0.418147 0.912061 0.0399915 0.0363423 0.373195
1 0.739627 0.901108 0.0493788 0.0472379 0.359744
0 0.868143 0.722697 0.263713 0.553287 0.358067
1 0.744654 0.897266 0.0415123 0.0368315 0.344597
1 0.413618 0.862193 0.0370919 0.0419092 0.316216
1 0.687278 0.534715 0.0414877 0.035265 0.230286
1 0.00989851 0.36123 0.019797 0.0361086 0.228279
1 0.419349 0.878555 0.053125 0.108353 0.224359
1 0.0133275 0.403114 0.0248464 0.027353 0.205923
1 0.740475 0.913871 0.0558535 0.0715896 0.18633
1 0.420725 0.986123 0.0385098 0.0274487 0.173012
1 0.737348 0.848127 0.0463803 0.0406563 0.164357
1 0.391046 0.531226 0.0642083 0.0535889 0.139086
1 0.752423 0.960856 0.039445 0.0308976 0.138362
1 0.424723 0.983771 0.0481106 0.0321476 0.128994
1 0.41101 0.637782 0.0317945 0.0268658 0.123416
1 0.74478 0.836629 0.0217773 0.0186102 0.11906
1 0.726233 0.834991 0.0322087 0.01945 0.11759
1 0.0437821 0.720423 0.0380946 0.0381479 0.114601
1 0.739771 0.84489 0.0314854 0.0333111 0.109703
