1 0.592183 0.407215 0.0551245 0.0565768 0.744754
1 0.307919 0.166562 0.0320117 0.0291737 0.527831
1 0.406239 0.107833 0.0560881 0.0521465 0.497382
3 0.449908 0.720952 0.362904 0.0664446 0.430286
1 0.376655 0.167325 0.0790388 0.0412387 0.413604
1 0.488268 0.0709378 0.131046 0.10992 0.38598
1 0.352744 0.0803895 0.0243118 0.0222647 0.287283
2 0.928422 0.981727 0.0440168 0.0365459 0.273009
1 0.109896 0.556167 0.216017 0.259326 0.266131
1 0.318568 0.0963042 0.0235666 0.0265166 0.188707
1 0.250505 0.175423 0.0473711 0.0377715 0.159986
1 0.352504 0.0822938 0.0290049 0.0266925 0.140564
1 0.0583486 0.753813 0.0214625 0.0234507 0.139778
5 0.615023 0.351916 0.0368832 0.0349241 0.114543
1 0.267946 0.139777 0.0247273 0.0264145 0.111996
1 0.00882112 0.896679 0.0176422 0.0511253 0.106784
