1 0.900682 0.317905 0.0460453 0.0363243 0.661505
1 0.90586 0.375052 0.0515213 0.0538314 0.654818
1 0.85815 0.0825168 0.0793082 0.0872836 0.654443
1 0.885879 0.268269 0.0385761 0.033986 0.569464
1 0.932521 0.234295 0.0245603 0.0202467 0.537987
1 0.883713 0.229254 0.0316414 0.0278708 0.520141
1 0.972709 0.19355 0.0479078 0.053966 0.394727
1 0.885534 0.172658 0.0353081 0.029574 0.384741
1 0.928658 0.21184 0.020941 0.016591 0.379119
1 0.936893 0.257975 0.0195436 0.0185575 0.362847
1 0.925476 0.189074 0.0232323 0.0219501 0.329073
1 0.838616 0.0118476 0.0554337 0.0236952 0.325245
1 0.972359 0.274308 0.0236422 0.021756 0.272744
1 0.981105 0.308035 0.0345219 0.0331587 0.263337
1 0.935741 0.284096 0.0217846 0.0200636 0.230251
1 0.859838 0.0741264 0.0755947 0.0616781 0.183717
1 0.34042 0.00833568 0.0824104 0.0165766 0.116324
