0 0.406688 0.303599 0.812913 0.607197 0.308825
1 0.101062 0.989336 0.0391457 0.0213282 0.243097
3 0.79276 0.684738 0.41448 0.0885169 0.233064
1 0.421718 0.477203 0.0266733 0.0247273 0.215203
1 0.574059 0.642443 0.0209147 0.0192074 0.206042
1 0.0999459 0.985367 0.0383171 0.0292659 0.198422
0 0.336229 0.958828 0.233389 0.0823441 0.196059
1 0.101206 0.983161 0.0495204 0.0336475 0.184531
1 0.106594 0.972689 0.0618302 0.0542285 0.17674
1 0.117974 0.97035 0.0180255 0.0209049 0.153048
0 0.288609 0.959231 0.346002 0.0815389 0.146663
1 0.23348 0.109677 0.0205624 0.0210356 0.14631
0 0.483049 0.0946127 0.7501 0.189225 0.123295
