1 0.914167 0.345867 0.101755 0.091869 0.737323
1 0.364378 0.685034 0.0585712 0.0490497 0.663436
1 0.744993 0.726279 0.0556366 0.0491575 0.661463
1 0.0917793 0.593187 0.0616299 0.0563045 0.587149
1 0.674681 0.142983 0.0287792 0.028857 0.571263
1 0.801891 0.0874729 0.109354 0.0780661 0.531041
1 0.672423 0.196928 0.0377325 0.0314768 0.522214
5 0.160851 0.943883 0.0507829 0.0475653 0.517125
1 0.459798 0.321113 0.0408983 0.0376846 0.492485
1 0.684456 0.076982 0.0340059 0.028104 0.462678
1 0.38809 0.257212 0.0387596 0.031776 0.462261
1 0.342114 0.22473 0.0307021 0.0301308 0.446102
1 0.131656 0.719731 0.0198775 0.020007 0.409869
1 0.888088 0.557637 0.0289844 0.0292988 0.403761
1 0.706335 0.121012 0.0288204 0.0274365 0.395887
1 0.975378 0.534204 0.0489185 0.10986 0.391334
1 0.0326158 0.427545 0.0324995 0.0311844 0.389984
1 0.438077 0.205126 0.0711811 0.0647214 0.383582
1 0.623619 0.197436 0.0396732 0.0376426 0.379029
1 0.920467 0.536447 0.0256435 0.0250536 0.338929
1 0.706917 0.170938 0.0302745 0.0284546 0.269807
1 0.0834799 0.539388 0.0328694 0.0294275 0.265111
1 0.675303 0.741788 0.0435824 0.0486796 0.230178
1 0.0521925 0.462433 0.0300545 0.0275822 0.216737
1 0.568364 0.761514 0.0778081 0.0676031 0.200785
1 0.888139 0.561631 0.0324535 0.0454246 0.182102
1 0.797292 0.69973 0.0317947 0.0311068 0.165537
1 0.933617 0.577892 0.0307371 0.0306072 0.160356
1 0.625329 0.0976119 0.0377808 0.0247306 0.157844
1 0.404165 0.774078 0.103575 0.0943152 0.144053
1 0.159437 0.677287 0.0564893 0.0509462 0.140511
1 0.0104466 0.367468 0.0208932 0.0517032 0.138393
1 0.615577 0.757931 0.159066 0.100019 0.13587
1 0.921455 0.538938 0.0308118 0.0268419 0.127759
1 0.151231 0.780316 0.0267868 0.0292082 0.122602
1 0.985461 0.42989 0.0285168 0.0583206 0.121755
1 0.418075 0.767261 0.103518 0.0773537 0.117064
1 0.160662 0.669368 0.0652096 0.0659122 0.111683
1 0.988801 0.425304 0.0223988 0.0593284 0.107838
1 0.559142 0.763919 0.0611654 0.0567179 0.105309
