1 0.179853 0.0635429 0.0288158 0.0297585 0.66066
3 0.379162 0.286506 0.0578 0.18194 0.65916
1 0.123312 0.0617222 0.0233038 0.023574 0.573357
1 0.233278 0.0596033 0.0268232 0.0292777 0.571462
1 0.375568 0.00936702 0.051561 0.0185216 0.517375
1 0.291967 0.051638 0.0335227 0.0334687 0.485144
1 0.354066 0.910872 0.0253421 0.0302212 0.44047
3 0.367176 0.836553 0.0467563 0.0609772 0.399037
3 0.26774 0.894485 0.0525457 0.0592545 0.394206
1 0.884523 0.013558 0.0484573 0.0271161 0.353132
1 0.862314 0.250038 0.0265449 0.0253941 0.346574
1 0.0497556 0.0779589 0.0205952 0.0234913 0.294664
1 0.834657 0.231906 0.0168377 0.0188236 0.248672
1 0.889866 0.0102818 0.0464802 0.0204133 0.208691
1 0.856424 0.223157 0.0211256 0.018615 0.173937
1 0.147571 0.00664134 0.0327389 0.0128849 0.172286
3 0.412177 0.288768 0.121955 0.186961 0.165356
1 0.991034 0.234062 0.017932 0.0315765 0.155671
1 0.915898 0.8032 0.0282995 0.0243265 0.149476
1 0.915467 0.757189 0.0492275 0.044876 0.146444
5 0.0757068 0.118447 0.0172791 0.0174061 0.125471
1 0.873914 0.294357 0.0284151 0.0284202 0.117346
3 0.346249 0.435687 0.0549502 0.0588146 0.116786
1 0.393055 0.937796 0.024334 0.0239376 0.115078
1 0.122799 0.0646289 0.0286083 0.0261652 0.114216
5 0.201563 0.00806311 0.0326112 0.0159399 0.112317
1 0.0155233 0.0709807 0.0297956 0.0427781 0.11165
1 0.835096 0.23518 0.0186022 0.0236175 0.111648
2 0.0604305 0.486722 0.0244956 0.0194527 0.105727
