1 0.793631 0.48521 0.131567 0.0810979 0.817773
0 0.28865 0.128782 0.566753 0.257563 0.702813
1 0.93112 0.807482 0.0340236 0.0329189 0.701867
1 0.824799 0.609879 0.0602898 0.0562193 0.688136
1 0.950563 0.852059 0.0289127 0.0303106 0.592225
1 0.926831 0.474839 0.0425186 0.0418307 0.587223
1 0.411188 0.781578 0.0494566 0.0376563 0.570765
1 0.904529 0.533888 0.0381788 0.0335721 0.560579
1 0.973232 0.571393 0.0346054 0.0317246 0.507742
1 0.810509 0.677054 0.0487877 0.0524105 0.498406
1 0.9 0.774084 0.0344071 0.031465 0.473698
1 0.989724 0.623493 0.0204113 0.0205261 0.366525
1 0.914399 0.582794 0.0169052 0.0175468 0.340012
1 0.774459 0.9707 0.0188383 0.0179348 0.33545
1 0.901392 0.567977 0.0270923 0.0236717 0.333864
1 0.888831 0.701474 0.0286918 0.0249165 0.314895
1 0.698661 0.992702 0.0431691 0.0145959 0.312233
1 0.740824 0.573588 0.0471084 0.0346665 0.290737
1 0.658509 0.902991 0.0373871 0.0360152 0.27917
1 0.849347 0.644828 0.0282776 0.0299241 0.270065
1 0.783792 0.994061 0.020963 0.0116516 0.246688
1 0.970388 0.594354 0.0313072 0.0162569 0.225485
1 0.918663 0.615499 0.0229527 0.0196985 0.224339
1 0.971585 0.592187 0.0284027 0.0150068 0.213285
1 0.663589 0.902859 0.0500275 0.041057 0.203897
1 0.866903 0.686244 0.0193852 0.0256693 0.203792
1 0.821528 0.489393 0.0741707 0.0677812 0.202078
1 0.976549 0.576065 0.0362414 0.0426506 0.198348
1 0.735633 0.568421 0.0342618 0.0312139 0.19254
1 0.907358 0.577407 0.0281975 0.0214496 0.19071
1 0.848767 0.675817 0.0228915 0.0204941 0.175076
1 0.667662 0.957754 0.0381147 0.0439144 0.163215
1 0.993687 0.983616 0.0126262 0.0259094 0.163182
1 0.993292 0.663776 0.0134163 0.0298551 0.159753
1 0.756503 0.489399 0.038897 0.042668 0.15305
1 0.881221 0.73275 0.0294539 0.0289167 0.153035
1 0.902274 0.569995 0.0317068 0.0289049 0.148601
1 0.912084 0.586239 0.0235516 0.0212948 0.139925
1 0.990766 0.695779 0.0182357 0.0330227 0.13989
1 0.867651 0.690494 0.0210302 0.0304424 0.135321
1 0.883295 0.477909 0.0269518 0.0303642 0.133286
1 0.852112 0.680215 0.0263632 0.0229948 0.128748
1 0.88655 0.475342 0.031501 0.0385055 0.127692
1 0.790282 0.994592 0.0249591 0.0108155 0.100403
1 0.774964 0.973729 0.0197103 0.0207613 0.100265
