1 0.227543 0.927172 0.0413641 0.04483 0.658816
1 0.220293 0.974134 0.036008 0.0372413 0.633943
3 0.968263 0.971035 0.0634745 0.0579292 0.49923
1 0.0868884 0.0839153 0.092269 0.0621719 0.462043
3 0.0826303 0.206116 0.16457 0.0885004 0.412242
1 0.265325 0.909733 0.0196765 0.0208958 0.403332
1 0.249758 0.860434 0.0259121 0.0324642 0.352469
1 0.198973 0.046504 0.049355 0.0620837 0.295049
3 0.125787 0.205941 0.247139 0.0889242 0.240149
1 0.146471 0.05555 0.0283733 0.0253122 0.227429
1 0.209829 0.00547752 0.0248591 0.0104915 0.21594
1 0.0315468 0.0648118 0.0242766 0.02451 0.214679
1 0.0317184 0.0940391 0.0229953 0.0251325 0.197771
1 0.197797 0.0545874 0.0456657 0.0489293 0.194531
1 0.228258 0.922849 0.0348242 0.0380749 0.168865
1 0.249458 0.866215 0.0269793 0.0396757 0.156091
1 0.212827 0.00620738 0.0313024 0.011977 0.139385
1 0.248042 0.844221 0.0306657 0.0447353 0.130051
1 0.27278 0.959083 0.0183739 0.0187058 0.126495
1 0.259722 0.912819 0.0243254 0.0288233 0.1261
1 0.244023 0.829272 0.0279799 0.0213293 0.125212
