1 0.154083 0.378246 0.0981238 0.0518596 0.811493
0 0.601241 0.69712 0.789827 0.60576 0.790041
1 0.318756 0.851051 0.0219906 0.0217361 0.593757
1 0.35244 0.852986 0.025921 0.0249076 0.506281
1 0.347087 0.914127 0.0194752 0.0169562 0.431278
1 0.228442 0.697618 0.0569321 0.0692576 0.413393
1 0.274064 0.709358 0.0392787 0.045794 0.384758
1 0.364595 0.935049 0.0168464 0.0185063 0.349544
1 0.322081 0.882626 0.0286167 0.0326092 0.323224
5 0.497513 0.574567 0.0253602 0.0273428 0.309268
1 0.223162 0.813326 0.0357308 0.045086 0.307516
1 0.312472 0.777224 0.0211666 0.0242613 0.297986
1 0.383628 0.904269 0.0207159 0.0223085 0.295814
1 0.270793 0.902773 0.0193424 0.0223839 0.24843
1 0.385674 0.985674 0.0272605 0.0270939 0.216925
1 0.127728 0.750661 0.0305456 0.0353798 0.193067
1 0.281186 0.811049 0.0313122 0.0322188 0.180176
1 0.287511 0.812105 0.0355651 0.0311669 0.176779
1 0.125432 0.757041 0.0321762 0.0270818 0.170169
1 0.320728 0.887689 0.0293909 0.0288544 0.155644
1 0.287253 0.933214 0.0224026 0.0255606 0.148732
1 0.197905 0.768813 0.0194799 0.0171366 0.148415
1 0.299156 0.956533 0.0250285 0.0229216 0.139951
1 0.266988 0.770504 0.0247537 0.0293873 0.136153
1 0.266693 0.899936 0.0199469 0.023389 0.124402
1 0.264172 0.895132 0.0227675 0.0267318 0.116592
1 0.320897 0.857447 0.0301862 0.0334337 0.108631
3 0.380863 0.269639 0.0489404 0.0747227 0.105826
