1 0.582921 0.655115 0.0659151 0.0538435 0.56451
1 0.689928 0.133361 0.0378405 0.0327189 0.308724
1 0.973447 0.26742 0.0282147 0.0293601 0.235823
1 0.948879 0.213889 0.0406498 0.0360289 0.217099
1 0.315151 0.416303 0.0431095 0.0373841 0.157768
1 0.978885 0.108032 0.0308384 0.0242979 0.140645
1 0.97808 0.104881 0.0353675 0.0363474 0.13535
1 0.628133 0.139308 0.0587707 0.0331083 0.124035
1 0.986222 0.11041 0.0247068 0.0241134 0.111238
1 0.685008 0.669069 0.0314817 0.0279397 0.108886
1 0.632984 0.141221 0.0520045 0.0273506 0.10797
1 0.647286 0.141614 0.0279655 0.0243794 0.106323
