1 0.956145 0.543628 0.0389786 0.0322378 0.501692
1 0.986207 0.237359 0.027586 0.0656904 0.408807
1 0.729095 0.314867 0.0389644 0.0368122 0.348122
1 0.888712 0.54846 0.0321476 0.0337011 0.317274
1 0.851796 0.561996 0.0239485 0.0289196 0.295871
1 0.89535 0.518442 0.0256702 0.0209571 0.290987
1 0.624852 0.229259 0.129008 0.0880299 0.263805
1 0.95928 0.590989 0.0787338 0.0546435 0.239631
5 0.772315 0.3417 0.0288938 0.0279155 0.236698
1 0.772546 0.343275 0.0336832 0.0328156 0.183917
1 0.875097 0.61964 0.108192 0.0702558 0.153627
1 0.922794 0.131692 0.0371376 0.0319329 0.126885
1 0.98373 0.230818 0.0313835 0.0609349 0.102074
