1 0.925565 0.935553 0.0364373 0.0340866 0.730029
1 0.513134 0.354391 0.0691729 0.0722757 0.657626
3 0.377613 0.743269 0.0991942 0.184511 0.619337
1 0.97403 0.926779 0.0328278 0.0297626 0.576867
1 0.225223 0.382177 0.0505415 0.0413311 0.552756
1 0.887473 0.945148 0.0307549 0.0306767 0.515521
1 0.982693 0.7314 0.0294052 0.0205324 0.390135
1 0.976488 0.929468 0.0364261 0.0371962 0.275796
1 0.767147 0.810141 0.04062 0.0320583 0.252499
1 0.268566 0.671078 0.0323717 0.0359716 0.233133
0 0.86652 0.07781 0.26696 0.152314 0.23259
1 0.271537 0.671397 0.0323022 0.0298039 0.22444
2 0.283897 0.726087 0.0309573 0.0335657 0.221497
1 0.297639 0.765423 0.0305696 0.0347439 0.213585
1 0.0452955 0.714791 0.0316249 0.0343702 0.206365
1 0.933544 0.729324 0.0364853 0.0280927 0.188588
1 0.314322 0.85953 0.0415974 0.0345245 0.181231
5 0.933034 0.729212 0.0349848 0.02765 0.105452
1 0.00730618 0.61474 0.0146124 0.0463305 0.103912
