1 0.181869 0.820648 0.101267 0.104971 0.575081
1 0.156776 0.302414 0.0510626 0.0600553 0.550865
1 0.144788 0.239612 0.0355914 0.0280958 0.525451
1 0.148236 0.205651 0.0365141 0.0392294 0.489849
1 0.49282 0.603193 0.135968 0.134336 0.276588
1 0.109353 0.308151 0.0386641 0.058306 0.272454
1 0.76377 0.0137658 0.0763934 0.0275316 0.213585
1 0.255991 0.0158466 0.0627362 0.0316931 0.213397
1 0.0159369 0.263471 0.03181 0.0340474 0.189605
1 0.0156453 0.184414 0.031219 0.0637137 0.17053
1 0.124911 0.13882 0.0245605 0.0232556 0.128704
1 0.402118 0.192812 0.0752368 0.0689897 0.114935
1 0.370891 0.829808 0.0337819 0.0335075 0.11096
1 0.127124 0.170145 0.0318782 0.0338875 0.10709
