1 0.715955 0.595419 0.136479 0.108805 0.823479
1 0.777468 0.707064 0.0855756 0.072115 0.674574
1 0.759556 0.705222 0.120482 0.0796493 0.567371
1 0.915112 0.983111 0.0363023 0.0337784 0.230519
0 0.386259 0.328209 0.772518 0.656419 0.210518
1 0.771948 0.764024 0.0449253 0.0389683 0.204589
1 0.839826 0.539473 0.0702156 0.0874508 0.20378
1 0.919385 0.557661 0.074263 0.0462353 0.157739
1 0.795962 0.80883 0.0767558 0.0918614 0.15224
1 0.898073 0.949437 0.0361258 0.0302782 0.151207
1 0.795562 0.81835 0.0614771 0.0698349 0.150651
