1 0.0442049 0.251646 0.0458153 0.0411442 0.723186
1 0.13231 0.246363 0.056197 0.0389078 0.587596
1 0.947692 0.148758 0.0320687 0.0319257 0.529899
1 0.959006 0.0087213 0.0293037 0.0174426 0.506015
1 0.0455646 0.0419977 0.0365647 0.0333687 0.484754
1 0.0861759 0.240577 0.0257452 0.0223894 0.435032
1 0.494499 0.594638 0.099819 0.0512944 0.41704
1 0.982814 0.232921 0.034351 0.0561154 0.315051
1 0.530777 0.602379 0.0261816 0.0312375 0.304904
1 0.966683 0.0799186 0.0349255 0.0352092 0.297259
1 0.129359 0.0439117 0.0351148 0.0300798 0.293796
1 0.00750026 0.208905 0.0150005 0.0345566 0.289744
1 0.0065962 0.0399854 0.0131924 0.0204182 0.252126
1 0.088362 0.0233831 0.0203789 0.0216985 0.216629
1 0.488054 0.599851 0.0445781 0.0349333 0.214711
1 0.958841 0.0120522 0.0369583 0.0241043 0.192023
1 0.00990791 0.209892 0.0188847 0.0257806 0.191862
1 0.519768 0.60165 0.0487069 0.0370879 0.189939
1 0.00777321 0.475635 0.0155464 0.047652 0.151259
1 0.966576 0.0669137 0.0503643 0.0688675 0.138033
1 0.00569183 0.331626 0.0113837 0.029677 0.128645
1 0.495508 0.599474 0.032901 0.034499 0.123501
1 0.0113139 0.475574 0.0221392 0.0476297 0.122374
1 0.958346 0.0400814 0.0314835 0.0319153 0.1206
1 0.199668 0.0131894 0.0300334 0.0263788 0.116966
1 0.189718 0.0134123 0.0426957 0.0268247 0.109946
1 0.182811 0.0102661 0.0375398 0.0200583 0.109607
1 0.145471 0.0320132 0.137956 0.053026 0.109009
1 0.48209 0.598624 0.0638323 0.0380268 0.108898
1 0.173453 0.0338768 0.0277448 0.0235468 0.108471
1 0.986034 0.29374 0.0279323 0.0402313 0.105463
