1 0.369627 0.721692 0.232024 0.152363 0.411207
1 0.18175 0.803344 0.0905987 0.0735115 0.363129
1 0.720757 0.372189 0.11329 0.100518 0.272401
1 0.74782 0.459839 0.0726335 0.0567215 0.265945
1 0.193289 0.800991 0.0740841 0.0654974 0.202939
1 0.477284 0.0347893 0.101342 0.0695787 0.186523
1 0.475527 0.0237184 0.0986483 0.0474368 0.179171
1 0.776842 0.544423 0.0653466 0.0472481 0.130512
3 0.897794 0.18303 0.201265 0.366059 0.10986
1 0.34336 0.73309 0.185938 0.13184 0.10565
1 0.476448 0.0478957 0.106398 0.0957913 0.104639
