1 0.847492 0.449376 0.118816 0.0966869 0.656651
1 0.933179 0.516909 0.0591095 0.061527 0.542648
1 0.157819 0.418079 0.125536 0.105838 0.463515
1 0.924546 0.84649 0.0427235 0.0376734 0.440333
1 0.918682 0.811006 0.0225849 0.022347 0.348625
1 0.8926 0.676623 0.108498 0.117059 0.32618
1 0.186701 0.645726 0.0435837 0.0331613 0.265783
1 0.91968 0.967877 0.159507 0.0641003 0.232933
1 0.203098 0.416803 0.20683 0.112593 0.211632
1 0.986982 0.859898 0.0255461 0.0277569 0.190573
1 0.243513 0.506512 0.0567133 0.0491048 0.174402
1 0.987125 0.526307 0.0256763 0.0592787 0.173809
1 0.281605 0.411948 0.0250166 0.0246115 0.144113
1 0.975946 0.628396 0.0481082 0.107166 0.141307
1 0.927766 0.842829 0.0411873 0.0487934 0.110925
1 0.884217 0.883075 0.0284287 0.0282314 0.104824
