1 0.519245 0.341652 0.0472465 0.036845 0.720616
1 0.736213 0.127941 0.336497 0.0821999 0.702373
1 0.721417 0.947163 0.0691873 0.0526336 0.626672
1 0.566892 0.420935 0.0277487 0.0304403 0.60631
1 0.503889 0.279705 0.0245966 0.02425 0.604768
1 0.59046 0.577608 0.0336993 0.0309139 0.538256
1 0.66909 0.74123 0.0578125 0.0436119 0.525418
1 0.746013 0.138454 0.0269936 0.0296538 0.492621
1 0.676472 0.839375 0.0651405 0.0476578 0.433735
1 0.712035 0.151647 0.030843 0.0323301 0.371984
1 0.524486 0.375154 0.0253779 0.024635 0.365089
1 0.704453 0.89654 0.0327011 0.0253385 0.359501
1 0.854014 0.974279 0.0942886 0.0514427 0.357671
1 0.588685 0.563738 0.0415527 0.0584645 0.336663
1 0.728648 0.991629 0.037533 0.0164604 0.312251
1 0.498114 0.251666 0.0352418 0.0253616 0.311197
1 0.624906 0.148937 0.111682 0.0451134 0.304383
1 0.531558 0.415068 0.0302731 0.0264784 0.292554
1 0.611635 0.150781 0.085001 0.0391412 0.254491
1 0.501742 0.278732 0.0323654 0.0348563 0.251556
1 0.535384 0.412637 0.0245407 0.0258376 0.240357
1 0.769746 0.992855 0.0270622 0.0142897 0.215987
1 0.5868 0.551717 0.0363957 0.0433316 0.208906
1 0.66662 0.792737 0.0561303 0.0416169 0.200651
1 0.797807 0.121782 0.204091 0.0769829 0.185813
1 0.711511 0.871899 0.0214751 0.0196049 0.1657
1 0.935301 0.976522 0.0304577 0.0301605 0.148585
1 0.716146 0.945455 0.0501098 0.0530865 0.147498
1 0.580703 0.488892 0.0537848 0.0458332 0.145174
1 0.716867 0.738468 0.0204275 0.0243082 0.139504
1 0.669832 0.132474 0.205705 0.0729065 0.13502
1 0.587329 0.545227 0.0311213 0.0278912 0.129033
1 0.545115 0.179761 0.0246469 0.0193241 0.129012
1 0.585827 0.483403 0.0663323 0.0537012 0.125888
1 0.721472 0.992636 0.0494957 0.0144258 0.123232
1 0.580742 0.477534 0.0597668 0.067861 0.109457
