1 0.575031 0.232616 0.0507703 0.0421548 0.705431
1 0.338866 0.841126 0.206465 0.126509 0.681402
1 0.384009 0.290667 0.0236655 0.0237689 0.678498
1 0.457578 0.128421 0.112008 0.0593408 0.651513
1 0.388229 0.0374963 0.125288 0.0749927 0.614862
1 0.575103 0.26972 0.0369465 0.0245159 0.531326
1 0.337001 0.293448 0.0388221 0.0359817 0.527436
1 0.513426 0.230096 0.0352425 0.0336564 0.455236
1 0.444021 0.131334 0.084105 0.0512043 0.412654
1 0.435767 0.288013 0.0483477 0.0299655 0.371574
3 0.876805 0.482158 0.241556 0.175275 0.356649
3 0.858947 0.292692 0.282107 0.585383 0.356263
1 0.381818 0.292889 0.0308125 0.0282769 0.344622
3 0.646698 0.634206 0.105894 0.0518201 0.220465
1 0.521228 0.266551 0.0338089 0.0296724 0.200078
3 0.879992 0.120789 0.237041 0.241578 0.191946
1 0.380133 0.261098 0.0214728 0.0182562 0.177957
3 0.967755 0.347216 0.0641369 0.098747 0.172345
3 0.86575 0.659268 0.252274 0.178404 0.143759
5 0.0126407 0.317713 0.0248716 0.0387661 0.136997
5 0.0102181 0.320941 0.0204361 0.0303575 0.126974
1 0.166637 0.358568 0.0489338 0.0454582 0.112186
