1 0.142006 0.926167 0.0500488 0.0345703 0.701851
1 0.0913202 0.907954 0.0298952 0.0339758 0.698286
1 0.244388 0.877024 0.0254 0.0231609 0.602684
1 0.12204 0.896416 0.0236309 0.0232315 0.542094
1 0.208645 0.879537 0.0218278 0.0177212 0.529094
1 0.27366 0.845107 0.0215641 0.0192283 0.490943
1 0.591657 0.488474 0.0613444 0.0527268 0.4285
1 0.567131 0.441786 0.0327271 0.0318463 0.335482
1 0.305526 0.868909 0.0156205 0.0182953 0.319086
1 0.153463 0.888503 0.0276225 0.0223644 0.20378
1 0.338095 0.861611 0.0293449 0.0254421 0.203363
1 0.285864 0.864792 0.0167491 0.0153458 0.194217
1 0.247255 0.844849 0.0190988 0.0192585 0.143024
1 0.0626148 0.896814 0.0191934 0.0210857 0.112273
1 0.524756 0.0154415 0.0573942 0.030883 0.110819
