1 0.164962 0.580098 0.121895 0.111867 0.639617
1 0.134928 0.580345 0.178768 0.118857 0.386596
1 0.0376381 0.170933 0.0493819 0.0428309 0.34593
1 0.983079 0.855539 0.0335404 0.0822021 0.343153
1 0.951421 0.471319 0.0966282 0.263647 0.319508
1 0.315155 0.369677 0.0992119 0.0893435 0.29398
1 0.387714 0.371984 0.238452 0.092862 0.258557
1 0.81621 0.722802 0.02131 0.0189594 0.234015
1 0.525246 0.403981 0.275839 0.15538 0.207687
1 0.988341 0.85005 0.0230095 0.0690954 0.186554
1 0.160011 0.417642 0.20578 0.191811 0.161234
1 0.868574 0.70762 0.0172768 0.0162633 0.157588
1 0.163792 0.455125 0.216537 0.118466 0.156364
1 0.386292 0.394724 0.239236 0.134849 0.142832
1 0.834749 0.993829 0.0391161 0.0123425 0.134485
1 0.957966 0.547647 0.0840673 0.0990435 0.134406
1 0.330393 0.365654 0.136479 0.0837023 0.134081
