1 0.592802 0.230154 0.0266511 0.025662 0.499144
1 0.732113 0.972424 0.0970691 0.0541409 0.474279
1 0.427233 0.270719 0.0710623 0.0707452 0.436163
1 0.55159 0.257148 0.04212 0.0376858 0.338137
2 0.583003 0.365645 0.0924181 0.0896349 0.302211
1 0.738119 0.983281 0.0992713 0.0334373 0.256124
1 0.645405 0.215211 0.053405 0.0545455 0.198134
1 0.649199 0.210679 0.0494186 0.0438141 0.130116
1 0.655018 0.20607 0.0408253 0.0332996 0.123921
1 0.635271 0.218073 0.0373206 0.0489045 0.115578
1 0.65989 0.204035 0.0337643 0.0272735 0.112949
1 0.637683 0.229034 0.0317678 0.0262142 0.105808
1 0.576605 0.712759 0.136702 0.152305 0.105213
