1 0.15632 0.775419 0.0856405 0.0765181 0.690436
1 0.0610409 0.634734 0.0528692 0.0462723 0.600078
1 0.0740598 0.395272 0.0526537 0.0438332 0.579831
1 0.171126 0.843733 0.0606846 0.0377445 0.558406
1 0.236481 0.967855 0.0282831 0.0264599 0.520573
1 0.218272 0.909935 0.0283501 0.0228313 0.503585
1 0.137698 0.474989 0.0247006 0.0214725 0.497688
1 0.207216 0.878763 0.0314045 0.0246166 0.485071
1 0.163399 0.533566 0.0226835 0.0220826 0.45804
1 0.183338 0.596627 0.0261112 0.024118 0.45299
1 0.166809 0.563138 0.0313143 0.0257807 0.445845
1 0.173454 0.916863 0.0406664 0.0358589 0.422281
1 0.226789 0.935195 0.026529 0.0225502 0.419936
1 0.250278 0.208126 0.0529346 0.0602237 0.416456
1 0.146325 0.502996 0.028153 0.0212973 0.415057
1 0.0269628 0.162529 0.0534874 0.051033 0.410328
1 0.135132 0.442821 0.031065 0.0254571 0.403073
1 0.0917159 0.451129 0.0273839 0.0214619 0.389708
1 0.134052 0.109543 0.109093 0.0523057 0.360056
1 0.13412 0.446473 0.0340099 0.0272306 0.347877
1 0.0219183 0.272516 0.0438365 0.0550379 0.320491
1 0.921494 0.954901 0.150292 0.0901977 0.313297
1 0.247899 0.994338 0.0293148 0.0113235 0.303607
1 0.143325 0.609914 0.0315811 0.023056 0.275646
1 0.164942 0.878462 0.0326041 0.023365 0.271302
1 0.0851511 0.557218 0.0328813 0.0262292 0.260687
1 0.983636 0.334784 0.0325409 0.0424635 0.242741
1 0.11675 0.517157 0.024516 0.0191879 0.219659
1 0.125642 0.543477 0.0246261 0.023136 0.199993
1 0.15196 0.645654 0.039758 0.0334124 0.184675
1 0.390046 0.9377 0.0715239 0.092693 0.169312
1 0.100707 0.490865 0.029162 0.026445 0.160199
1 0.194637 0.968656 0.0272009 0.0209572 0.157216
1 0.128814 0.58037 0.0262798 0.0218841 0.134535
1 0.0621593 0.475805 0.0243454 0.0232092 0.127909
1 0.116365 0.395536 0.031464 0.0276411 0.126203
1 0.202847 0.994589 0.0291568 0.0108228 0.122773
1 0.257365 0.204187 0.0530487 0.0754801 0.115088
1 0.977102 0.841605 0.0439871 0.0433266 0.114562
1 0.128238 0.118513 0.10468 0.0841808 0.112492
1 0.120421 0.255238 0.103798 0.0544174 0.110879
