1 0.270779 0.759842 0.0631149 0.0579009 0.546856
1 0.974363 0.565755 0.0510709 0.108445 0.492636
1 0.307308 0.843274 0.0882454 0.0795147 0.460015
1 0.310041 0.973148 0.166077 0.0537048 0.35699
1 0.199978 0.621558 0.0662142 0.0668449 0.337698
1 0.404595 0.937077 0.0343617 0.0358534 0.26825
1 0.419342 0.0377156 0.0803966 0.0754312 0.190518
1 0.302943 0.844474 0.0643704 0.0700306 0.153869
1 0.254748 0.00909834 0.0403217 0.0178965 0.113473
1 0.268382 0.757565 0.0469514 0.0574449 0.108615
1 0.261331 0.0125406 0.0544623 0.0250811 0.108569
