1 0.663162 0.579561 0.0247272 0.0268576 0.651799
1 0.096737 0.293031 0.161263 0.242192 0.547445
1 0.984983 0.557138 0.0299992 0.0598688 0.458274
1 0.584302 0.543459 0.0317112 0.0289919 0.41211
1 0.518055 0.559848 0.066728 0.0434917 0.335698
1 0.629927 0.671537 0.0266302 0.0388361 0.287645
1 0.990166 0.564818 0.0195324 0.0490896 0.249862
1 0.528358 0.560176 0.0521668 0.042495 0.228277
1 0.432473 0.58115 0.016098 0.0193583 0.218507
1 0.632216 0.580066 0.0278547 0.0354799 0.185956
1 0.690959 0.578968 0.0203856 0.0238454 0.185661
1 0.078914 0.977039 0.0796771 0.0459215 0.175401
1 0.344218 0.34243 0.134109 0.0944519 0.168605
1 0.435146 0.566659 0.0169638 0.0178949 0.159956
1 0.507037 0.560102 0.0609258 0.0431952 0.150858
1 0.412533 0.577097 0.0200139 0.0219799 0.145887
1 0.62656 0.575105 0.0279576 0.0312817 0.139638
1 0.577888 0.572932 0.0352043 0.0267401 0.12675
1 0.739523 0.572386 0.095352 0.0405822 0.121714
1 0.342746 0.321802 0.130866 0.0570886 0.117952
1 0.753788 0.57144 0.0636487 0.0368668 0.11387
1 0.879774 0.54152 0.0449802 0.0437708 0.113022
1 0.343466 0.438276 0.0232234 0.0247057 0.111252
1 0.456509 0.574616 0.0190069 0.0210739 0.108039
