1 0.942559 0.430561 0.0520207 0.0460461 0.671569
1 0.409964 0.24117 0.164538 0.117539 0.61909
1 0.939598 0.524034 0.039102 0.0399984 0.617644
2 0.297534 0.0235372 0.0299618 0.0316256 0.536353
1 0.671621 0.518102 0.117534 0.0867664 0.508942
1 0.441158 0.141559 0.0583763 0.0630395 0.487997
1 0.782488 0.519482 0.047941 0.0419842 0.467525
1 0.815482 0.272779 0.129484 0.090976 0.44483
1 0.45923 0.205133 0.0815607 0.0495965 0.44468
1 0.0834894 0.0447084 0.0255852 0.0227783 0.436582
1 0.875452 0.252451 0.249097 0.127606 0.383419
1 0.943023 0.222232 0.113832 0.0668048 0.379024
1 0.065987 0.0208133 0.0256586 0.0248155 0.372556
1 0.962481 0.987915 0.0670174 0.0241706 0.366463
1 0.838944 0.517075 0.0331662 0.0265774 0.363868
1 0.648763 0.671639 0.0461233 0.0399793 0.265327
1 0.885665 0.223558 0.225053 0.068031 0.228725
1 0.960854 0.984112 0.0730789 0.0316547 0.225699
1 0.876733 0.508468 0.0246605 0.021868 0.214374
1 0.853442 0.26138 0.204939 0.107999 0.210664
1 0.609349 0.435408 0.0274868 0.0450248 0.166812
1 0.680123 0.418807 0.187239 0.0942749 0.147699
1 0.662439 0.52563 0.0903661 0.0954186 0.146743
1 0.228174 0.0736771 0.0589493 0.0790119 0.120023
1 0.0700683 0.00876448 0.0264523 0.0140713 0.11464
1 0.878011 0.512808 0.029204 0.0258047 0.109117
1 0.723587 0.416402 0.0482609 0.0502989 0.108328
1 0.107368 0.0684966 0.0232517 0.0179966 0.103966
1 0.608052 0.436812 0.0389328 0.0526095 0.100403
