1 0.702189 0.0467409 0.0960298 0.0934818 0.726415
1 0.971021 0.60333 0.0195164 0.0196585 0.364997
1 0.985394 0.399799 0.0292121 0.0505089 0.320407
1 0.866066 0.61656 0.0209535 0.020415 0.247672
1 0.862547 0.615733 0.0242863 0.0212485 0.224309
1 0.892119 0.61425 0.0201001 0.0198919 0.212215
1 0.922268 0.611798 0.0259793 0.0263073 0.203522
1 0.733523 0.725284 0.0349163 0.0543951 0.172569
1 0.840796 0.614071 0.0242073 0.0225523 0.141611
1 0.854859 0.614293 0.0354216 0.0233663 0.141116
1 0.733294 0.728922 0.0310248 0.0408686 0.133408
1 0.798054 0.621194 0.0360907 0.026018 0.123535
1 0.70217 0.0338031 0.0840257 0.0675149 0.121685
1 0.73908 0.699478 0.0303193 0.022385 0.116369
1 0.991824 0.593978 0.0162464 0.0221943 0.107669
