1 0.580781 0.550169 0.0458531 0.0362116 0.558817
1 0.862961 0.761759 0.0585277 0.0470674 0.558635
1 0.0427149 0.657214 0.0854299 0.114111 0.533507
1 0.495397 0.984305 0.100093 0.0313907 0.363813
1 0.322756 0.569574 0.0270088 0.0311275 0.330192
1 0.852966 0.817862 0.0555606 0.0461321 0.314508
1 0.846987 0.35825 0.0484095 0.0472945 0.302459
1 0.210837 0.598929 0.0504318 0.050087 0.278541
1 0.85789 0.906562 0.0389026 0.0342674 0.277294
1 0.798024 0.546309 0.124645 0.0983287 0.260351
1 0.865228 0.860918 0.0361173 0.0359623 0.252649
1 0.267274 0.523627 0.126169 0.0651496 0.252628
1 0.282658 0.604455 0.0450705 0.0506361 0.234743
1 0.507245 0.478959 0.0508051 0.0462508 0.224062
1 0.245861 0.524021 0.173009 0.0679323 0.215513
1 0.278743 0.595014 0.0312608 0.0323206 0.203437
1 0.278981 0.600481 0.0342565 0.0422899 0.198606
1 0.324425 0.573453 0.0288039 0.0304185 0.186242
1 0.44415 0.83364 0.0542754 0.0446193 0.178477
1 0.182583 0.593443 0.0917844 0.0658285 0.177245
1 0.301818 0.536927 0.0382834 0.032646 0.159344
1 0.987864 0.029519 0.0242726 0.0429466 0.158547
1 0.980068 0.034093 0.0392501 0.067207 0.144615
1 0.795941 0.535148 0.119352 0.0585167 0.143698
1 0.599096 0.484421 0.259356 0.105226 0.140955
1 0.847705 0.356477 0.0620068 0.0605521 0.135115
1 0.633692 0.492693 0.189023 0.127939 0.134847
1 0.982509 0.0289669 0.0346794 0.050855 0.134465
1 0.16423 0.595749 0.0509018 0.0419315 0.122235
1 0.322293 0.604658 0.0272331 0.024029 0.120226
1 0.266273 0.531935 0.0347603 0.0459053 0.114113
1 0.191377 0.598012 0.0878105 0.0484548 0.108493
1 0.64037 0.464205 0.173458 0.0712159 0.104862
1 0.483355 0.772346 0.0280846 0.0287182 0.10377
1 0.232207 0.567234 0.20035 0.125978 0.103539
