1 0.320281 0.955921 0.0778732 0.0714378 0.786708
1 0.399853 0.679422 0.0656633 0.059713 0.706299
1 0.669016 0.768484 0.07038 0.0767441 0.687145
1 0.803489 0.61417 0.06348 0.0634334 0.68586
1 0.161107 0.724323 0.067668 0.0733342 0.677931
1 0.959338 0.179644 0.0197865 0.0202028 0.663633
1 0.182484 0.844163 0.0735823 0.0613617 0.662711
1 0.9778 0.841137 0.0440807 0.0677794 0.653916
1 0.946739 0.589083 0.0733978 0.076079 0.64559
1 0.821231 0.737297 0.0673183 0.0688165 0.628386
1 0.445641 0.931932 0.0787973 0.071418 0.626816
1 0.960258 0.711807 0.0794205 0.0736793 0.613054
1 0.655592 0.643346 0.0778921 0.0688596 0.611821
1 0.572794 0.913326 0.0741436 0.0782993 0.606552
1 0.93513 0.23037 0.0196287 0.0197716 0.599181
1 0.603319 0.271423 0.0933981 0.0845781 0.582737
1 0.921184 0.179696 0.0226198 0.0218751 0.572783
1 0.874002 0.978017 0.0958942 0.0439663 0.527624
1 0.0918729 0.974973 0.0737637 0.050053 0.520747
1 0.417906 0.803905 0.0796484 0.0805447 0.507861
5 0.506737 0.37193 0.0242828 0.0249145 0.420588
1 0.21028 0.974749 0.0929451 0.0505018 0.409819
1 0.306629 0.822773 0.0670834 0.0691681 0.404234
1 0.969703 0.231188 0.0277193 0.0274668 0.388107
1 0.0703082 0.886425 0.0688713 0.0548841 0.337285
1 0.993363 0.168851 0.0132734 0.0309996 0.313584
1 0.843297 0.864257 0.0713516 0.0767349 0.305301
1 0.0657908 0.867809 0.0745305 0.0917503 0.276709
1 0.921958 0.181921 0.0287002 0.0269466 0.211368
1 0.544973 0.6405 0.0330276 0.0383817 0.207186
1 0.958215 0.180045 0.0292959 0.030131 0.193751
1 0.548474 0.783846 0.0670531 0.0652378 0.173155
1 0.305455 0.667475 0.0193775 0.018791 0.143376
1 0.572452 0.926426 0.072287 0.0531921 0.134889
1 0.554354 0.678742 0.0323908 0.0325653 0.12911
1 0.281219 0.704646 0.0735456 0.0554268 0.123052
1 0.0646193 0.880782 0.071582 0.0674137 0.122182
1 0.991282 0.965762 0.0174362 0.0668198 0.11869
1 0.301138 0.712524 0.0362608 0.034321 0.100512
