1 0.961804 0.528804 0.0203743 0.020414 0.744381
1 0.850154 0.503803 0.0621071 0.0489252 0.691184
1 0.907607 0.539955 0.0218208 0.0217755 0.656243
1 0.877985 0.551697 0.0218033 0.0232412 0.626058
1 0.847036 0.560666 0.0290262 0.0301178 0.614257
1 0.933533 0.537899 0.0222691 0.0213655 0.605083
1 0.919469 0.464397 0.089794 0.0662542 0.418272
5 0.778787 0.504093 0.0370396 0.0382856 0.408792
1 0.734003 0.511902 0.0312038 0.0283302 0.393396
1 0.99094 0.526063 0.0180976 0.0211662 0.36009
1 0.776198 0.505827 0.033886 0.0373528 0.277273
1 0.699005 0.535182 0.0269132 0.0282305 0.235699
1 0.90941 0.54074 0.0305168 0.0214474 0.154028
1 0.960629 0.53172 0.0240765 0.024403 0.120221
