1 0.460734 0.971935 0.0620854 0.0529895 0.589637
1 0.917802 0.120808 0.154858 0.105271 0.586408
3 0.507513 0.198033 0.316997 0.24007 0.549282
1 0.930654 0.0332939 0.103505 0.058912 0.297523
1 0.321097 0.986656 0.0797735 0.0266875 0.28965
1 0.470812 0.889218 0.0329543 0.0293072 0.225668
0 0.598455 0.650973 0.799207 0.698054 0.196906
5 0.470384 0.885519 0.0343254 0.0384161 0.188262
1 0.313027 0.983191 0.0692213 0.0336102 0.166974
0 0.34334 0.309701 0.675657 0.619402 0.156547
1 0.893812 0.21762 0.0952087 0.065578 0.134834
1 0.326218 0.991472 0.0918326 0.0170565 0.113808
