1 0.313669 0.511379 0.0413037 0.0384535 0.607959
1 0.699258 0.472577 0.0366666 0.0338478 0.50039
1 0.434022 0.176146 0.0352452 0.030638 0.455343
1 0.107981 0.424646 0.0312369 0.0335522 0.438413
1 0.498536 0.225822 0.0334956 0.0362003 0.388561
1 0.547109 0.00754974 0.0328333 0.0147052 0.23675
1 0.0766235 0.176234 0.0317963 0.0271536 0.226573
1 0.346452 0.203534 0.0371451 0.0445587 0.224353
1 0.428563 0.234139 0.0270082 0.0230883 0.188569
1 0.442683 0.988571 0.0764311 0.0228575 0.178728
1 0.546048 0.0108485 0.0351129 0.0216971 0.167132
1 0.495604 0.222227 0.0397171 0.0334864 0.149105
1 0.430516 0.49453 0.0322238 0.031502 0.133455
1 0.186157 0.457235 0.0299238 0.0264555 0.132074
1 0.377945 0.180305 0.0313399 0.0323776 0.127181
1 0.140183 0.0661976 0.0359253 0.0292578 0.11778
1 0.418805 0.2338 0.0431232 0.030835 0.113
1 0.435445 0.177529 0.0425703 0.0366455 0.110788
