1 0.287924 0.295866 0.0302846 0.0288089 0.637033
3 0.86344 0.0309508 0.271494 0.0619016 0.508688
1 0.325304 0.697169 0.0258529 0.0247901 0.473704
1 0.37912 0.794971 0.0307952 0.0337402 0.417918
1 0.327204 0.318494 0.0295907 0.0312434 0.375358
1 0.296637 0.564276 0.0275764 0.0266604 0.348866
1 0.322631 0.722321 0.0293865 0.0214649 0.337251
1 0.330599 0.349463 0.0223911 0.0260327 0.333608
1 0.351392 0.420504 0.0332721 0.0295576 0.303022
1 0.225345 0.741593 0.0994118 0.110786 0.297227
1 0.371205 0.725099 0.0311066 0.0295973 0.289851
1 0.867823 0.738601 0.0940703 0.0684621 0.235906
1 0.351952 0.932608 0.0328007 0.0283987 0.235381
1 0.150938 0.303181 0.0265768 0.0291919 0.224096
1 0.343176 0.375079 0.0200936 0.0209663 0.223418
1 0.288745 0.331255 0.0309292 0.033224 0.219737
1 0.277934 0.371296 0.0541945 0.0428668 0.190602
3 0.825333 0.0348441 0.347505 0.0696882 0.17386
1 0.191358 0.293256 0.0185905 0.019455 0.170696
1 0.376417 0.82369 0.0313824 0.0215797 0.165426
1 0.220285 0.299368 0.0261406 0.0216964 0.148943
1 0.246315 0.744145 0.1485 0.111791 0.128557
1 0.145761 0.300225 0.0250995 0.026971 0.127871
1 0.164731 0.304456 0.0195255 0.0244775 0.11948
1 0.186141 0.292521 0.0192797 0.0184405 0.108706
1 0.346642 0.501555 0.0677454 0.046787 0.100176
