3 0.571799 0.0402022 0.23887 0.0804043 0.498312
1 0.0712811 0.0220141 0.142562 0.0440282 0.460294
3 0.653847 0.117673 0.0951704 0.0851516 0.387271
1 0.0439825 0.0216164 0.087965 0.0432328 0.25667
1 0.845332 0.0133727 0.114107 0.0267453 0.241077
1 0.0933187 0.123752 0.0343551 0.0345278 0.193561
1 0.023656 0.656719 0.0464376 0.0665148 0.187702
1 0.0940246 0.202792 0.0233488 0.0178437 0.157498
1 0.164538 0.183728 0.125602 0.0725139 0.154442
1 0.108554 0.178265 0.0224476 0.0230793 0.1384
1 0.868004 0.0132197 0.0805389 0.0261952 0.100804
