1 0.239623 0.118975 0.0436309 0.0417445 0.739737
1 0.50519 0.63034 0.0536003 0.0484686 0.693022
1 0.331188 0.438288 0.0543125 0.0508458 0.650673
1 0.372202 0.510122 0.0488911 0.0534402 0.621278
1 0.489986 0.422905 0.0560355 0.0407234 0.583677
1 0.107509 0.397253 0.0960332 0.136345 0.569906
1 0.321859 0.114122 0.0845014 0.0703233 0.56388
1 0.220022 0.0700506 0.0458139 0.0429173 0.552948
1 0.485909 0.796795 0.0697935 0.0622249 0.543977
1 0.653782 0.691159 0.0516866 0.0559914 0.528993
1 0.413782 0.446609 0.0353921 0.0359057 0.502679
1 0.291151 0.332601 0.0847647 0.0731336 0.481759
1 0.386172 0.316399 0.0554134 0.0429508 0.467418
1 0.598991 0.580548 0.0577466 0.0462265 0.451872
1 0.458401 0.0600868 0.121648 0.120174 0.391492
1 0.03597 0.122349 0.0699244 0.0327602 0.35883
1 0.421234 0.978462 0.0351927 0.0418822 0.330868
1 0.477303 0.478265 0.04916 0.0405475 0.318651
1 0.634596 0.0839098 0.050558 0.045628 0.314182
1 0.260486 0.0106214 0.0401847 0.0212428 0.298379
1 0.348453 0.927133 0.041902 0.0489927 0.279089
1 0.0128448 0.0692443 0.0256681 0.0533296 0.275792
1 0.38831 0.733129 0.0535056 0.0367848 0.245733
1 0.264502 0.00875488 0.0389205 0.0171912 0.233565
1 0.292499 0.336928 0.0788578 0.0527493 0.226813
1 0.0624999 0.28201 0.0514762 0.0402049 0.20525
1 0.322798 0.123492 0.0742947 0.0540865 0.192426
1 0.0140417 0.007649 0.0264315 0.015298 0.182477
1 0.270139 0.00806628 0.0393495 0.0158065 0.171644
1 0.969985 0.0523338 0.0327479 0.0287457 0.153447
1 0.673908 0.514483 0.0491366 0.0422247 0.150565
1 0.97566 0.0811965 0.025395 0.0231823 0.149543
1 0.972708 0.0786665 0.027922 0.0269022 0.147812
1 0.0837477 0.348641 0.0453821 0.0441041 0.145073
1 0.22552 0.20925 0.0383067 0.0355494 0.142971
1 0.984085 0.133314 0.0317137 0.0688633 0.131762
1 0.399675 0.601878 0.0506082 0.0483621 0.131739
1 0.971218 0.0682504 0.0294803 0.0373267 0.130647
1 0.392412 0.781708 0.0596855 0.151772 0.127852
1 0.979248 0.116389 0.0325441 0.0329803 0.12345
1 0.990513 0.138891 0.0189732 0.058146 0.122572
1 0.726202 0.0837389 0.0380328 0.0296926 0.118517
1 0.067722 0.284326 0.0633556 0.0478618 0.118434
1 0.646218 0.559244 0.027442 0.0273693 0.115493
1 0.255875 0.00911116 0.0520163 0.0178207 0.112157
1 0.0150251 0.0676635 0.0300501 0.0418424 0.109341
