1 0.139887 0.733228 0.0635763 0.0639192 0.648739
1 0.398646 0.839421 0.0777221 0.0722784 0.595557
1 0.373135 0.955651 0.0699618 0.0567784 0.496262
1 0.316754 0.773709 0.0390092 0.0377005 0.404061
1 0.953092 0.550037 0.093815 0.0954697 0.381357
1 0.934073 0.544436 0.129646 0.101732 0.375219
1 0.395668 0.929198 0.029228 0.0240029 0.316625
1 0.971207 0.786348 0.0575866 0.0795503 0.309669
1 0.329815 0.908631 0.0321096 0.038921 0.289739
1 0.377545 0.960414 0.065622 0.0427181 0.279332
1 0.310496 0.734024 0.0422838 0.0353361 0.260068
1 0.970568 0.800482 0.0582985 0.0594408 0.111162
0 0.18808 0.156163 0.370044 0.312327 0.109135
