1 0.223493 0.358484 0.0709616 0.0717731 0.575145
1 0.27035 0.0312613 0.0672973 0.0610168 0.537422
1 0.285478 0.488811 0.0597737 0.0560019 0.369165
1 0.201179 0.00755837 0.0389138 0.0148482 0.367269
1 0.259268 0.0331727 0.0924976 0.0663454 0.292544
1 0.114551 0.247316 0.175576 0.0615739 0.269854
1 0.215002 0.031005 0.032585 0.0310583 0.256937
1 0.0137919 0.301712 0.0273902 0.0730164 0.25681
1 0.0671865 0.278189 0.0636118 0.0395621 0.218973
1 0.282924 0.556197 0.0436478 0.0455973 0.198475
1 0.0143082 0.288933 0.0286163 0.0375462 0.194976
3 0.927298 0.947737 0.138796 0.104501 0.188709
1 0.21707 0.0334483 0.0477427 0.0623501 0.16144
1 0.224578 0.0623375 0.034087 0.0334041 0.150926
1 0.0799364 0.517552 0.159873 0.150001 0.137228
