1 0.0872711 0.0580667 0.0796888 0.068528 0.755411
1 0.950006 0.8584 0.0551821 0.0772247 0.68395
1 0.874484 0.6427 0.0493008 0.0420563 0.67682
1 0.885178 0.679526 0.0316971 0.0281782 0.659123
1 0.81926 0.488491 0.0284491 0.0255757 0.605469
1 0.84083 0.571944 0.0457794 0.0521414 0.551525
1 0.74745 0.295538 0.0566383 0.0951259 0.550076
1 0.908408 0.752735 0.0288807 0.0282117 0.544295
1 0.827314 0.513512 0.0229428 0.019981 0.515511
1 0.241775 0.0656338 0.0399019 0.036465 0.511093
1 0.109236 0.119928 0.0225936 0.0223075 0.479191
1 0.898211 0.720232 0.0349039 0.0309231 0.413412
1 0.716991 0.206295 0.0248863 0.0210488 0.4076
1 0.836694 0.537121 0.0268036 0.0250158 0.390502
1 0.707374 0.18492 0.0237045 0.0220846 0.361185
1 0.977779 0.928186 0.0383093 0.0402683 0.341685
1 0.183208 0.0208406 0.113669 0.0416811 0.33966
1 0.84157 0.561707 0.0476689 0.0700852 0.33649
1 0.733465 0.266528 0.0343548 0.0332977 0.320056
1 0.198027 0.021646 0.0815248 0.043292 0.310675
1 0.0798232 0.122753 0.029446 0.0298545 0.264485
1 0.80391 0.456698 0.0310397 0.033015 0.261298
1 0.270549 0.0137621 0.0452764 0.026703 0.250822
1 0.889596 0.682049 0.038023 0.0325561 0.244087
1 0.69766 0.144191 0.0184272 0.0199728 0.223202
1 0.0945856 0.119602 0.0632536 0.0363981 0.209197
1 0.120325 0.102404 0.0171622 0.019738 0.202162
1 0.971255 0.920012 0.035497 0.0353119 0.200145
1 0.244841 0.0180182 0.113342 0.0358116 0.197849
1 0.182362 0.015567 0.125898 0.0311341 0.194742
1 0.967827 0.915205 0.0311502 0.0277882 0.192409
1 0.836855 0.544362 0.0421856 0.0429968 0.168651
1 0.213206 0.0198392 0.0535759 0.0394579 0.167083
1 0.698478 0.136006 0.0442387 0.071304 0.149317
1 0.769844 0.372338 0.0452015 0.0382515 0.146201
1 0.799753 0.454242 0.0323728 0.0368024 0.143241
1 0.914187 0.759853 0.0407963 0.0420563 0.140749
1 0.778032 0.41367 0.0415459 0.0297937 0.135627
1 0.708568 0.191189 0.0349522 0.0331711 0.134934
1 0.724886 0.225168 0.0363653 0.0244683 0.130619
1 0.977371 0.0280393 0.0444771 0.0557454 0.124677
1 0.685374 0.120718 0.0270972 0.0278015 0.116366
1 0.924356 0.782193 0.0266666 0.027198 0.114606
1 0.908033 0.754421 0.0387949 0.035697 0.109445
1 0.718078 0.208496 0.0307035 0.026969 0.104252
1 0.20164 0.0216185 0.155933 0.0432369 0.103395
