1 0.8372 0.293205 0.185147 0.0949665 0.670466
1 0.69174 0.0269417 0.204183 0.0538833 0.558468
1 0.847136 0.105519 0.108849 0.081112 0.445432
1 0.48169 0.982052 0.0619162 0.0358952 0.43136
1 0.78337 0.305787 0.0719337 0.0649029 0.37234
1 0.730162 0.0257123 0.12037 0.0514246 0.371251
1 0.98525 0.959883 0.0294821 0.0722027 0.366712
1 0.871086 0.291166 0.117467 0.0863785 0.328317
1 0.983136 0.636729 0.0290138 0.0278984 0.32774
1 0.951146 0.434597 0.0518082 0.0467331 0.315905
1 0.852225 0.290705 0.158149 0.0720001 0.257136
1 0.934508 0.628862 0.0602184 0.0646898 0.255036
1 0.975525 0.591762 0.032567 0.03689 0.24993
1 0.851249 0.604358 0.0367588 0.0344073 0.242954
1 0.851195 0.667999 0.0820593 0.0626414 0.187734
1 0.555732 0.991173 0.0383949 0.0173683 0.157336
1 0.675609 0.984789 0.0364252 0.0300118 0.154625
1 0.825683 0.178306 0.0629765 0.0491668 0.145775
1 0.555929 0.98638 0.0389999 0.0272411 0.119164
1 0.864014 0.670036 0.0578705 0.056125 0.106586
1 0.575673 0.977583 0.0170504 0.0162151 0.106127
3 0.050999 0.0957858 0.101363 0.139431 0.104379
