1 0.66007 0.502279 0.0334015 0.0436391 0.729552
1 0.324536 0.685708 0.0847619 0.052973 0.607938
1 0.118448 0.399883 0.0370096 0.0329994 0.585879
1 0.59374 0.501945 0.0525049 0.0481583 0.577339
1 0.14021 0.436474 0.0328869 0.0314721 0.508487
1 0.755872 0.548603 0.0374135 0.042141 0.506522
1 0.169097 0.495781 0.0340508 0.0322628 0.469732
1 0.111299 0.367764 0.0244354 0.0225629 0.453942
1 0.622945 0.467338 0.0376663 0.0397428 0.449911
1 0.781166 0.70206 0.0433152 0.0486803 0.415767
1 0.61329 0.839225 0.0506842 0.0421669 0.411113
1 0.22336 0.606302 0.0318785 0.0310161 0.394902
1 0.874307 0.749783 0.135021 0.132778 0.381604
1 0.184468 0.531909 0.0326325 0.0329207 0.321294
1 0.0879275 0.337694 0.0279969 0.0334177 0.301267
1 0.617542 0.469542 0.0304117 0.0311496 0.258901
1 0.184753 0.538071 0.0404138 0.0424931 0.17369
1 0.17134 0.73394 0.0285836 0.0256079 0.155566
1 0.649618 0.768336 0.0228074 0.0200888 0.136551
1 0.0681302 0.298102 0.0259064 0.023581 0.129203
1 0.0864196 0.340637 0.0334854 0.0416523 0.127646
1 0.24627 0.689945 0.0390113 0.033565 0.119072
1 0.852864 0.74701 0.0879692 0.0845672 0.103027
1 0.108621 0.366021 0.0191747 0.0235058 0.101735
1 0.645636 0.7886 0.056197 0.0476202 0.101682
