1 0.541164 0.805458 0.127916 0.105432 0.764667
0 0.511624 0.232969 0.632136 0.465938 0.74825
1 0.0651652 0.503345 0.0489994 0.055757 0.668406
1 0.118745 0.432502 0.0487453 0.0439261 0.606789
1 0.514696 0.700843 0.129307 0.0902818 0.564339
1 0.0647845 0.204848 0.0627205 0.0412058 0.538028
1 0.579859 0.904741 0.107859 0.0913967 0.413325
1 0.0638503 0.246651 0.0763731 0.0425268 0.343917
1 0.562663 0.983773 0.167368 0.0321403 0.338455
0 0.65042 0.246547 0.669142 0.493095 0.33297
1 0.978561 0.75006 0.0421311 0.0744952 0.273301
1 0.490711 0.705447 0.0851242 0.0710953 0.249313
1 0.522922 0.700462 0.106706 0.0596712 0.246459
1 0.549318 0.987641 0.131042 0.0247186 0.179861
1 0.0286371 0.32611 0.0571361 0.10238 0.162846
1 0.0247536 0.339521 0.048573 0.064702 0.151969
1 0.439605 0.993108 0.0519249 0.0137838 0.116442
