1 0.266485 0.985504 0.0588921 0.0289922 0.561958
1 0.390561 0.97352 0.0406899 0.0512154 0.489097
1 0.281177 0.946001 0.0521125 0.0385106 0.416191
1 0.680784 0.822022 0.0467237 0.0392223 0.412927
1 0.532834 0.95594 0.0652221 0.0607573 0.410569
1 0.711681 0.899997 0.0454041 0.0387931 0.362473
1 0.436056 0.984336 0.0398363 0.0290551 0.347675
1 0.236449 0.941565 0.0279729 0.0280951 0.28966
1 0.620114 0.962019 0.0425201 0.0425308 0.264367
1 0.734573 0.965325 0.0566454 0.0675289 0.246829
1 0.587163 0.771541 0.194488 0.15778 0.225196
1 0.717879 0.903554 0.042247 0.0386694 0.192225
1 0.538193 0.958108 0.0766382 0.0765815 0.186153
1 0.932436 0.300574 0.0516655 0.0448529 0.183792
1 0.721357 0.854104 0.0488496 0.0322598 0.159072
1 0.686657 0.826084 0.0398211 0.0360666 0.153432
1 0.730564 0.954988 0.0474817 0.0469273 0.132145
1 0.231111 0.943579 0.0317958 0.033639 0.123678
5 0.220779 0.19473 0.120727 0.0747934 0.11557
4 0.223063 0.195723 0.120404 0.0792439 0.103556
