3 0.8091 0.739776 0.260269 0.315843 0.814744
3 0.759815 0.102585 0.327425 0.20517 0.675272
3 0.735018 0.33137 0.238572 0.0944671 0.601825
3 0.75663 0.199787 0.329092 0.397278 0.357259
3 0.749751 0.294876 0.304027 0.587378 0.312512
5 0.712877 0.797081 0.0352226 0.0420591 0.302222
3 0.813281 0.469625 0.373438 0.24381 0.28115
5 0.907112 0.457911 0.0347652 0.0362506 0.266953
3 0.753804 0.464582 0.248118 0.154146 0.173489
3 0.812155 0.471387 0.37569 0.381808 0.136973
3 0.843526 0.443427 0.312329 0.141676 0.126271
