1 0.073206 0.372332 0.146412 0.0888314 0.843421
1 0.325983 0.165005 0.0657392 0.0611447 0.77786
1 0.173911 0.168034 0.0625099 0.0499612 0.683432
1 0.507085 0.140449 0.0633287 0.0526054 0.669495
1 0.458577 0.90507 0.0459717 0.0472286 0.61482
1 0.029834 0.55423 0.059005 0.144761 0.548587
1 0.325006 0.399532 0.319654 0.134095 0.454205
1 0.174628 0.741005 0.0439806 0.0392683 0.403095
1 0.206861 0.889384 0.0565864 0.0336529 0.393577
1 0.0220429 0.555824 0.0440857 0.117757 0.341976
1 0.0436736 0.199822 0.0347607 0.034348 0.334728
1 0.618986 0.584466 0.105411 0.136351 0.318467
1 0.494861 0.702465 0.101397 0.0899572 0.276234
1 0.934855 0.81082 0.111861 0.0895478 0.229669
1 0.46243 0.834964 0.0774901 0.0815597 0.215455
1 0.0361326 0.845195 0.0714135 0.123557 0.200762
1 0.485307 0.476703 0.0596192 0.0549795 0.195556
1 0.505256 0.584333 0.0424685 0.0366025 0.190355
1 0.260735 0.401458 0.198287 0.142608 0.190162
1 0.0545439 0.369073 0.109088 0.0860095 0.147627
1 0.208579 0.848944 0.0554602 0.0370731 0.140569
1 0.318759 0.813536 0.0798492 0.173081 0.139464
3 0.25987 0.0306475 0.10098 0.0611759 0.138664
1 0.514814 0.62964 0.0505987 0.0431986 0.136001
1 0.394768 0.773321 0.0691538 0.100371 0.120506
1 0.0318315 0.841361 0.0570102 0.050308 0.119655
1 0.314907 0.858467 0.0736538 0.0842411 0.115833
1 0.0326252 0.859602 0.0640677 0.0912868 0.115649
1 0.523416 0.543433 0.0428486 0.0386341 0.104746
