1 0.773626 0.698467 0.0265386 0.0264723 0.689152
1 0.332703 0.0193406 0.0444373 0.0349721 0.639624
1 0.82215 0.684898 0.0400398 0.0383344 0.620757
1 0.95867 0.70338 0.0361656 0.0343363 0.610263
1 0.90877 0.710137 0.0279598 0.0223271 0.505883
1 0.39758 0.0157683 0.046029 0.026216 0.45722
1 0.872941 0.716854 0.0216599 0.0243658 0.341632
1 0.324167 0.0594998 0.0323199 0.026736 0.340819
1 0.909056 0.713042 0.0351532 0.0280664 0.327785
1 0.661656 0.704828 0.0217013 0.0206011 0.315572
1 0.993478 0.67396 0.0130447 0.0299497 0.192257
1 0.715846 0.726565 0.0630621 0.0530787 0.174102
2 0.280591 0.988869 0.0906151 0.0222616 0.144902
1 0.723885 0.732105 0.0695361 0.0503248 0.142547
1 0.76027 0.729546 0.0224163 0.0235041 0.129461
1 0.736826 0.73629 0.0499936 0.0386788 0.108858
