1 0.0798824 0.604159 0.15678 0.113427 0.633776
1 0.0713252 0.745556 0.126684 0.11193 0.613631
1 0.638154 0.793744 0.088015 0.117195 0.347876
1 0.641457 0.902452 0.0971872 0.0606365 0.310307
1 0.442348 0.920131 0.167878 0.14339 0.309456
1 0.259853 0.964797 0.209731 0.0704069 0.29473
1 0.0252073 0.610277 0.0504145 0.0897796 0.219024
1 0.605401 0.772614 0.154597 0.155304 0.200413
1 0.257374 0.942115 0.212904 0.114409 0.161623
1 0.619778 0.793386 0.107664 0.109097 0.153232
1 0.219341 0.64958 0.102547 0.0424765 0.131474
