2 0.766714 0.652875 0.0565266 0.0552808 0.81036
1 0.482417 0.206137 0.0931982 0.0863227 0.798197
1 0.496569 0.563143 0.0570364 0.0465544 0.607519
1 0.477511 0.472424 0.0593603 0.0593797 0.588201
1 0.110205 0.409525 0.127838 0.0954446 0.568126
1 0.353274 0.213235 0.120034 0.068294 0.544903
1 0.525702 0.639112 0.0423877 0.035409 0.512251
5 0.0539302 0.684036 0.0480704 0.0427435 0.201719
1 0.488722 0.523271 0.0387171 0.0290886 0.155427
1 0.374182 0.311774 0.149597 0.114748 0.150752
1 0.100565 0.407529 0.0987123 0.0735478 0.134636
1 0.477413 0.1331 0.0742573 0.041808 0.131992
1 0.75879 0.484368 0.0358907 0.0270964 0.121561
1 0.449971 0.121242 0.150001 0.0666583 0.115492
1 0.530243 0.640667 0.0457422 0.0418693 0.115234
