1 0.964977 0.688001 0.0690941 0.073172 0.67161
1 0.679896 0.777525 0.0557774 0.0544413 0.648925
1 0.708978 0.728437 0.0274013 0.0252148 0.640073
1 0.939781 0.891755 0.0872974 0.0811955 0.608886
1 0.697268 0.868158 0.032761 0.0304317 0.608766
1 0.691109 0.906102 0.0258785 0.0237831 0.545909
1 0.719818 0.89495 0.01893 0.0177639 0.52552
1 0.735153 0.738024 0.0215347 0.0193396 0.339012
1 0.98455 0.62414 0.0308207 0.0381494 0.335252
1 0.712126 0.655615 0.0283207 0.0243834 0.335175
1 0.710526 0.681303 0.0338534 0.0231575 0.312841
1 0.742459 0.710662 0.0218302 0.0232191 0.306485
1 0.700692 0.828539 0.0242128 0.022678 0.290077
1 0.698509 0.985582 0.027634 0.0276186 0.245906
1 0.685776 0.949682 0.0213119 0.0247262 0.124346
1 0.739336 0.7089 0.0275759 0.0242662 0.103719
5 0.708471 0.614762 0.0300918 0.0293951 0.10344
