1 0.370198 0.375004 0.171489 0.102015 0.77821
1 0.828365 0.0611566 0.14565 0.118679 0.745901
1 0.36677 0.413691 0.1736 0.181703 0.580216
1 0.795521 0.34028 0.040356 0.0358227 0.564389
1 0.534712 0.987022 0.0253868 0.0251362 0.487863
1 0.946637 0.0626586 0.0219578 0.0249203 0.39957
1 0.441928 0.255166 0.181608 0.116063 0.34427
1 0.9763 0.0527415 0.0286192 0.0266857 0.232385
1 0.368186 0.478962 0.148178 0.109221 0.23124
1 0.980603 0.0518603 0.0339317 0.0315954 0.217712
1 0.97417 0.0369688 0.050822 0.0739376 0.207257
1 0.984192 0.0492434 0.0296326 0.0399083 0.174416
1 0.646518 0.499127 0.0870197 0.0564098 0.172155
1 0.978733 0.0442542 0.0398521 0.0589644 0.168243
1 0.370863 0.436553 0.149774 0.189612 0.158634
1 0.965084 0.0539333 0.0672737 0.0495988 0.139844
1 0.964454 0.0385295 0.0710926 0.0770589 0.123362
1 0.799218 0.335793 0.0402338 0.0412014 0.111005
1 0.51969 0.467815 0.0453718 0.0351069 0.101097
