1 0.641626 0.112697 0.0622707 0.0576212 0.764412
1 0.520207 0.156391 0.0577943 0.056157 0.748367
1 0.668318 0.196457 0.0567266 0.0514705 0.701415
1 0.780025 0.159758 0.0599893 0.0598875 0.683378
1 0.976443 0.0737952 0.0471052 0.0549677 0.552371
1 0.488016 0.0561912 0.0490351 0.0471905 0.343486
1 0.513387 0.238361 0.0657129 0.0376388 0.289945
1 0.868265 0.107444 0.0738495 0.0730026 0.238697
1 0.505231 0.236593 0.049012 0.0382805 0.159331
1 0.620871 0.19784 0.0322039 0.032394 0.123146
1 0.844238 0.0075686 0.0306915 0.0151372 0.122386
