3 0.319495 0.947318 0.187929 0.105364 0.753445
1 0.72878 0.933223 0.101414 0.0862152 0.700216
1 0.7212 0.479053 0.0251755 0.0256561 0.522792
1 0.883249 0.480778 0.0443088 0.0393757 0.496205
1 0.717256 0.440086 0.0310322 0.0325336 0.385097
1 0.78529 0.442076 0.068614 0.0445173 0.378499
1 0.707878 0.58694 0.0668039 0.0658724 0.352227
1 0.724736 0.685219 0.0322836 0.0328996 0.310593
1 0.0123975 0.842014 0.024379 0.0507343 0.301909
3 0.105785 0.941717 0.117802 0.113609 0.184305
1 0.77141 0.441824 0.036773 0.0410656 0.143185
1 0.720544 0.543142 0.0365795 0.0298994 0.128926
1 0.721283 0.440541 0.0347305 0.0389513 0.124813
0 0.0833893 0.942363 0.162373 0.115274 0.103688
