1 0.651127 0.613583 0.146604 0.0740261 0.745385
1 0.122024 0.645654 0.0317334 0.0272978 0.600022
1 0.265678 0.645685 0.0301767 0.0266138 0.588304
1 0.957469 0.947794 0.0293655 0.0259453 0.584037
1 0.228943 0.655835 0.0304616 0.0252973 0.581977
1 0.467485 0.625025 0.027825 0.0351235 0.565163
1 0.931568 0.874174 0.0342457 0.0350853 0.564809
1 0.970389 0.871469 0.026252 0.0222082 0.560696
1 0.17541 0.658901 0.0217769 0.021712 0.534567
1 0.350475 0.634838 0.0391561 0.0341908 0.503357
1 0.661086 0.625696 0.0422931 0.0401953 0.480732
1 0.892437 0.856553 0.0360922 0.0374279 0.464302
1 0.932311 0.679016 0.0505753 0.0477224 0.410748
1 0.426784 0.632574 0.0288281 0.0258503 0.378986
1 0.448081 0.217651 0.0893382 0.080679 0.35947
1 0.607458 0.613233 0.0526859 0.0546991 0.340199
1 0.38891 0.638309 0.02044 0.0202332 0.326334
1 0.93907 0.621938 0.0303952 0.022587 0.323698
1 0.949768 0.7534 0.0683317 0.0527853 0.296403
1 0.30291 0.629498 0.0261719 0.0263376 0.296068
1 0.0681161 0.616868 0.0302917 0.0261062 0.285074
1 0.0393349 0.576736 0.0207669 0.0183923 0.277976
1 0.365971 0.439255 0.0336028 0.0309091 0.269443
1 0.151509 0.660238 0.0173665 0.0189967 0.245845
1 0.972831 0.850393 0.0232162 0.0188702 0.241631
1 0.514684 0.619155 0.0388287 0.0315416 0.23807
1 0.405842 0.341115 0.0788956 0.0653567 0.219959
1 0.941891 0.678548 0.0534916 0.0486819 0.215381
1 0.935826 0.601778 0.041642 0.0715309 0.213072
1 0.937508 0.912476 0.0444443 0.0321228 0.206448
1 0.00579504 0.594655 0.0115901 0.0205467 0.202044
1 0.22492 0.653068 0.0306106 0.0288839 0.191924
1 0.572377 0.358962 0.148169 0.124608 0.191367
1 0.0396389 0.604226 0.0164232 0.0178635 0.154122
1 0.147745 0.661911 0.0183669 0.0194126 0.151637
1 0.0651855 0.613865 0.0363006 0.0314171 0.140666
1 0.196101 0.6585 0.0176908 0.0213631 0.134527
1 0.0273168 0.599114 0.0165294 0.0196859 0.132963
1 0.469527 0.106302 0.0355667 0.03283 0.128474
1 0.423058 0.63736 0.0308393 0.0242422 0.127854
1 0.475265 0.013657 0.138439 0.0273139 0.127167
1 0.204769 0.657154 0.0227198 0.0222836 0.124634
1 0.946759 0.907277 0.0360199 0.0291561 0.124476
1 0.970237 0.846723 0.0246716 0.020964 0.121541
1 0.221842 0.656749 0.0285426 0.0268776 0.118867
1 0.934161 0.588053 0.0346305 0.0261238 0.11331
1 0.385132 0.637938 0.0271812 0.0243189 0.107782
1 0.0230628 0.598981 0.0169893 0.0196706 0.107504
1 0.177872 0.658969 0.0269748 0.0255129 0.102587
1 0.573026 0.31869 0.151869 0.211189 0.101593
