1 0.754822 0.484202 0.0327142 0.0316244 0.651393
1 0.731147 0.403801 0.0519779 0.0408655 0.624486
1 0.714152 0.451172 0.0320188 0.0292555 0.463426
1 0.30794 0.519067 0.0268749 0.0263184 0.455538
1 0.275783 0.515275 0.0275258 0.0228798 0.450084
1 0.220436 0.516524 0.0242707 0.0198846 0.435279
1 0.758323 0.289791 0.0189592 0.0189626 0.428685
1 0.29158 0.484539 0.0221792 0.0212305 0.386369
1 0.264152 0.48287 0.0211896 0.021125 0.319773
1 0.727823 0.448053 0.0597022 0.0353262 0.30885
1 0.72543 0.36443 0.0352346 0.0309274 0.297051
1 0.707669 0.415737 0.0272565 0.0278766 0.287648
1 0.761384 0.595308 0.100255 0.0564993 0.285742
1 0.118992 0.521262 0.0610192 0.0491281 0.279542
1 0.0785652 0.525485 0.145159 0.0512713 0.24829
1 0.690169 0.316184 0.0347531 0.0379313 0.234064
1 0.0493941 0.532812 0.0640017 0.042034 0.228441
1 0.774427 0.24874 0.0379303 0.0330626 0.210566
1 0.766367 0.675373 0.092636 0.102451 0.197358
1 0.755153 0.519608 0.0307716 0.0305523 0.177018
1 0.722117 0.414526 0.0549856 0.0286357 0.17292
1 0.0552893 0.530227 0.103567 0.0497802 0.169302
1 0.049096 0.541914 0.0474253 0.0286396 0.157573
1 0.743448 0.445442 0.0336509 0.0338924 0.156373
1 0.726568 0.543574 0.0274175 0.0197569 0.149597
1 0.908162 0.385497 0.062633 0.0561175 0.144121
1 0.719713 0.0111163 0.03057 0.0218134 0.134146
1 0.709741 0.271727 0.060928 0.0447592 0.133394
1 0.68442 0.252511 0.0227638 0.016892 0.132787
1 0.674986 0.27359 0.0313216 0.0319014 0.123514
1 0.721355 0.51927 0.0285077 0.0239258 0.11698
1 0.712987 0.264861 0.0509514 0.0326903 0.115837
1 0.725431 0.407487 0.0607317 0.0406641 0.111128
1 0.0177547 0.517899 0.0228352 0.0193878 0.1073
1 0.988037 0.204004 0.023579 0.0603579 0.10617
1 0.754883 0.525864 0.0318121 0.035085 0.10485
1 0.696748 0.280219 0.023097 0.0200844 0.103325
1 0.221513 0.520206 0.0285426 0.0276356 0.100266
