3 0.237791 0.632803 0.47063 0.399954 0.83203
1 0.623858 0.0940411 0.0694734 0.0559899 0.683216
1 0.960826 0.768253 0.0662533 0.0521486 0.618708
1 0.977384 0.819722 0.0343897 0.0286728 0.38859
1 0.953008 0.885108 0.0760231 0.0446935 0.279679
0 0.460511 0.197627 0.530828 0.395253 0.268441
3 0.0365146 0.560877 0.0723165 0.117994 0.249093
1 0.970544 0.846413 0.0379236 0.0243435 0.238011
1 0.599955 0.00909656 0.0532584 0.0180085 0.207303
3 0.356952 0.621354 0.243116 0.396567 0.203321
1 0.604153 0.0178099 0.0604838 0.0352643 0.180546
3 0.0387142 0.638543 0.0774283 0.0487037 0.167127
1 0.604439 0.0148585 0.0501467 0.029717 0.164622
1 0.965878 0.842017 0.0661461 0.0754837 0.124534
1 0.927411 0.843127 0.0287403 0.0256277 0.109337
