1 0.521147 0.109133 0.0960535 0.0737429 0.648005
1 0.450675 0.0393353 0.0859557 0.0761789 0.529535
1 0.347286 0.0612197 0.0221665 0.0227826 0.370389
1 0.325307 0.023036 0.0683832 0.046072 0.369784
0 0.744304 0.141562 0.505531 0.278076 0.18564
3 0.644956 0.120423 0.0781665 0.11958 0.172658
1 0.335251 0.0216901 0.0604216 0.0433802 0.157752
1 0.504342 0.173685 0.0308352 0.0272778 0.153697
1 0.542491 0.216751 0.124379 0.0911487 0.148138
1 0.522778 0.120595 0.0933682 0.0575211 0.144082
1 0.33023 0.0179091 0.0536277 0.0355624 0.114875
