1886 82 2047 82 2047 477 1886 477 0.9763898849487305
2 1149 280 1149 280 1562 2 1562 0.9297128915786743
0 838 245 838 245 1169 0 1169 0.9176092147827148
1642 1566 2047 1566 2047 2047 1642 2047 0.9028741121292114
1950 1185 1950 882 2047 882 2047 1185 0.9013651609420776
353 1179 368 615 752 626 737 1189 0.8888286352157593
710 417 710 198 1069 198 1069 417 0.8887866139411926
1090 102 1469 102 1469 369 1090 369 0.8860428333282471
1986 498 2047 498 2047 645 1986 645 0.8421187996864319
1157 1323 1157 874 1440 874 1440 1323 0.8163507580757141
