1094 985 1094 352 1577 352 1577 985 0.986891
1122 1047 1736 801 1944 1320 1330 1566 0.984343
241 755 762 633 881 1146 360 1268 0.976318
1772 672 2044 672 2044 1334 1772 1334 0.952378
966 1004 1436 1004 1436 1590 966 1590 0.951243
390 1107 1129 1107 1129 1859 390 1859 0.950089
1083 1689 1413 1577 1572 2042 1241 2155 0.945704
6 0 630 0 630 374 6 374 0.941316
684 480 1206 480 1206 1142 684 1142 0.941166
1734 2044 1734 1452 2044 1452 2044 2044 0.912453
736 2044 736 1760 1177 1760 1177 2044 0.873893
1747 6 2044 6 2044 643 1747 643 0.863091
