582 864 1052 864 1052 1513 582 1513 0.981084
787 1337 1398 1337 1398 1999 787 1999 0.979266
0 1619 579 1619 579 2044 0 2044 0.961164
1235 288 1884 288 1884 1142 1235 1142 0.956092
1562 1122 1890 996 2126 1607 1798 1733 0.951531
1077 1329 1562 1157 1770 1746 1286 1917 0.946954
467 2044 467 1516 924 1516 924 2044 0.934887
160 991 694 991 694 1654 160 1654 0.931586
1696 1785 2044 1785 2044 2044 1696 2044 0.923556
6 1184 259 1184 259 1731 6 1731 0.918753
1273 2044 1273 1939 1705 1939 1705 2044 0.803519
