582 352 1052 352 1052 988 582 988 0.983526
787 825 1398 825 1398 1487 787 1487 0.977057
6 1107 617 1107 617 1859 6 1859 0.967383
1562 610 1890 484 2126 1095 1798 1221 0.953488
1078 818 1562 646 1770 1233 1285 1404 0.950175
454 1004 924 1004 924 1590 454 1590 0.942893
570 1688 901 1576 1060 2042 729 2155 0.938037
160 480 694 480 694 1142 160 1142 0.935414
1235 630 1235 0 1884 0 1884 630 0.925853
1191 1520 1658 1380 1856 2041 1388 2181 0.923455
6 672 259 672 259 1219 6 1219 0.919474
224 2044 224 1760 665 1760 665 2044 0.891647
1696 1273 2044 1273 2044 2044 1696 2044 0.86321
