121 6 873 6 873 624 121 624 0.979071
1624 691 2039 607 2114 977 1699 1061 0.977083
1098 1166 1692 1036 1783 1452 1189 1582 0.970929
6 1542 630 1542 630 2044 6 2044 0.955724
1734 1462 1734 1017 2044 1017 2044 1462 0.939681
1124 1520 2044 1496 2053 1829 1133 1854 0.935279
249 933 281 589 959 651 927 995 0.934888
774 1785 1500 1785 1500 2044 774 2044 0.929667
1529 1849 2044 1849 2044 2044 1529 2044 0.929192
39 1246 95 894 413 945 356 1297 0.905618
566 1565 602 1286 1069 1345 1033 1625 0.889194
6 19 144 19 144 591 6 591 0.885352
-12 1532 0 1244 605 1273 592 1560 0.813222
