1624 180 2039 96 2114 465 1699 549 0.976746
6 1030 630 1030 630 1846 6 1846 0.971986
6 1824 591 1824 591 2044 6 2044 0.971571
1098 654 1692 524 1783 940 1189 1070 0.967877
1120 992 2044 992 2044 1321 1120 1321 0.963127
1734 950 1734 505 2044 505 2044 950 0.94015
257 431 278 87 952 129 931 473 0.927088
37 731 97 380 414 435 353 785 0.91363
710 1273 1500 1273 1500 2044 710 2044 0.905294
160 0 873 0 873 131 160 131 0.904541
566 1053 602 774 1069 833 1033 1112 0.894221
-12 1008 8 724 610 768 589 1052 0.865381
