1578 172 1979 3 2155 418 1753 588 0.981888
-180 1444 213 1313 395 1858 0 1990 0.970851
540 1118 868 996 1095 1610 767 1731 0.966135
1199 1435 1728 1266 1925 1883 1397 2052 0.960469
1028 867 1474 728 1641 1261 1195 1400 0.957084
1504 749 1880 613 2095 1205 1719 1341 0.951473
-38 527 585 273 879 995 254 1249 0.940773
211 1277 537 1156 753 1739 427 1860 0.939263
1785 1312 2044 1312 2044 1820 1785 1820 0.935304
-186 777 183 600 460 1180 90 1357 0.925989
672 1772 1155 1772 1155 2044 672 2044 0.924606
