1835 534 2047 534 2047 993 1835 993 0.9643037915229797
1542 1518 2047 1518 2047 1969 1542 1969 0.9217516183853149
1630 698 1857 698 1857 1057 1630 1057 0.9045372605323792
622 2 1073 2 1073 329 622 329 0.897591769695282
1153 96 1647 8 1726 451 1232 539 0.8943486213684082
1742 358 1973 358 1973 441 1742 441 0.893444836139679
550 737 550 326 1137 326 1137 737 0.8789975047111511
393 432 791 368 858 785 460 849 0.8771066069602966
1686 0 2047 0 2047 377 1686 377 0.8566271662712097
590 1426 1005 1426 1005 2037 590 2037 0.8543508648872375
1453 1540 1453 1029 2046 1029 2046 1540 0.8437035083770752
1286 542 1825 542 1825 1117 1286 1117 0.8431831002235413
