1902 777 1902 398 2047 398 2047 777 0.9716017246246338
254 1646 753 1555 842 2040 343 2131 0.9131989479064941
1730 2047 1730 1886 2047 1886 2047 2047 0.9108560681343079
0 1346 113 1346 113 1725 0 1725 0.904424250125885
130 1119 624 1033 702 1478 208 1565 0.8970168232917786
894 1413 894 958 1229 958 1229 1413 0.8884362578392029
606 1722 829 1722 829 2047 606 2047 0.8459253907203674
638 562 961 562 961 797 638 797 0.8455047607421875
694 1413 694 958 1229 958 1229 1413 0.8132488131523132
2 1770 157 1770 157 2047 2 2047 0.8045565485954285
