2 1922 269 1922 269 2047 2 2047 0.9303053617477417
1906 260 1906 2 2047 2 2047 260 0.925312340259552
0 834 113 834 113 1213 0 1213 0.9044443964958191
130 607 624 521 702 966 208 1053 0.897016704082489
606 1210 833 1210 833 1569 606 1569 0.8947072625160217
894 901 894 446 1229 446 1229 901 0.8884363770484924
1762 2046 1762 1481 2047 1481 2047 2046 0.8680325150489807
634 50 961 50 961 285 634 285 0.8651920557022095
422 1490 1041 1490 1041 2047 422 2047 0.8488225936889648
262 1054 801 1054 801 1629 262 1629 0.8432654142379761
1126 1862 1701 1862 1701 2047 1126 2047 0.841819703578949
694 901 694 446 1229 446 1229 901 0.8132485151290894
