1185 247 1560 69 1738 444 1363 622 0.973572
6 6 515 6 515 220 6 220 0.969473
6 672 476 672 476 1142 6 1142 0.966806
731 332 1137 158 1331 611 925 785 0.965611
314 1225 719 1145 811 1608 405 1688 0.957373
6 771 6 160 835 160 835 771 0.95535
325 1722 799 1632 865 1980 391 2070 0.944659
1760 889 2044 889 2044 1264 1760 1264 0.940248
1440 1311 2044 1311 2044 1807 1440 1807 0.933319
-21 1790 325 1733 375 2044 29 2100 0.925281
1644 6 2044 6 2044 435 1644 435 0.924586
1281 970 1711 848 1851 1341 1421 1463 0.916011
1344 614 1768 438 1972 927 1547 1104 0.859607
417 664 830 579 936 1094 523 1179 0.842483
