543 159 1050 46 1135 428 629 541 0.97921
670 1270 1178 1032 1354 1409 847 1646 0.977381
1565 207 2044 171 2086 729 1607 765 0.968823
1061 927 1771 690 1949 1224 1239 1461 0.96263
1175 437 1559 324 1693 777 1309 891 0.956209
229 1321 782 1130 945 1603 393 1794 0.953151
832 1638 1266 1458 1443 1885 1010 2066 0.931907
-70 193 515 58 648 635 62 770 0.921572
346 751 994 704 1031 1201 382 1248 0.885473
0 1632 399 1632 399 2044 0 2044 0.866914
6 1183 323 1183 323 1692 6 1692 0.859995
1593 6 1888 6 1888 182 1593 182 0.857342
