697 1116 697 607 1219 607 1219 1116 0.976025
1798 1542 2044 1542 2044 2044 1798 2044 0.964392
1066 411 1775 183 1946 713 1237 942 0.96375
1226 1427 1722 1355 1776 1725 1280 1798 0.96207
230 816 771 617 944 1086 403 1285 0.956448
1632 6 2044 6 2044 243 1632 243 0.934004
1202 12 1571 -108 1692 259 1323 381 0.923022
831 1127 1256 950 1460 1439 1034 1616 0.909724
6 659 323 659 323 1180 6 1180 0.908114
6 1696 284 1696 284 2044 6 2044 0.893447
19 0 643 0 643 220 19 220 0.879456
927 2044 927 1785 1788 1785 1788 2044 0.829744
