134 1894 493 1894 493 2047 134 2047 0.9625228643417358
1706 1452 2046 1370 2154 1821 1814 1902 0.9512972831726074
1446 226 2001 226 2001 741 1446 741 0.937348484992981
1005 1195 1563 1077 1644 1460 1085 1578 0.9332934617996216
1570 726 2047 726 2047 1105 1570 1105 0.9044846892356873
4 1379 554 1279 642 1765 92 1865 0.9014589190483093
1551 233 1551 2 1997 2 1997 233 0.8822208046913147
474 1756 474 1225 829 1225 829 1756 0.8766509294509888
862 2047 862 1738 1405 1738 1405 2047 0.8703383207321167
705 1736 705 1100 1140 1100 1140 1736 0.8179097771644592
1634 2047 1634 1942 2047 1942 2047 2047 0.8112057447433472
