373 2047 373 1694 772 1694 772 2047 0.9712424278259277
1745 1444 2037 1389 2102 1734 1810 1789 0.9649797081947327
1750 358 1750 2 2047 2 2047 358 0.963997483253479
10 1652 10 1217 476 1217 476 1652 0.9618973731994629
2 353 509 353 509 732 2 732 0.9569465517997742
38 315 38 0 556 0 556 315 0.9557328820228577
1206 601 1725 601 1725 1104 1206 1104 0.9443291425704956
486 1114 909 1114 909 1633 486 1633 0.9333458542823792
894 1186 1469 1186 1469 1609 894 1609 0.9236482977867126
1365 1533 1365 978 1936 978 1936 1533 0.9038573503494263
766 698 1313 698 1313 1281 766 1281 0.8538488149642944
1638 992 1638 406 2047 406 2047 992 0.8489740490913391
826 2 1145 2 1145 182 826 182 0.8162541389465332
