-14 1786 339 1741 378 2046 23 2091 0.9725502729415894
1745 932 2037 877 2102 1221 1810 1276 0.9650728106498718
10 1140 10 705 476 705 476 1140 0.961897611618042
352 1225 748 1179 804 1667 408 1713 0.9588748216629028
1202 90 1725 90 1725 592 1202 592 0.9440852403640747
2 220 2 2 504 2 504 220 0.9345064163208008
1037 213 1037 2 1541 2 1541 213 0.9335663318634033
486 602 909 602 909 1121 486 1121 0.933346152305603
346 1654 853 1654 853 2047 346 2047 0.9330155849456787
894 674 1469 674 1469 1097 894 1097 0.9236484169960022
1365 1020 1365 466 1936 466 1936 1020 0.9038573503494263
1626 439 1626 0 2047 0 2047 439 0.8987816572189331
766 191 1313 191 1313 769 766 769 0.8542602062225342
1437 1800 1437 1245 2046 1245 2046 1800 0.8289805054664612
