634 2 1093 2 1093 293 634 293 0.9800777435302734
2 1996 2 1586 155 1586 155 1996 0.9606631994247437
2 1313 2 834 220 834 220 1313 0.9414692521095276
1309 2047 1309 1850 1742 1850 1742 2047 0.9255560636520386
1438 161 1438 2 1753 2 1753 161 0.9224620461463928
341 1280 341 1117 824 1117 824 1280 0.8801375031471252
1037 179 1037 2 1280 2 1280 179 0.879885733127594
1718 1504 2047 1504 2047 2047 1718 2047 0.8608279228210449
158 1458 753 1458 753 2047 158 2047 0.8412149548530579
2 365 2 0 449 0 449 365 0.8363874554634094
