1478 595 2044 595 2044 1779 1478 1779 0.982428
31 159 540 46 625 428 116 541 0.97562
1005 192 1678 -8 1854 577 1181 778 0.974025
159 1268 666 1033 843 1412 335 1648 0.97299
664 437 1048 325 1180 776 796 888 0.951828
454 975 1263 705 1437 1226 627 1496 0.939415
320 1638 754 1458 931 1885 498 2066 0.930517
1747 32 2044 32 2044 486 1747 486 0.926738
6 1222 297 1222 297 1743 6 1743 0.901573
1081 6 1385 6 1385 169 1081 169 0.835064
6 144 131 144 131 655 6 655 0.827823
-9 733 512 709 535 1209 13 1233 0.819186
