1478 83 2044 83 2044 1260 1478 1260 0.984557
185 608 707 608 707 1116 185 1116 0.970901
1265 1626 1808 1426 2014 1987 1471 2187 0.963498
714 1429 1197 1354 1254 1724 770 1798 0.962996
597 500 1307 301 1432 750 723 948 0.939069
6 710 297 710 297 1231 6 1231 0.900589
1120 6 1833 6 1833 246 1120 246 0.897821
691 12 1060 -107 1179 259 810 379 0.890771
318 1123 747 949 946 1440 517 1614 0.88614
1926 1440 2044 1440 2044 1961 1926 1961 0.847033
6 6 131 6 131 144 6 144 0.830334
416 2044 416 1785 1276 1785 1276 2044 0.826705
6 710 6 198 515 198 515 710 0.82638
