2 2047 2 1754 288 1754 288 2047 0.9620794057846069
234 2047 234 1614 604 1614 604 2047 0.9573276042938232
1809 528 2046 417 2163 664 1926 775 0.9502428770065308
557 1693 1051 1589 1132 1972 638 2076 0.9378918409347534
934 1252 934 733 1493 734 1493 1252 0.9348782300949097
1202 1878 1609 1878 1609 2047 1202 2047 0.9135922789573669
1058 1238 1553 1238 1553 1617 1058 1617 0.9002924561500549
1362 541 1929 541 1929 1124 1362 1124 0.8860276937484741
1690 974 2047 974 2047 1549 1690 1549 0.8810359239578247
1470 1734 2047 1734 2047 2047 1470 2047 0.859133243560791
1434 1074 1877 1074 1877 1697 1434 1697 0.8172394037246704
