1196 922 1673 832 1762 1303 1285 1393 0.9589987993240356
2 1686 313 1686 313 2047 2 2047 0.9512391686439514
675 1781 1046 1614 1214 1986 843 2153 0.9511556625366211
250 2047 250 1726 764 1726 764 2047 0.9405783414840698
493 683 1051 565 1132 948 573 1066 0.933293879032135
966 2 1489 2 1489 232 966 232 0.9285440444946289
1690 0 2047 0 2047 541 1690 541 0.9080252647399902
1058 214 1553 214 1553 593 1058 593 0.900300920009613
1578 686 2047 686 2047 1289 1578 1289 0.886484682559967
-47 765 264 725 327 1210 15 1251 0.8851073980331421
178 589 629 589 629 1225 178 1225 0.8242427706718445
1978 1553 1978 1282 2047 1282 2047 1553 0.8214437961578369
1434 50 1877 50 1877 673 1434 673 0.8179971575737
