2 1694 265 1694 265 2047 2 2047 0.9662294387817383
1238 2 1685 2 1685 358 1238 358 0.962734043598175
1238 1406 1770 1406 1770 1765 1238 1765 0.9527018070220947
1802 1570 2047 1570 2047 2047 1802 2047 0.9472004771232605
694 602 1213 602 1213 1105 694 1105 0.9443313479423523
2 1172 2 661 324 661 324 1172 0.9427411556243896
2 1620 2 1109 396 1109 396 1620 0.9394897222518921
1626 253 1626 2 2047 2 2047 253 0.9261099696159363
382 1186 957 1186 957 1609 382 1609 0.9236536026000977
854 978 1421 978 1421 1533 854 1533 0.904981255531311
1174 1778 1793 1778 1793 2047 1174 2047 0.8585875630378723
254 698 801 698 801 1281 254 1281 0.8541210293769836
1978 529 1978 258 2047 258 2047 529 0.8221150040626526
314 2 633 2 633 182 314 182 0.8158846497535706
