2 1664 2 1185 280 1185 280 1664 0.9664530158042908
-54 1707 292 1648 349 1983 2 2042 0.9661256074905396
1238 894 1770 894 1770 1253 1238 1253 0.9528088569641113
690 90 1213 90 1213 593 690 593 0.944087564945221
2 660 2 149 324 150 324 660 0.9427720904350281
2 1108 2 597 396 597 396 1108 0.9394898414611816
525 213 525 2 1029 2 1029 213 0.9335664510726929
382 674 957 674 957 1097 382 1097 0.9236536026000977
854 466 1421 466 1421 1021 854 1021 0.904981255531311
1802 1054 2047 1054 2047 1641 1802 1641 0.8648066520690918
254 191 801 191 801 769 254 769 0.8545264005661011
