1491 1196 2044 1196 2044 1718 1491 1718 0.969003
246 1767 763 1540 944 1952 428 2180 0.956313
-115 830 457 657 579 1062 7 1235 0.946104
359 1129 881 864 1107 1309 585 1575 0.944229
6 1760 438 1760 438 2044 6 2044 0.940534
787 732 787 326 1526 326 1526 732 0.934207
1388 893 1861 669 2055 1077 1582 1301 0.920699
1836 1696 2044 1696 2044 2044 1836 2044 0.878871
1659 183 1961 2 2224 439 1921 621 0.863139
1439 143 1439 0 1884 0 1884 143 0.828126
953 531 1679 531 1679 1039 953 1039 0.824296
770 1553 1186 1348 1350 1680 934 1885 0.809437
