1235 1440 1974 1440 1974 2025 1235 2025 0.980595
-120 868 341 716 473 1117 11 1269 0.979353
556 2044 556 1670 1321 1670 1321 2044 0.96767
393 1194 639 1084 875 1615 629 1724 0.963885
324 710 757 513 1005 1061 572 1257 0.961161
1472 398 2037 155 2206 548 1641 791 0.954489
613 1019 893 887 1183 1500 904 1632 0.938275
363 106 954 -191 1182 261 591 558 0.904975
1836 672 2044 672 2044 1142 1836 1142 0.8894
6 207 6 6 508 6 508 207 0.852768
377 6 2044 6 2044 758 377 758 0.84694
6 1606 105 1606 105 1987 6 1987 0.818786
