1591 1174 2004 988 2162 1341 1749 1526 0.9641699194908142
1738 1562 2047 1562 2047 2027 1738 2027 0.9626646637916565
44 1692 540 1589 620 1973 123 2076 0.9392766356468201
422 1252 422 733 980 734 980 1252 0.9348782300949097
690 1878 1097 1878 1097 2047 690 2047 0.9135916829109192
546 1238 1041 1238 1041 1617 546 1617 0.9002924561500549
850 1124 850 541 1417 542 1417 1124 0.8843850493431091
1718 2 2047 2 2047 349 1718 349 0.8643110394477844
1174 974 1637 974 1637 1545 1174 1545 0.8475684523582458
1306 262 1865 262 1865 745 1306 745 0.8094887733459473
922 1696 922 1073 1369 1073 1369 1696 0.8059821128845215
