1738 26 2047 26 2047 489 1738 489 0.9631033539772034
684 410 1161 320 1250 791 773 881 0.9589989185333252
1926 2047 1926 1946 2047 1946 2047 2047 0.949614942073822
1071 4 1318 -100 1396 85 1150 189 0.9464017748832703
182 1114 701 1114 701 1617 182 1617 0.9444809556007385
44 156 541 53 620 437 123 539 0.9363258481025696
2 1679 435 1679 435 2047 2 2047 0.9335773587226868
342 1490 909 1490 909 2045 342 2045 0.9090626239776611
729 2047 729 1918 1200 1918 1200 2047 0.9038179516792297
2 1756 2 1213 296 1213 296 1756 0.8692302107810974
0 1232 0 725 516 725 516 1232 0.8555434942245483
1482 642 2047 642 2047 1281 1482 1281 0.8223515748977661
