1629 1138 1984 1003 2167 1486 1812 1620 0.971466
979 1158 1756 1158 1756 1731 979 1731 0.970642
-136 80 352 -173 599 301 110 555 0.966599
1324 1606 2044 1606 2044 2044 1324 2044 0.965454
275 719 275 326 1014 326 1014 719 0.935447
-350 783 139 507 593 1314 103 1589 0.89024
441 531 1167 531 1167 1039 441 1039 0.882749
-178 1047 335 787 599 1311 85 1570 0.872743
1043 697 1497 697 1497 1231 1043 1231 0.863996
257 1557 669 1349 836 1679 424 1887 0.862559
0 2044 0 1568 399 1568 399 2044 0.855621
1147 187 1448 1 1711 425 1410 612 0.840293
928 143 928 0 1372 0 1372 143 0.836473
