1629 626 1984 491 2167 974 1812 1108 0.97421
979 646 1756 646 1756 1219 979 1219 0.970896
-114 1702 130 1595 324 2041 79 2148 0.96658
129 1602 412 1463 659 1967 377 2106 0.963145
1301 1204 2037 1069 2124 1543 1388 1678 0.959132
875 387 1347 159 1541 558 1069 787 0.91581
441 32 1167 32 1167 527 441 527 0.913627
0 1615 0 1055 399 1055 399 1615 0.911376
275 6 950 6 950 207 275 207 0.905499
1542 1721 1974 1721 1974 2044 1542 2044 0.90119
-137 616 375 357 598 799 85 1058 0.896822
1875 1708 2044 1708 2044 2044 1875 2044 0.856283
257 1045 669 837 837 1168 424 1377 0.855356
