1629 115 1988 -20 2170 460 1812 596 0.980501
44 2044 44 1670 809 1670 809 2044 0.975177
723 1440 1462 1440 1462 2025 723 2025 0.972924
949 358 1635 109 1790 535 1103 784 0.972019
1301 693 2036 557 2124 1031 1388 1167 0.9595
1875 1196 2044 1196 2044 1654 1875 1654 0.954648
105 1030 387 897 670 1498 388 1631 0.944551
0 1094 361 1094 361 1705 0 1705 0.911644
0 1103 0 543 399 544 399 1103 0.908633
-135 105 380 -150 599 290 83 546 0.894126
257 533 669 325 837 656 424 865 0.842255
1542 1743 1542 1209 2012 1209 2012 1743 0.805624
