172 1435 649 1343 739 1813 262 1904 0.9596366286277771
2 226 463 226 463 745 2 745 0.9471495151519775
798 2 1353 2 1353 237 798 237 0.937778115272522
1532 2 2047 2 2047 190 1532 190 0.9287574887275696
1934 1818 2047 1818 2047 2047 1934 2047 0.9110586643218994
34 726 529 726 529 1105 34 1105 0.9092006683349609
1079 661 1488 475 1647 826 1239 1012 0.9079604148864746
10 232 10 2 464 2 464 232 0.8981824517250061
0 1086 99 1086 99 1475 0 1475 0.894623875617981
337 612 337 34 904 34 904 612 0.8840389847755432
662 462 1125 462 1125 1033 662 1033 0.8475686311721802
410 1184 410 561 857 562 857 1184 0.8059828877449036
