0 1572 401 1572 401 2047 0 2047 0.9571989178657532
690 870 1153 870 1153 1377 690 1377 0.9506539106369019
1650 1561 1650 1018 2047 1018 2047 1561 0.9429484605789185
1037 1232 1037 685 1512 686 1512 1232 0.9342384338378906
917 145 917 2 1377 2 1377 145 0.9254856109619141
665 545 1172 545 1172 1024 665 1024 0.8921779990196228
6 0 589 0 589 549 6 549 0.8921764492988586
1157 596 1157 42 1704 42 1704 596 0.8703130483627319
1930 78 2047 78 2047 251 1930 251 0.8458369374275208
282 1286 841 1286 841 1769 282 1769 0.8113552331924438
