1760 1068 2044 1068 2044 1564 1760 1564 0.969334
1273 116 1949 13 2042 623 1366 726 0.966753
0 2044 0 1056 540 1056 540 2044 0.957671
1399 1176 1710 1075 1859 1532 1549 1633 0.955926
846 189 1230 99 1338 562 954 652 0.954922
518 1632 1193 1632 1193 2044 518 2044 0.954384
1052 1214 1365 1115 1507 1564 1194 1663 0.953607
1862 2044 1862 1619 2044 1619 2044 2044 0.942118
1286 1644 1884 1644 1884 2044 1286 2044 0.928652
835 635 1418 576 1469 1092 887 1150 0.926539
370 1315 790 1124 1002 1589 581 1780 0.904628
-139 510 312 369 459 837 7 979 0.881836
1471 615 1930 559 1988 1031 1528 1087 0.820172
