1366 1682 1845 1682 1845 2047 1366 2047 0.95831298828125
1141 1052 1141 510 1636 510 1636 1052 0.9532353281974792
1830 1662 2047 1662 2047 2047 1830 2047 0.9530322551727295
177 864 177 357 640 358 640 864 0.9493420720100403
525 720 525 174 1000 174 1000 720 0.9344654083251953
1032 1710 1457 1710 1457 2047 1032 2047 0.9303075075149536
54 1685 464 1499 622 1849 212 2035 0.9198100566864014
2 2 441 2 441 205 2 205 0.8946002125740051
154 34 657 34 657 513 154 513 0.8938663601875305
1693 2 2047 2 2047 132 1693 132 0.8891251683235168
862 2 1073 2 1073 81 862 81 0.8601595759391785
1942 70 2047 70 2047 325 1942 325 0.8361091017723083
