1378 658 1853 658 1853 1141 1378 1141 0.9672265648841858
914 1678 1357 1678 1357 2047 914 2047 0.9600013494491577
1830 633 2047 633 2047 1144 1830 1144 0.9538965225219727
-109 1222 193 1147 305 1598 2 1673 0.9535980224609375
1450 1209 1953 1146 2008 1592 1506 1655 0.9528619647026062
2 2 328 2 328 225 2 225 0.9496757984161377
1634 2047 1634 1654 1997 1654 1997 2047 0.9460917711257935
54 661 464 475 623 827 213 1012 0.9080805778503418
1033 685 1476 685 1476 1252 1033 1252 0.9074117541313171
1934 1646 2047 1646 2047 2047 1934 2047 0.8630174398422241
507 2 1117 2 1117 188 507 188 0.8197789788246155
1590 0 2047 0 2047 532 1590 532 0.8156923651695251
2 669 193 669 193 1041 2 1041 0.803958535194397
