1619 1478 2044 1478 2044 2044 1619 2044 0.979535
1670 262 2044 262 2044 899 1670 899 0.974861
-31 171 440 -17 637 476 166 665 0.973187
-71 647 575 551 648 1040 1 1136 0.970949
763 1181 1476 1021 1594 1545 880 1705 0.965879
330 1210 830 1130 904 1594 404 1674 0.952428
530 519 1224 380 1337 942 643 1081 0.942273
6 604 6 134 220 134 220 604 0.936551
324 1750 856 1633 946 2042 414 2160 0.925008
1299 924 1299 313 1654 313 1654 924 0.924776
531 6 1321 6 1321 502 531 502 0.833229
1510 996 2041 906 2111 1322 1581 1412 0.818394
