894 1685 1217 1603 1329 2042 1006 2124 0.975357
-71 135 576 39 648 528 0 624 0.970468
763 669 1475 509 1610 1109 898 1269 0.965137
546 1718 856 1630 972 2042 662 2129 0.963143
1619 1539 1619 966 2044 966 2044 1539 0.962422
1223 1612 1671 1530 1764 2040 1316 2122 0.959315
330 698 830 618 904 1081 404 1161 0.952072
1299 6 1667 6 1667 412 1299 412 0.945602
544 6 1257 6 1257 527 544 527 0.943042
1708 6 2044 6 2044 399 1708 399 0.936089
326 1243 855 1120 961 1579 433 1701 0.927747
1511 487 2040 394 2113 806 1584 900 0.843209
