354 658 829 658 829 1141 354 1141 0.9672561287879944
1244 1553 1663 1480 1760 2039 1342 2112 0.9595222473144531
925 2047 925 1618 1317 1618 1317 2047 0.9519562721252441
422 1223 940 1138 1013 1578 495 1663 0.9509795904159546
606 1654 973 1654 973 2047 606 2047 0.9440999031066895
1302 0 1657 0 1657 421 1302 421 0.9425292015075684
1706 0 2047 0 2047 396 1706 396 0.9423385262489319
2 1678 337 1678 337 2047 2 2047 0.9387097358703613
1605 1007 2046 960 2104 1503 1663 1550 0.9140668511390686
-13 756 443 633 581 1147 124 1270 0.9097622036933899
2 600 2 78 572 78 572 600 0.9057011008262634
977 1109 1444 1109 1444 1588 977 1588 0.9029676914215088
2 2 216 2 216 97 2 97 0.8820182085037231
