2 658 317 658 317 1137 2 1137 0.960125207901001
732 1553 1151 1480 1248 2039 830 2112 0.9595223665237427
1502 1506 1928 1482 1953 1928 1528 1952 0.9546730518341064
413 2047 413 1618 805 1618 805 2047 0.9519562721252441
94 2047 94 1654 460 1654 460 2047 0.9438899755477905
790 0 1145 0 1145 421 790 421 0.9425293207168579
1194 0 1569 0 1569 396 1194 396 0.9271212816238403
2 1142 429 1142 429 1653 2 1653 0.9246453046798706
1555 469 1851 421 1908 775 1613 822 0.9235153794288635
466 1109 933 1109 933 1588 466 1588 0.9029675126075745
1102 962 1685 962 1685 1553 1102 1553 0.8131032586097717
