220 1553 639 1480 736 2039 317 2112 0.9595869183540344
990 1507 1416 1482 1442 1928 1016 1952 0.9543297290802002
278 0 633 0 633 421 278 421 0.9424904584884644
2 2047 2 1618 291 1618 291 2047 0.9421208500862122
2 1128 2 529 464 530 464 1128 0.9271660447120667
682 0 1057 0 1057 396 682 396 0.9271212816238403
1044 469 1339 421 1396 774 1101 822 0.9235796332359314
2 493 2 0 224 0 224 493 0.8923978209495544
2 1592 2 1109 404 1109 404 1592 0.8264716863632202
590 962 1173 962 1173 1553 590 1553 0.8131021857261658
