0 10602 12136 12168 11912 12372 13334 10806 13558
1 8974 11303 10277 11059 10516 12335 9213 12579
0 3791 8396 3881 7363 5194 7477 5104 8510
0 1900 5120 3070 5120 3070 6233 1900 6233
0 1828 4620 3041 4620 3041 5602 1828 5602
1 4411 12124 5118 12124 5118 13689 4411 13689
0 5431 5145 6195 5001 6431 6253 5667 6397
0 10549 8466 11486 8083 11855 8985 10918 9368
0 10092 10124 11262 10124 11262 10918 10092 10918
1 7372 6900 8154 6900 8154 8026 7372 8026
1 12212 7453 12965 7170 13342 8172 12589 8455
0 5312 11002 6098 11002 6098 12002 5312 12002
1 8707 3096 9565 2859 9798 3702 8940 3939
0 9726 6876 10882 6876 10882 7497 9726 7497
0 13058 2476 13779 1999 14234 2686 13513 3163
1 8187 9601 9203 9467 9290 10123 8274 10257
0 6383 7430 6434 6643 7290 6699 7239 7486
0 14280 8378 15356 8234 15438 8849 14362 8993
1 3923 11052 4606 10948 4750 11894 4067 11998
0 3652 9549 4387 9459 4494 10334 3759 10424
0 7868 3831 8484 3831 8484 4848 7868 4848
0 4436 9560 4988 9482 5144 10589 4592 10667
1 4620 11882 4620 10660 5118 10660 5118 11882
0 6228 12292 7166 12292 7166 12938 6228 12938
1 10352 2190 11171 1615 11504 2089 10685 2664
0 9837 12752 10630 12638 10730 13331 9937 13445
0 4911 2113 5448 1982 5678 2926 5141 3057
0 1596 10730 2100 10715 2132 11766 1628 11781
1 8715 8867 9553 8867 9553 9497 8715 9497
0 12372 12732 13250 12732 13250 13330 12372 13330
0 6060 10450 6687 10417 6731 11252 6104 11285
0 8115 7334 8244 6863 9272 7145 9143 7616
1 5470 2062 6029 1924 6241 2786 5682 2924
1 8835 1712 9457 1297 9827 1851 9205 2266
0 7612 11557 8388 11501 8433 12123 7657 12179
0 6228 11300 6914 11300 6914 12002 6228 12002
0 15604 11052 16165 11002 16241 11852 15680 11902
0 6754 5176 7466 5095 7540 5745 6828 5826
0 5115 9505 5120 9097 6264 9112 6259 9520
1 4944 12115 5460 12091 5502 12978 4986 13002
0 9878 885 10367 539 10807 1160 10318 1506
0 10068 1796 10796 1231 11099 1621 10371 2186
1 1788 12044 2490 12044 2490 12690 1788 12690
0 8988 2641 9779 2397 9936 2906 9145 3150
0 2567 11160 3123 11073 3244 11847 2688 11934
0 9601 7984 10460 7779 10576 8263 9717 8468
0 13740 11268 14522 11268 14522 11826 13740 11826
0 7335 4085 7799 3939 8067 4792 7603 4938
1 8811 10306 9525 10153 9649 10733 8935 10886
1 3076 12076 3578 12076 3578 12930 3076 12930
1 13815 5053 14541 4923 14643 5491 13917 5621
0 13085 11603 13698 11559 13747 12248 13134 12292
0 11489 4161 12106 3855 12378 4404 11761 4710
0 3204 2411 3842 2411 3842 3069 3204 3069
1 8192 6572 9234 6572 9234 6970 8192 6970
0 5124 3443 5761 3443 5761 4093 5124 4093
0 3899 2166 4926 1921 5017 2302 3990 2547
1 11586 13362 12473 13287 12512 13748 11625 13823
1 5251 13315 6141 13315 6141 13776 5251 13776
1 12808 3501 13291 3202 13671 3816 13188 4115
0 14909 6654 15658 6501 15765 7026 15016 7179
0 7332 9516 8066 9516 8066 10074 7332 10074
0 5943 3856 6587 3653 6769 4230 6125 4433
0 11082 9130 11935 8921 12045 9368 11192 9577
1 13854 5652 14520 5479 14666 6043 14000 6216
0 14502 9860 15350 9771 15399 10237 14551 10326
1 13078 5840 13871 5672 13973 6153 13180 6321
0 7168 12292 7802 12292 7802 12918 7168 12918
0 9292 2191 9908 1860 10174 2356 9558 2687
0 1781 7169 2147 7148 2208 8217 1842 8238
0 9440 955 9761 750 10312 1614 9991 1819
0 1420 12756 2041 12756 2041 13377 1420 13377
0 13312 6324 13770 6324 13770 7166 13312 7166
0 15507 8211 16136 8126 16217 8729 15588 8814
0 12911 13120 13726 13018 13784 13482 12969 13584
0 12027 3151 12504 2887 12842 3499 12365 3763
0 14082 6299 14788 6149 14898 6665 14192 6815
0 5480 12312 6041 12235 6132 12896 5571 12973
0 14524 12002 14524 11172 14978 11172 14978 12002
1 15482 10012 15984 10012 15984 10762 15482 10762
1 7268 8931 8082 8931 8082 9393 7268 9393
0 3900 10439 4546 10409 4573 10987 3927 11017
0 10244 4906 10244 4096 10704 4096 10704 4906
0 3976 2932 5080 2753 5133 3080 4029 3259
0 11137 2182 11743 1920 11964 2431 11358 2693
0 1316 8564 1876 8564 1876 9214 1316 9214
0 12722 9197 13307 9061 13443 9646 12858 9782
0 7322 2509 7752 2321 8060 3025 7630 3213
0 6435 7861 6460 7419 7271 7465 7246 7907
0 11320 7696 12039 7433 12197 7865 11478 8128
1 11107 3525 11506 3284 11896 3930 11497 4171
0 12468 3564 13130 3564 13130 4094 12468 4094
0 9144 12209 9874 12079 9956 12539 9226 12669
0 10580 8192 11162 8192 11162 8786 10580 8786
1 8382 3473 8908 3321 9083 3927 8557 4079
1 11796 6983 12464 6779 12608 7250 11940 7454
0 1835 2892 2330 2892 2330 3586 1835 3586
0 5972 6236 6338 6236 6338 7166 5972 7166
0 12021 8792 12561 8597 12762 9154 12222 9349
0 12598 1870 13139 1527 13422 1973 12881 2316
0 7172 2588 7594 2588 7594 3386 7172 3386
0 14918 10280 15430 10241 15480 10892 14968 10931
0 5844 8192 6370 8192 6370 8826 5844 8826
0 7404 7964 8098 7964 8098 8442 7404 8442
0 12469 6730 13111 6517 13264 6979 12622 7192
1 14836 6144 15730 6144 15730 6512 14836 6512
0 10944 4991 11712 4743 11837 5131 11069 5379
0 1204 2556 1842 2556 1842 3070 1204 3070
0 13662 4307 13990 3981 14486 4482 14159 4807
0 1379 6487 1685 6470 1745 7529 1439 7546
0 12739 5521 13408 5234 13583 5642 12914 5929
0 15793 8947 16252 8916 16299 9613 15840 9644
0 10496 11638 10966 11488 11163 12105 10693 12255
0 3340 11620 4094 11620 4094 12042 3340 12042
0 12327 6209 13073 6068 13150 6476 12404 6617
0 7848 13491 8426 13491 8426 14035 7848 14035
0 13306 7854 13861 7709 13999 8237 13444 8382
0 36 4267 402 4267 402 5117 36 5117
1 15271 9045 15724 8984 15815 9658 15362 9719
0 11635 5228 12197 4944 12419 5383 11857 5667
1 9707 9220 10237 9220 10237 9799 9707 9799
1 13446 10187 14271 10119 14301 10488 13476 10556
0 2758 2661 3142 2623 3218 3391 2834 3429
0 9732 2640 10194 2347 10485 2805 10023 3098
0 9382 10648 9992 10525 10084 10980 9474 11103
0 3692 3612 4094 3612 4094 4326 3692 4326
0 6326 4348 6718 4239 6906 4915 6514 5024
0 7380 10117 8086 10090 8101 10494 7395 10521
0 6723 4254 7044 4143 7317 4934 6996 5045
0 6540 9538 6540 9076 7154 9076 7154 9538
0 10613 4065 11157 3875 11319 4338 10775 4528
0 7784 13081 8324 13005 8396 13517 7856 13593
0 12658 8618 13185 8515 13285 9026 12758 9129
0 6735 13249 7072 13193 7206 13997 6869 14053
0 6317 13358 6734 13296 6831 13947 6414 14009
0 2112 10797 2560 10783 2580 11401 2132 11415
0 14212 4836 14600 4278 14935 4511 14547 5069
0 8573 11893 9187 11782 9266 12216 8652 12327
0 14084 7857 14602 7750 14706 8254 14188 8361
0 14355 9127 14750 9069 14848 9737 14453 9795
0 10575 7456 10923 7210 11287 7725 10939 7971
0 12468 5120 13258 5120 13258 5460 12468 5460
0 6919 3539 7372 3374 7562 3897 7109 4062
1 6275 3107 6704 3011 6837 3604 6408 3700
0 8194 2907 8637 2766 8811 3313 8368 3454
0 8438 11385 8946 11278 9052 11779 8544 11886
0 7552 11177 8255 11070 8311 11439 7608 11546
0 9619 8405 10184 8340 10237 8804 9672 8869
0 14787 9020 15127 8972 15234 9736 14894 9784
0 8661 2815 9035 2663 9281 3268 8907 3420
0 8684 13043 9235 13043 9235 13521 8684 13521
0 8353 6198 8986 6060 9072 6455 8439 6593
0 11256 2729 11692 2550 11903 3064 11467 3243
0 8652 8572 9562 8572 9562 8858 8652 8858
0 7761 6284 8354 6167 8437 6588 7844 6705
1 15148 11788 15666 11788 15666 12286 15148 12286
1 6236 2211 6693 2032 6884 2520 6427 2699
1 8749 2228 9260 2017 9437 2445 8926 2656
0 14491 12595 15041 12595 15041 13057 14491 13057
0 13645 6870 14189 6771 14271 7219 13727 7318
0 4100 9220 5010 9220 5010 9496 4100 9496
0 14995 5379 15377 5379 15377 6033 14995 6033
0 7082 13228 7656 13138 7722 13562 7148 13652
0 10241 11025 10621 10890 10827 11469 10447 11604
0 2540 10764 3130 10764 3130 11178 2540 11178
0 14287 6786 14823 6723 14876 7171 14340 7234
0 10793 2984 11214 2776 11443 3239 11022 3447
0 8716 12244 9214 12244 9214 12730 8716 12730
0 9235 12954 9804 12836 9889 13244 9320 13362
0 14508 12052 14986 12052 14986 12554 14508 12554
0 6909 6066 6940 5720 7622 5781 7591 6127
0 10579 2568 11125 2290 11301 2635 10755 2913
0 7735 12236 8112 12179 8204 12789 7827 12846
0 8284 5811 8898 5701 8964 6069 8350 6179
1 6363 5157 6769 5132 6804 5704 6398 5729
0 14057 3706 14305 3464 14775 3946 14527 4188
0 12668 12292 13170 12292 13170 12754 12668 12754
0 12580 4788 13282 4788 13282 5118 12580 5118
1 8313 10851 8812 10753 8899 11197 8400 11295
1 14544 7248 15015 7164 15099 7637 14628 7721
0 10244 8851 10244 8275 10641 8275 10641 8851
0 6389 6616 6408 6354 7272 6416 7253 6678
0 9791 3840 10263 3719 10379 4171 9907 4292
0 1932 9503 2286 9476 2335 10114 1981 10141
0 2603 13771 3007 13771 3007 14333 2603 14333
0 9508 4100 10354 4100 10354 4368 9508 4368
0 8839 10776 9352 10675 9436 11101 8923 11202
1 15141 7745 15650 7679 15707 8117 15198 8183
0 7735 10568 8159 10497 8246 11016 7822 11087
0 11909 12946 12301 12790 12499 13286 12107 13442
1 2484 9434 2484 9052 3070 9052 3070 9434
0 5854 3346 6282 3220 6423 3699 5995 3825
0 13238 7363 13708 7279 13790 7739 13320 7823
1 6148 7172 6361 7172 6361 8217 6148 8217
0 12146 2151 12428 1981 12777 2560 12495 2730
0 4096 12092 4392 12092 4392 12842 4096 12842
0 7716 3170 8037 3051 8262 3659 7941 3778
0 6689 2977 7038 2875 7208 3460 6859 3561
0 14612 5444 14970 5444 14970 6058 14612 6058
0 13381 9193 13850 9100 13938 9545 13469 9638
0 10449 4679 10974 4506 11097 4878 10572 5051
0 11594 5832 12036 5647 12210 6062 11768 6247
0 10466 8006 10872 7842 11056 8298 10650 8462
1 14644 7792 15054 7692 15175 8186 14765 8286
0 10296 3717 10881 3589 10957 3935 10372 4063
0 6060 9564 6602 9564 6602 9954 6060 9954
0 8196 12164 8535 12164 8535 12778 8196 12778
0 7385 3330 7705 3213 7915 3786 7595 3903
0 2508 12060 2842 12060 2842 12682 2508 12682
0 12799 2706 13055 2559 13400 3160 13144 3307
0 8934 272 9354 78 9538 476 9118 670
0 11142 6005 11606 5843 11741 6231 11277 6393
0 1852 9242 1852 8204 2046 8204 2046 9242
0 10792 6814 11295 6707 11377 7090 10874 7197
0 13403 5247 13753 5108 13950 5603 13600 5742
0 12224 4922 12813 4589 12959 4847 12370 5180
0 4566 3545 5116 3489 5153 3848 4603 3904
0 15916 9696 16315 9639 16384 10126 15985 10183
0 15180 12636 15714 12636 15714 13002 15180 13002
0 10651 10967 10990 10854 11162 11370 10823 11483
0 6546 3629 6857 3504 7073 4041 6762 4166
0 9220 9548 9554 9548 9554 10128 9220 10128
0 11408 7096 11803 6987 11928 7439 11533 7548
0 13643 6335 14027 6242 14141 6711 13757 6804
0 5972 7172 6142 7172 6142 8290 5972 8290
1 11909 6202 12195 6067 12451 6608 12165 6743
1 15100 11068 15358 11068 15358 11794 15100 11794
0 10052 8911 10447 8837 10532 9288 10137 9362
1 11847 2393 12115 2216 12431 2696 12163 2873
0 13161 12262 13645 12210 13685 12586 13201 12638
0 10457 6785 10759 6719 10885 7299 10583 7365
0 15362 7586 15362 7124 15759 7124 15759 7586
0 1396 7636 1786 7636 1786 8106 1396 8106
0 1852 2540 2386 2540 2386 2882 1852 2882
1 15172 12292 15714 12292 15714 12626 15172 12626
0 9648 7590 10195 7509 10243 7830 9696 7911
0 12916 4288 13204 4092 13493 4517 13205 4713
0 12041 5651 12468 5443 12632 5780 12205 5988
0 1466 3289 1845 3209 1940 3657 1561 3737
0 5060 1734 5562 1633 5631 1973 5129 2074
0 10128 3019 10538 2844 10694 3209 10284 3384
0 4021 2553 4536 2443 4605 2767 4090 2877
1 12033 4676 12665 4370 12773 4592 12141 4898
0 2722 2022 3086 1988 3129 2454 2765 2488
0 10915 7926 11296 7756 11463 8130 11082 8300
0 14476 13100 15018 13100 15018 13410 14476 13410
0 6803 9860 7239 9860 7239 10238 6803 10238
0 10056 9423 10528 9318 10602 9650 10130 9755
0 12292 12288 12666 12288 12666 12714 12292 12714
0 4608 2392 4969 2304 5069 2716 4708 2804
0 1292 4796 1810 4796 1810 5098 1292 5098
0 3173 2948 3534 2905 3585 3332 3224 3375
1 11662 6323 11901 6209 12156 6741 11917 6855
1 15204 13040 15778 13040 15778 13310 15204 13310
0 14202 7321 14511 7220 14659 7673 14350 7774
0 3076 9036 3946 9036 3946 9214 3076 9214
0 11072 10919 11358 10861 11464 11381 11178 11439
0 13859 7360 14167 7269 14298 7714 13990 7805
0 5124 8196 5618 8196 5618 8496 5124 8496
0 15705 12707 16183 12707 16183 13009 15705 13009
0 2412 2676 2778 2676 2778 3070 2412 3070
0 5972 13788 6378 13788 6378 14130 5972 14130
0 3147 2052 3513 2052 3513 2417 3147 2417
0 1788 6796 2144 6796 2144 7166 1788 7166
1 2476 12732 2890 12732 2890 13050 2476 13050
0 7247 6715 7261 6429 7710 6451 7696 6737
0 5120 11902 5120 11252 5314 11252 5314 11902
0 7196 13796 7826 13796 7826 13986 7196 13986
0 1420 8108 1786 8108 1786 8418 1420 8418
0 15020 13220 15358 13220 15358 13554 15020 13554
0 7780 6676 8190 6676 8190 6944 7780 6944
0 15787 13051 16065 13051 16065 13409 15787 13409
0 6713 6359 6762 6024 7050 6066 7001 6401
0 3478 2002 3729 1981 3760 2358 3509 2379
0 12596 2832 12978 2832 12978 3070 12596 3070
0 2046 13107 2429 13077 2447 13302 2064 13332
1 11138 13495 11391 13441 11461 13767 11208 13821
0 3876 4100 4506 4100 4506 4234 3876 4234
0 15362 8476 15590 8476 15590 8832 15362 8832
0 8204 8020 8662 8020 8662 8190 8204 8190
0 12100 3764 12286 3764 12286 4176 12100 4176
0 5251 13310 5251 13156 5705 13156 5705 13310
0 1932 9220 2274 9220 2274 9418 1932 9418
0 12700 4100 13134 4100 13134 4242 12700 4242
0 15362 8220 15543 8220 15543 8489 15362 8489
0 2020 10108 2394 10108 2394 10238 2020 10238
0 14084 13540 14426 13540 14426 13682 14084 13682
0 10060 12449 10543 12366 10559 12460 10076 12543
0 12124 9316 12286 9316 12286 9530 12124 9530
0 13204 7452 13310 7452 13310 7758 13204 7758
0 1340 6084 1704 6084 1704 6142 1340 6142
0 15411 6142 15411 6068 15657 6068 15657 6142
0 12220 7428 12286 7428 12286 7692 12220 7692
0 10164 9892 10238 9892 10238 10074 10164 10074
0 6940 4052 7166 4052 7166 4094 6940 4094
0 7172 5084 7450 5084 7450 5118 7172 5118
0 8156 12172 8190 12172 8190 12390 8156 12390
