0 0.757812 0.296875 0.757812 0.301562 0.75625 0.303125 0.751562 0.303125 0.75 0.304688 0.7375 0.304688 0.735937 0.30625 0.728125 0.30625 0.726562 0.307813 0.720312 0.307813 0.71875 0.309375 0.714063 0.309375 0.7125 0.310937 0.70625 0.310937 0.704687 0.3125 0.696875 0.3125 0.695312 0.314063 0.6875 0.314063 0.685938 0.315625 0.679688 0.315625 0.678125 0.317187 0.667188 0.317187 0.665625 0.31875 0.65625 0.31875 0.654688 0.320312 0.646875 0.320312 0.645312 0.321875 0.639063 0.321875 0.6375 0.323438 0.628125 0.323438 0.626562 0.325 0.617188 0.325 0.615625 0.326562 0.607813 0.326562 0.60625 0.328125 0.6 0.328125 0.598437 0.329688 0.592188 0.329688 0.590625 0.33125 0.582812 0.33125 0.58125 0.332812 0.571875 0.332812 0.570312 0.334375 0.565625 0.334375 0.564062 0.335938 0.560938 0.335938 0.559375 0.3375 0.553125 0.3375 0.553125 0.3875 0.557813 0.3875 0.560938 0.390625 0.560938 0.392188 0.5625 0.39375 0.5625 0.396875 0.564062 0.398438 0.564062 0.404687 0.565625 0.40625 0.565625 0.4125 0.567187 0.414062 0.567187 0.41875 0.56875 0.420312 0.56875 0.429688 0.570312 0.43125 0.570312 0.44375 0.571875 0.445312 0.571875 0.453125 0.573438 0.454688 0.573438 0.460938 0.575 0.4625 0.575 0.467187 0.576563 0.46875 0.576563 0.476562 0.578125 0.478125 0.578125 0.484375 0.579687 0.485938 0.579687 0.490625 0.58125 0.492188 0.58125 0.498437 0.582812 0.5 0.582812 0.504687 0.5875 0.509375 0.5875 0.514063 0.598437 0.514063 0.598437 0.509375 0.6 0.507812 0.603125 0.507812 0.604688 0.50625 0.6125 0.50625 0.614062 0.504687 0.621875 0.504687 0.623438 0.503125 0.63125 0.503125 0.632812 0.501562 0.640625 0.501562 0.642187 0.5 0.65 0.5 0.651563 0.498437 0.664062 0.498437 0.665625 0.496875 0.676562 0.496875 0.678125 0.495313 0.684375 0.495313 0.685938 0.49375 0.692187 0.49375 0.69375 0.492188 0.701563 0.492188 0.703125 0.490625 0.707812 0.490625 0.709375 0.489062 0.7125 0.489062 0.714063 0.4875 0.71875 0.4875 0.720312 0.485938 0.723437 0.485938 0.725 0.484375 0.729688 0.484375 0.73125 0.482812 0.739062 0.482812 0.740625 0.48125 0.759375 0.48125 0.760938 0.479688 0.771875 0.479688 0.773438 0.478125 0.779688 0.478125 0.78125 0.476562 0.785937 0.476562 0.7875 0.475 0.792188 0.475 0.79375 0.473437 0.801562 0.473437 0.803125 0.471875 0.810938 0.471875 0.8125 0.470313 0.825 0.470313 0.826563 0.46875 0.840625 0.46875 0.842188 0.467187 0.848437 0.467187 0.85 0.465625 0.857813 0.465625 0.859375 0.464063 0.864062 0.464063 0.86875 0.459375 0.86875 0.454688 0.870313 0.453125 0.870313 0.451562 0.86875 0.45 0.86875 0.432813 0.867188 0.43125 0.867188 0.41875 0.865625 0.417188 0.865625 0.40625 0.864062 0.404687 0.864062 0.398438 0.8625 0.396875 0.8625 0.395312 0.860937 0.39375 0.860937 0.390625 0.859375 0.389062 0.859375 0.3875 0.857813 0.385938 0.857813 0.384375 0.854688 0.38125 0.854688 0.379687 0.853125 0.378125 0.853125 0.376563 0.846875 0.370313 0.846875 0.367188 0.845312 0.365625 0.845312 0.364062 0.84375 0.3625 0.84375 0.360938 0.842188 0.359375 0.842188 0.35625 0.840625 0.354688 0.840625 0.348437 0.839063 0.346875 0.839063 0.340625 0.8375 0.339063 0.8375 0.334375 0.835938 0.332812 0.835938 0.328125 0.834375 0.326562 0.834375 0.323438 0.832812 0.321875 0.832812 0.315625 0.83125 0.314063 0.83125 0.309375 0.829687 0.307813 0.829687 0.304688 0.828125 0.303125 0.828125 0.296875 0.982462
0 0.7625 0.703125 0.7625 0.707812 0.765625 0.707812 0.765625 0.703125 0.7625 0.703125 0.75625 0.682813 0.757812 0.68125 0.784375 0.68125 0.785937 0.679688 0.79375 0.679688 0.795313 0.678125 0.80625 0.678125 0.807813 0.676562 0.810938 0.676562 0.8125 0.675 0.815625 0.675 0.817187 0.673437 0.81875 0.673437 0.820312 0.671875 0.823438 0.671875 0.825 0.670313 0.83125 0.670313 0.832812 0.66875 0.840625 0.66875 0.842188 0.667188 0.846875 0.667188 0.848437 0.665625 0.859375 0.665625 0.860937 0.664062 0.865625 0.664062 0.867188 0.6625 0.86875 0.6625 0.870313 0.660937 0.875 0.660937 0.876562 0.659375 0.88125 0.659375 0.882812 0.657812 0.885938 0.657812 0.8875 0.65625 0.889063 0.65625 0.890625 0.654688 0.892187 0.654688 0.89375 0.653125 0.896875 0.653125 0.898438 0.651563 0.901563 0.651563 0.903125 0.65 0.90625 0.65 0.907812 0.648438 0.909375 0.648438 0.9125 0.645312 0.914062 0.645312 0.915625 0.64375 0.920313 0.64375 0.920313 0.592188 0.915625 0.592188 0.914062 0.590625 0.914062 0.589063 0.9125 0.5875 0.9125 0.582812 0.910937 0.58125 0.910937 0.578125 0.909375 0.576563 0.909375 0.571875 0.907812 0.570312 0.907812 0.56875 0.904688 0.565625 0.904688 0.564062 0.9 0.559375 0.9 0.557813 0.898438 0.55625 0.898438 0.554688 0.896875 0.553125 0.896875 0.548437 0.895312 0.546875 0.895312 0.53125 0.89375 0.529688 0.89375 0.521875 0.892187 0.520312 0.892187 0.517187 0.890625 0.515625 0.890625 0.509375 0.889063 0.507812 0.889063 0.496875 0.8875 0.495313 0.8875 0.489062 0.885938 0.4875 0.885938 0.484375 0.882812 0.48125 0.882812 0.479688 0.879687 0.476562 0.879687 0.471875 0.809375 0.471875 0.809375 0.476562 0.807813 0.478125 0.80625 0.478125 0.804688 0.479688 0.8 0.479688 0.798437 0.48125 0.790625 0.48125 0.789062 0.482812 0.779688 0.482812 0.778125 0.484375 0.771875 0.484375 0.770312 0.485938 0.764063 0.485938 0.7625 0.4875 0.75625 0.4875 0.754687 0.489062 0.748438 0.489062 0.746875 0.490625 0.74375 0.490625 0.742188 0.492188 0.739062 0.492188 0.7375 0.49375 0.735937 0.49375 0.734375 0.495313 0.73125 0.495313 0.729688 0.496875 0.726562 0.496875 0.725 0.498437 0.720312 0.498437 0.71875 0.5 0.715625 0.5 0.714063 0.501562 0.7125 0.501562 0.710938 0.503125 0.707812 0.503125 0.70625 0.504687 0.703125 0.504687 0.701563 0.50625 0.695312 0.50625 0.69375 0.507812 0.6875 0.507812 0.685938 0.509375 0.68125 0.509375 0.679688 0.510938 0.664062 0.510938 0.6625 0.5125 0.65 0.5125 0.648438 0.514063 0.640625 0.514063 0.639063 0.515625 0.634375 0.515625 0.632812 0.517187 0.623438 0.517187 0.621875 0.51875 0.610937 0.51875 0.609375 0.520312 0.603125 0.520312 0.601562 0.521875 0.596875 0.521875 0.596875 0.61875 0.601562 0.61875 0.603125 0.620313 0.603125 0.625 0.604688 0.626562 0.604688 0.635938 0.60625 0.6375 0.60625 0.646875 0.607813 0.648438 0.607813 0.659375 0.609375 0.660937 0.609375 0.66875 0.610937 0.670313 0.610937 0.675 0.6125 0.676562 0.6125 0.68125 0.614062 0.682813 0.614062 0.689062 0.615625 0.690625 0.615625 0.692187 0.617188 0.69375 0.617188 0.695312 0.61875 0.695312 0.620313 0.696875 0.621875 0.696875 0.623438 0.698438 0.651563 0.698438 0.653125 0.696875 0.659375 0.696875 0.660937 0.695312 0.667188 0.695312 0.66875 0.69375 0.675 0.69375 0.676562 0.692187 0.685938 0.692187 0.6875 0.690625 0.703125 0.690625 0.704687 0.689062 0.714063 0.689062 0.715625 0.6875 0.73125 0.6875 0.732813 0.685938 0.742188 0.685938 0.74375 0.684375 0.75 0.684375 0.751562 0.682813 0.75625 0.682813 0.973236
0 0.009375 0.003125 0.009375 0.0078125 0.0078125 0.009375 0.003125 0.009375 0.003125 0.29375 0.025 0.29375 0.0265625 0.295312 0.028125 0.295312 0.0359375 0.303125 0.0390625 0.303125 0.040625 0.304688 0.0796875 0.304688 0.08125 0.303125 0.096875 0.303125 0.0984375 0.304688 0.103125 0.304688 0.104687 0.30625 0.110937 0.30625 0.1125 0.307813 0.115625 0.307813 0.117188 0.309375 0.117188 0.314063 0.132812 0.314063 0.132812 0.309375 0.134375 0.307813 0.1375 0.307813 0.139062 0.30625 0.14375 0.30625 0.145313 0.304688 0.15 0.304688 0.151562 0.303125 0.153125 0.303125 0.154687 0.301562 0.157813 0.301562 0.159375 0.3 0.160938 0.3 0.164062 0.296875 0.165625 0.296875 0.167187 0.295312 0.167187 0.29375 0.170312 0.290625 0.176563 0.290625 0.176563 0.239063 0.171875 0.239063 0.170312 0.2375 0.170312 0.234375 0.16875 0.232812 0.16875 0.226562 0.167187 0.225 0.167187 0.217187 0.165625 0.215625 0.165625 0.201562 0.164062 0.2 0.164062 0.195312 0.1625 0.19375 0.1625 0.192188 0.160938 0.190625 0.160938 0.189063 0.15625 0.184375 0.154687 0.184375 0.153125 0.182812 0.151562 0.182812 0.15 0.18125 0.148438 0.18125 0.146875 0.179688 0.142188 0.179688 0.1375 0.175 0.1375 0.173438 0.135937 0.171875 0.135937 0.159375 0.134375 0.157813 0.134375 0.151562 0.132812 0.15 0.132812 0.145313 0.13125 0.14375 0.13125 0.140625 0.129688 0.139062 0.129688 0.1375 0.128125 0.135937 0.128125 0.132812 0.126563 0.13125 0.126563 0.129688 0.125 0.128125 0.125 0.126563 0.123438 0.125 0.123438 0.123438 0.121875 0.121875 0.121875 0.117188 0.120312 0.115625 0.120312 0.114063 0.121875 0.1125 0.121875 0.075 0.120312 0.0734375 0.120312 0.0625 0.11875 0.0609375 0.11875 0.05625 0.117188 0.0546875 0.117188 0.046875 0.115625 0.0453125 0.115625 0.0375 0.114063 0.0359375 0.114063 0.0296875 0.1125 0.028125 0.1125 0.003125 0.960774
0 0.520312 0.903125 0.520312 0.909375 0.51875 0.910937 0.51875 0.9125 0.517187 0.914062 0.517187 0.915625 0.515625 0.917188 0.515625 0.91875 0.501562 0.932813 0.501562 0.934375 0.5 0.935938 0.5 0.939062 0.498437 0.940625 0.498437 0.960938 0.496875 0.9625 0.496875 0.967188 0.495313 0.96875 0.490625 0.96875 0.490625 0.998438 0.870313 0.998438 0.870313 0.979688 0.865625 0.979688 0.8625 0.976562 0.8625 0.975 0.860937 0.973437 0.860937 0.971875 0.859375 0.970312 0.859375 0.967188 0.857813 0.965625 0.857813 0.9625 0.853125 0.957812 0.853125 0.954687 0.851562 0.953125 0.851562 0.951563 0.845312 0.945312 0.840625 0.945312 0.839063 0.94375 0.8375 0.94375 0.834375 0.940625 0.829687 0.940625 0.828125 0.939062 0.78125 0.939062 0.779688 0.940625 0.776563 0.940625 0.775 0.942187 0.771875 0.942187 0.770312 0.940625 0.770312 0.939062 0.767187 0.935938 0.767187 0.934375 0.764063 0.93125 0.764063 0.929688 0.7625 0.928125 0.7625 0.926562 0.760938 0.925 0.760938 0.921875 0.759375 0.920313 0.757812 0.920313 0.753125 0.915625 0.751562 0.915625 0.75 0.914062 0.745313 0.914062 0.74375 0.9125 0.735937 0.9125 0.734375 0.910937 0.696875 0.910937 0.695312 0.909375 0.690625 0.909375 0.689062 0.907812 0.689062 0.903125 0.960097
0 0.454688 0.878125 0.457812 0.878125 0.459375 0.879687 0.467187 0.879687 0.46875 0.88125 0.476562 0.88125 0.478125 0.882812 0.482812 0.882812 0.482812 0.871875 0.45 0.871875 0.45 0.876562 0.453125 0.876562 0.454688 0.878125 0.45 0.89375 0.442187 0.89375 0.440625 0.892187 0.421875 0.892187 0.420312 0.890625 0.4125 0.890625 0.410937 0.889063 0.40625 0.889063 0.404687 0.8875 0.382812 0.8875 0.38125 0.885938 0.298438 0.885938 0.296875 0.884375 0.289062 0.884375 0.2875 0.882812 0.279687 0.882812 0.278125 0.88125 0.264062 0.88125 0.2625 0.879687 0.25 0.879687 0.248437 0.88125 0.24375 0.88125 0.242188 0.882812 0.2375 0.882812 0.235938 0.884375 0.226562 0.884375 0.225 0.882812 0.223438 0.882812 0.21875 0.878125 0.21875 0.871875 0.135937 0.871875 0.135937 0.879687 0.134375 0.88125 0.134375 0.882812 0.132812 0.884375 0.128125 0.884375 0.128125 0.998438 0.457812 0.998438 0.457812 0.9875 0.459375 0.985937 0.459375 0.982813 0.465625 0.976562 0.467187 0.976562 0.46875 0.975 0.470313 0.975 0.473437 0.971875 0.473437 0.96875 0.475 0.967188 0.475 0.964063 0.476562 0.9625 0.476562 0.95625 0.478125 0.954687 0.482812 0.954687 0.482812 0.903125 0.476562 0.903125 0.475 0.901563 0.471875 0.901563 0.470313 0.9 0.464063 0.9 0.4625 0.898438 0.459375 0.898438 0.457812 0.896875 0.454688 0.896875 0.453125 0.895312 0.451562 0.895312 0.45 0.89375 0.94317
0 0.53125 0.515625 0.53125 0.520312 0.529688 0.521875 0.528125 0.521875 0.526563 0.523438 0.521875 0.523438 0.520312 0.525 0.515625 0.525 0.514063 0.526563 0.509375 0.526563 0.507812 0.528125 0.503125 0.528125 0.501562 0.529688 0.495313 0.529688 0.49375 0.53125 0.484375 0.53125 0.482812 0.532812 0.476562 0.532812 0.475 0.534375 0.471875 0.534375 0.470313 0.535937 0.467187 0.535937 0.465625 0.5375 0.460938 0.5375 0.459375 0.539062 0.439063 0.539062 0.4375 0.540625 0.432813 0.540625 0.43125 0.542188 0.425 0.542188 0.423438 0.54375 0.415625 0.54375 0.414062 0.545313 0.407813 0.545313 0.40625 0.546875 0.401563 0.546875 0.4 0.548437 0.396875 0.548437 0.395312 0.55 0.390625 0.55 0.389062 0.551562 0.384375 0.551562 0.382812 0.553125 0.378125 0.553125 0.376563 0.554688 0.370313 0.554688 0.36875 0.55625 0.359375 0.55625 0.357812 0.557813 0.348437 0.557813 0.346875 0.559375 0.342187 0.559375 0.340625 0.560938 0.3375 0.560938 0.335938 0.5625 0.33125 0.5625 0.329688 0.564062 0.326562 0.564062 0.325 0.565625 0.321875 0.565625 0.320312 0.567187 0.315625 0.567187 0.314063 0.56875 0.310937 0.56875 0.309375 0.570312 0.303125 0.570312 0.303125 0.640625 0.307813 0.640625 0.309375 0.642187 0.309375 0.64375 0.310937 0.645312 0.310937 0.653125 0.3125 0.654688 0.3125 0.676562 0.314063 0.678125 0.314063 0.692187 0.315625 0.69375 0.315625 0.7 0.317187 0.701563 0.317187 0.707812 0.31875 0.709375 0.31875 0.715625 0.320312 0.717188 0.320312 0.725 0.321875 0.726562 0.321875 0.732813 0.323438 0.734375 0.323438 0.7375 0.325 0.739062 0.325 0.740625 0.326562 0.742188 0.326562 0.74375 0.328125 0.745313 0.329688 0.745313 0.332812 0.748438 0.335938 0.748438 0.3375 0.75 0.339063 0.75 0.340625 0.751562 0.351562 0.751562 0.353125 0.75 0.360938 0.75 0.3625 0.748438 0.375 0.748438 0.376563 0.746875 0.390625 0.746875 0.392188 0.745313 0.4 0.745313 0.401563 0.74375 0.40625 0.74375 0.407813 0.742188 0.4125 0.742188 0.414062 0.740625 0.421875 0.740625 0.423438 0.739062 0.429688 0.739062 0.43125 0.7375 0.435937 0.7375 0.4375 0.735937 0.44375 0.735937 0.445312 0.734375 0.448438 0.734375 0.45 0.732813 0.453125 0.732813 0.454688 0.73125 0.45625 0.73125 0.457812 0.729688 0.459375 0.729688 0.464063 0.734375 0.465625 0.734375 0.467187 0.735937 0.46875 0.735937 0.470313 0.7375 0.479688 0.7375 0.48125 0.735937 0.489062 0.735937 0.490625 0.734375 0.5 0.734375 0.501562 0.732813 0.510938 0.732813 0.5125 0.73125 0.51875 0.73125 0.520312 0.729688 0.528125 0.729688 0.529688 0.728125 0.532812 0.728125 0.534375 0.726562 0.539062 0.726562 0.540625 0.725 0.542188 0.725 0.54375 0.723437 0.545313 0.723437 0.546875 0.721875 0.551562 0.721875 0.553125 0.720312 0.55625 0.720312 0.557813 0.71875 0.5625 0.71875 0.564062 0.717188 0.565625 0.717188 0.567187 0.715625 0.570312 0.715625 0.571875 0.714063 0.573438 0.715625 0.590625 0.715625 0.592188 0.714063 0.59375 0.714063 0.595312 0.7125 0.596875 0.7125 0.596875 0.710938 0.598437 0.709375 0.6 0.709375 0.607813 0.701563 0.614062 0.701563 0.614062 0.678125 0.609375 0.678125 0.607813 0.676562 0.607813 0.675 0.60625 0.673437 0.60625 0.66875 0.604688 0.667188 0.604688 0.65625 0.603125 0.654688 0.603125 0.645312 0.601562 0.64375 0.601562 0.639063 0.6 0.6375 0.6 0.629687 0.598437 0.628125 0.598437 0.617188 0.596875 0.615625 0.596875 0.610937 0.595312 0.609375 0.595312 0.604688 0.59375 0.603125 0.59375 0.595312 0.592188 0.59375 0.592188 0.584375 0.590625 0.582812 0.590625 0.578125 0.589063 0.576563 0.589063 0.571875 0.5875 0.570312 0.5875 0.565625 0.585938 0.564062 0.585938 0.55625 0.584375 0.554688 0.584375 0.548437 0.582812 0.546875 0.582812 0.54375 0.58125 0.542188 0.58125 0.5375 0.579687 0.535937 0.579687 0.528125 0.578125 0.526563 0.578125 0.523438 0.576563 0.521875 0.576563 0.515625 0.929217
0 0.003125 0.309375 0.003125 0.46875 0.0234375 0.46875 0.025 0.470313 0.0453125 0.470313 0.046875 0.471875 0.05625 0.471875 0.0578125 0.473437 0.0921875 0.473437 0.09375 0.475 0.139062 0.475 0.140625 0.476562 0.154687 0.476562 0.157813 0.479688 0.159375 0.479688 0.160938 0.48125 0.179688 0.48125 0.18125 0.479688 0.184375 0.479688 0.185937 0.478125 0.1875 0.478125 0.19375 0.471875 0.19375 0.470313 0.196875 0.467187 0.196875 0.464063 0.198437 0.4625 0.198437 0.460938 0.2 0.459375 0.2 0.457812 0.201562 0.45625 0.201562 0.454688 0.203125 0.453125 0.203125 0.45 0.204688 0.448438 0.204688 0.44375 0.20625 0.442187 0.20625 0.435937 0.207813 0.434375 0.207813 0.426562 0.209375 0.425 0.214062 0.425 0.214062 0.414062 0.209375 0.414062 0.207813 0.4125 0.207813 0.407813 0.20625 0.40625 0.20625 0.401563 0.204688 0.4 0.204688 0.396875 0.203125 0.395312 0.203125 0.392188 0.201562 0.390625 0.201562 0.3875 0.2 0.385938 0.2 0.384375 0.198437 0.382812 0.198437 0.360938 0.196875 0.359375 0.196875 0.3375 0.198437 0.335938 0.198437 0.328125 0.196875 0.326562 0.196875 0.323438 0.19375 0.320312 0.189063 0.320312 0.1875 0.31875 0.159375 0.31875 0.157813 0.317187 0.13125 0.317187 0.129688 0.315625 0.123438 0.315625 0.121875 0.314063 0.121875 0.309375 0.928794
0 0.55625 0.903125 0.55625 0.907812 0.584375 0.907812 0.584375 0.903125 0.55625 0.903125 0.30625 0.8875 0.307813 0.889063 0.309375 0.889063 0.310937 0.8875 0.373437 0.8875 0.375 0.889063 0.395312 0.889063 0.296875 0.860937 0.301562 0.860937 0.303125 0.859375 0.303125 0.857813 0.30625 0.854688 0.30625 0.853125 0.307813 0.851562 0.309375 0.851562 0.310937 0.85 0.314063 0.85 0.315625 0.848437 0.317187 0.848437 0.31875 0.846875 0.321875 0.846875 0.326562 0.842188 0.328125 0.842188 0.332812 0.8375 0.334375 0.8375 0.335938 0.835938 0.339063 0.835938 0.34375 0.83125 0.34375 0.829687 0.353125 0.820312 0.354688 0.820312 0.35625 0.81875 0.365625 0.81875 0.370313 0.823438 0.370313 0.825 0.371875 0.826563 0.375 0.826563 0.376563 0.828125 0.378125 0.828125 0.379687 0.829687 0.38125 0.829687 0.384375 0.832812 0.385938 0.832812 0.3875 0.834375 0.389062 0.834375 0.395312 0.840625 0.404687 0.840625 0.40625 0.842188 0.409375 0.842188 0.4125 0.845312 0.414062 0.845312 0.415625 0.846875 0.417188 0.846875 0.41875 0.848437 0.420312 0.848437 0.421875 0.85 0.426562 0.85 0.428125 0.851562 0.429688 0.851562 0.43125 0.853125 0.432813 0.853125 0.439063 0.859375 0.439063 0.860937 0.442187 0.864062 0.442187 0.865625 0.44375 0.867188 0.44375 0.86875 0.448438 0.873438 0.45 0.873438 0.451562 0.875 0.453125 0.875 0.454688 0.876562 0.45625 0.876562 0.457812 0.878125 0.4625 0.878125 0.464063 0.879687 0.470313 0.879687 0.471875 0.88125 0.48125 0.88125 0.482812 0.882812 0.484375 0.882812 0.485938 0.884375 0.489062 0.884375 0.490625 0.885938 0.492188 0.885938 0.49375 0.8875 0.529688 0.8875 0.53125 0.889063 0.584375 0.889063 0.585938 0.8875 0.60625 0.8875 0.607813 0.885938 0.64375 0.885938 0.645312 0.8875 0.651563 0.8875 0.653125 0.889063 0.664062 0.889063 0.665625 0.890625 0.690625 0.890625 0.692187 0.892187 0.725 0.892187 0.726562 0.89375 0.757812 0.89375 0.759375 0.895312 0.795313 0.895312 0.796875 0.896875 0.835938 0.896875 0.8375 0.898438 0.873438 0.898438 0.875 0.9 0.879687 0.9 0.882812 0.903125 0.882812 0.907812 0.998438 0.907812 0.998438 0.839063 0.996875 0.839063 0.992188 0.834375 0.992188 0.832812 0.9875 0.828125 0.9875 0.826563 0.985937 0.825 0.985937 0.823438 0.984375 0.821875 0.984375 0.820312 0.98125 0.817187 0.98125 0.815625 0.979688 0.814062 0.979688 0.8125 0.978125 0.810938 0.978125 0.809375 0.975 0.80625 0.975 0.804688 0.973437 0.803125 0.973437 0.798437 0.971875 0.796875 0.971875 0.785937 0.970312 0.784375 0.970312 0.7625 0.96875 0.760938 0.96875 0.73125 0.967188 0.729688 0.967188 0.721875 0.965625 0.720312 0.965625 0.709375 0.870313 0.709375 0.870313 0.714063 0.86875 0.715625 0.864062 0.715625 0.8625 0.717188 0.840625 0.717188 0.839063 0.71875 0.83125 0.71875 0.829687 0.720312 0.828125 0.720312 0.826563 0.721875 0.821875 0.721875 0.820312 0.723437 0.8125 0.723437 0.810938 0.725 0.795313 0.725 0.79375 0.726562 0.782812 0.726562 0.78125 0.728125 0.776563 0.728125 0.775 0.729688 0.767187 0.729688 0.765625 0.73125 0.757812 0.73125 0.75625 0.732813 0.745313 0.732813 0.74375 0.734375 0.735937 0.734375 0.734375 0.735937 0.721875 0.735937 0.720312 0.7375 0.707812 0.7375 0.70625 0.739062 0.696875 0.739062 0.695312 0.740625 0.692187 0.740625 0.690625 0.742188 0.685938 0.742188 0.684375 0.74375 0.678125 0.74375 0.676562 0.745313 0.660937 0.745313 0.659375 0.746875 0.648438 0.746875 0.646875 0.748438 0.632812 0.748438 0.63125 0.746875 0.626562 0.746875 0.623438 0.74375 0.621875 0.74375 0.61875 0.740625 0.615625 0.740625 0.614062 0.739062 0.598437 0.739062 0.596875 0.740625 0.589063 0.740625 0.5875 0.742188 0.579687 0.742188 0.578125 0.74375 0.573438 0.74375 0.571875 0.745313 0.56875 0.745313 0.567187 0.746875 0.564062 0.746875 0.5625 0.748438 0.559375 0.748438 0.557813 0.75 0.553125 0.75 0.551562 0.751562 0.546875 0.751562 0.545313 0.753125 0.540625 0.753125 0.539062 0.754687 0.534375 0.754687 0.532812 0.75625 0.515625 0.75625 0.514063 0.757812 0.504687 0.757812 0.503125 0.759375 0.496875 0.759375 0.495313 0.760938 0.489062 0.760938 0.4875 0.7625 0.479688 0.7625 0.478125 0.764063 0.45625 0.764063 0.454688 0.765625 0.448438 0.765625 0.446875 0.767187 0.442187 0.767187 0.440625 0.76875 0.434375 0.76875 0.432813 0.770312 0.426562 0.770312 0.425 0.771875 0.41875 0.771875 0.417188 0.773438 0.4125 0.773438 0.410937 0.775 0.404687 0.775 0.403125 0.776563 0.395312 0.776563 0.39375 0.778125 0.385938 0.778125 0.384375 0.779688 0.38125 0.779688 0.379687 0.78125 0.376563 0.78125 0.375 0.782812 0.370313 0.782812 0.36875 0.784375 0.360938 0.784375 0.359375 0.785937 0.342187 0.785937 0.340625 0.7875 0.332812 0.7875 0.33125 0.789062 0.326562 0.789062 0.325 0.790625 0.307813 0.790625 0.30625 0.792188 0.304688 0.792188 0.303125 0.79375 0.296875 0.79375 0.296875 0.860937 0.395312 0.889063 0.396875 0.890625 0.401563 0.890625 0.403125 0.892187 0.40625 0.892187 0.407813 0.89375 0.4125 0.89375 0.414062 0.895312 0.423438 0.895312 0.425 0.896875 0.434375 0.896875 0.432813 0.898438 0.43125 0.898438 0.426562 0.903125 0.426562 0.907812 0.296875 0.907812 0.296875 0.8875 0.30625 0.8875 0.914017
0 0.046875 0.640625 0.046875 0.751562 0.0515625 0.751562 0.0578125 0.757812 0.059375 0.757812 0.0609375 0.759375 0.0625 0.759375 0.0640625 0.760938 0.0703125 0.760938 0.071875 0.7625 0.084375 0.7625 0.0859375 0.764063 0.101562 0.764063 0.103125 0.765625 0.120312 0.765625 0.121875 0.764063 0.132812 0.764063 0.134375 0.765625 0.139062 0.765625 0.140625 0.767187 0.14375 0.767187 0.145313 0.76875 0.148438 0.76875 0.15 0.770312 0.154687 0.770312 0.15625 0.771875 0.1625 0.771875 0.164062 0.773438 0.171875 0.773438 0.173438 0.775 0.189063 0.775 0.190625 0.776563 0.196875 0.776563 0.198437 0.778125 0.203125 0.778125 0.204688 0.779688 0.207813 0.779688 0.209375 0.78125 0.2125 0.78125 0.214062 0.782812 0.215625 0.782812 0.217187 0.784375 0.217187 0.789062 0.2375 0.789062 0.2375 0.784375 0.240625 0.78125 0.242188 0.78125 0.24375 0.779688 0.245312 0.779688 0.253125 0.771875 0.257812 0.771875 0.257812 0.748438 0.253125 0.748438 0.251563 0.746875 0.251563 0.745313 0.25 0.74375 0.25 0.740625 0.248437 0.739062 0.248437 0.73125 0.246875 0.729688 0.246875 0.704687 0.248437 0.703125 0.248437 0.696875 0.25 0.695312 0.25 0.68125 0.248437 0.679688 0.248437 0.65625 0.246875 0.654688 0.245312 0.654688 0.24375 0.653125 0.2375 0.653125 0.235938 0.651563 0.225 0.651563 0.223438 0.65 0.207813 0.65 0.20625 0.648438 0.179688 0.648438 0.178125 0.646875 0.175 0.646875 0.173438 0.648438 0.170312 0.648438 0.16875 0.646875 0.15 0.646875 0.148438 0.645312 0.148438 0.640625 0.894772
0 0.003125 0.640625 0.003125 0.757812 0.034375 0.757812 0.034375 0.753125 0.0359375 0.751562 0.0359375 0.75 0.0390625 0.746875 0.0390625 0.740625 0.040625 0.739062 0.040625 0.707812 0.0421875 0.70625 0.0421875 0.682813 0.04375 0.68125 0.04375 0.670313 0.0453125 0.66875 0.0453125 0.657812 0.04375 0.65625 0.04375 0.651563 0.0421875 0.65 0.0421875 0.646875 0.040625 0.645312 0.040625 0.640625 0.821027
