0 0.734375 0.046875 0.734375 0.053125 0.732813 0.0546875 0.73125 0.0546875 0.729688 0.05625 0.728125 0.05625 0.726562 0.0578125 0.725 0.0578125 0.723437 0.059375 0.721875 0.059375 0.720312 0.0609375 0.71875 0.0609375 0.717188 0.0625 0.7125 0.0625 0.710938 0.0640625 0.707812 0.0640625 0.70625 0.065625 0.704687 0.065625 0.703125 0.0671875 0.701563 0.0671875 0.7 0.06875 0.698438 0.06875 0.696875 0.0703125 0.695312 0.0703125 0.69375 0.071875 0.692187 0.071875 0.690625 0.0734375 0.689062 0.0734375 0.6875 0.075 0.684375 0.075 0.682813 0.0765625 0.679688 0.0765625 0.678125 0.078125 0.676562 0.078125 0.673437 0.08125 0.670313 0.08125 0.66875 0.0828125 0.665625 0.0828125 0.6625 0.0859375 0.659375 0.0859375 0.657812 0.0875 0.654688 0.0875 0.653125 0.0890625 0.65 0.0890625 0.648438 0.090625 0.646875 0.090625 0.64375 0.09375 0.640625 0.09375 0.639063 0.0953125 0.6375 0.0953125 0.635938 0.096875 0.634375 0.096875 0.632812 0.0984375 0.63125 0.0984375 0.629687 0.1 0.626562 0.1 0.625 0.101562 0.621875 0.101562 0.620313 0.103125 0.61875 0.103125 0.617188 0.104687 0.615625 0.104687 0.614062 0.10625 0.610937 0.10625 0.609375 0.107813 0.607813 0.107813 0.60625 0.109375 0.603125 0.109375 0.598437 0.114063 0.596875 0.114063 0.595312 0.115625 0.590625 0.115625 0.590625 0.135937 0.595312 0.135937 0.598437 0.139062 0.598437 0.140625 0.6 0.142188 0.6 0.145313 0.601562 0.146875 0.601562 0.15 0.603125 0.151562 0.603125 0.153125 0.604688 0.154687 0.604688 0.15625 0.60625 0.157813 0.60625 0.159375 0.607813 0.160938 0.607813 0.1625 0.609375 0.164062 0.609375 0.165625 0.610937 0.167187 0.610937 0.16875 0.6125 0.170312 0.6125 0.18125 0.614062 0.182812 0.614062 0.195312 0.615625 0.196875 0.615625 0.198437 0.617188 0.2 0.617188 0.201562 0.61875 0.203125 0.61875 0.204688 0.620313 0.20625 0.620313 0.207813 0.621875 0.209375 0.621875 0.210938 0.625 0.214062 0.625 0.215625 0.626562 0.217187 0.626562 0.220313 0.628125 0.221875 0.628125 0.223438 0.632812 0.228125 0.632812 0.229687 0.635938 0.232812 0.6375 0.232812 0.640625 0.235938 0.642187 0.235938 0.64375 0.2375 0.64375 0.239063 0.646875 0.242188 0.646875 0.245312 0.648438 0.246875 0.648438 0.248437 0.65 0.25 0.65 0.253125 0.651563 0.254687 0.651563 0.257812 0.653125 0.259375 0.653125 0.260938 0.654688 0.2625 0.654688 0.264062 0.65625 0.265625 0.65625 0.267188 0.657812 0.26875 0.657812 0.270312 0.659375 0.271875 0.659375 0.273438 0.660937 0.275 0.660937 0.276563 0.664062 0.279687 0.664062 0.28125 0.665625 0.282813 0.667188 0.282813 0.66875 0.284375 0.673437 0.284375 0.675 0.285937 0.684375 0.285937 0.685938 0.284375 0.6875 0.284375 0.690625 0.28125 0.695312 0.28125 0.696875 0.279687 0.701563 0.279687 0.703125 0.278125 0.704687 0.278125 0.70625 0.276563 0.707812 0.276563 0.709375 0.275 0.7125 0.275 0.714063 0.273438 0.717188 0.273438 0.71875 0.271875 0.721875 0.271875 0.725 0.26875 0.728125 0.26875 0.729688 0.267188 0.732813 0.267188 0.734375 0.265625 0.735937 0.265625 0.7375 0.264062 0.739062 0.264062 0.740625 0.2625 0.745313 0.2625 0.746875 0.260938 0.753125 0.260938 0.754687 0.259375 0.75625 0.259375 0.757812 0.257812 0.759375 0.257812 0.760938 0.25625 0.7625 0.25625 0.764063 0.254687 0.767187 0.254687 0.76875 0.253125 0.770312 0.253125 0.771875 0.251563 0.773438 0.251563 0.775 0.25 0.776563 0.25 0.778125 0.248437 0.78125 0.248437 0.784375 0.245312 0.785937 0.245312 0.7875 0.24375 0.789062 0.24375 0.790625 0.242188 0.79375 0.242188 0.796875 0.239063 0.798437 0.239063 0.8 0.2375 0.801562 0.2375 0.803125 0.235938 0.804688 0.235938 0.80625 0.234375 0.809375 0.234375 0.810938 0.232812 0.8125 0.232812 0.814062 0.23125 0.815625 0.23125 0.817187 0.229687 0.820312 0.229687 0.821875 0.228125 0.823438 0.228125 0.825 0.226562 0.826563 0.226562 0.828125 0.225 0.83125 0.225 0.832812 0.223438 0.834375 0.223438 0.835938 0.221875 0.8375 0.221875 0.8375 0.220313 0.839063 0.21875 0.845312 0.21875 0.845312 0.209375 0.840625 0.209375 0.8375 0.20625 0.8375 0.204688 0.835938 0.203125 0.835938 0.201562 0.834375 0.2 0.834375 0.198437 0.829687 0.19375 0.829687 0.192188 0.828125 0.190625 0.828125 0.1875 0.826563 0.185937 0.826563 0.182812 0.823438 0.179688 0.823438 0.178125 0.821875 0.176563 0.821875 0.173438 0.81875 0.170312 0.81875 0.16875 0.817187 0.167187 0.817187 0.165625 0.815625 0.164062 0.815625 0.1625 0.814062 0.160938 0.814062 0.159375 0.8125 0.157813 0.8125 0.15625 0.810938 0.154687 0.810938 0.153125 0.809375 0.151562 0.809375 0.148438 0.807813 0.146875 0.807813 0.145313 0.804688 0.142188 0.804688 0.139062 0.803125 0.1375 0.803125 0.134375 0.801562 0.132812 0.801562 0.129688 0.8 0.128125 0.8 0.126563 0.798437 0.125 0.798437 0.121875 0.796875 0.120312 0.796875 0.11875 0.795313 0.117188 0.795313 0.115625 0.79375 0.114063 0.79375 0.1125 0.792188 0.110937 0.792188 0.109375 0.790625 0.107813 0.790625 0.104687 0.789062 0.103125 0.789062 0.101562 0.7875 0.1 0.7875 0.0984375 0.785937 0.096875 0.785937 0.09375 0.784375 0.0921875 0.784375 0.090625 0.782812 0.0890625 0.782812 0.0875 0.78125 0.0859375 0.78125 0.084375 0.779688 0.0828125 0.779688 0.08125 0.778125 0.0796875 0.778125 0.078125 0.776563 0.0765625 0.776563 0.075 0.773438 0.071875 0.773438 0.0703125 0.771875 0.06875 0.771875 0.0671875 0.770312 0.065625 0.770312 0.0640625 0.767187 0.0609375 0.767187 0.0578125 0.765625 0.05625 0.765625 0.0546875 0.764063 0.053125 0.764063 0.046875 0.973572
0 0.003125 0.003125 0.003125 0.107813 0.009375 0.107813 0.0109375 0.10625 0.0234375 0.10625 0.025 0.104687 0.040625 0.104687 0.0421875 0.103125 0.05 0.103125 0.0515625 0.101562 0.0578125 0.101562 0.059375 0.1 0.0703125 0.1 0.071875 0.0984375 0.0796875 0.0984375 0.08125 0.096875 0.0875 0.096875 0.0890625 0.0953125 0.0984375 0.0953125 0.1 0.09375 0.1125 0.09375 0.114063 0.0921875 0.123438 0.0921875 0.125 0.090625 0.13125 0.090625 0.132812 0.0890625 0.139062 0.0890625 0.140625 0.0875 0.148438 0.0875 0.15 0.0859375 0.160938 0.0859375 0.1625 0.084375 0.173438 0.084375 0.175 0.0828125 0.182812 0.0828125 0.184375 0.08125 0.19375 0.08125 0.195312 0.0796875 0.203125 0.0796875 0.204688 0.078125 0.210938 0.078125 0.2125 0.0765625 0.220313 0.0765625 0.221875 0.075 0.228125 0.075 0.229687 0.0734375 0.232812 0.0734375 0.234375 0.071875 0.239063 0.071875 0.246875 0.0640625 0.251563 0.0640625 0.251563 0.0578125 0.246875 0.0578125 0.245312 0.05625 0.245312 0.053125 0.24375 0.0515625 0.24375 0.04375 0.242188 0.0421875 0.242188 0.025 0.240625 0.0234375 0.240625 0.003125 0.969473
0 0.15625 0.328125 0.15625 0.332812 0.153125 0.335938 0.146875 0.335938 0.145313 0.3375 0.139062 0.3375 0.1375 0.339063 0.13125 0.339063 0.126563 0.34375 0.125 0.34375 0.123438 0.345313 0.121875 0.345313 0.120312 0.346875 0.120312 0.351562 0.117188 0.354688 0.117188 0.35625 0.114063 0.359375 0.1125 0.359375 0.110937 0.360938 0.10625 0.360938 0.104687 0.3625 0.0984375 0.3625 0.096875 0.364062 0.0921875 0.364062 0.090625 0.365625 0.0859375 0.365625 0.084375 0.367188 0.078125 0.367188 0.0765625 0.36875 0.06875 0.36875 0.0671875 0.370313 0.0625 0.370313 0.0609375 0.371875 0.0546875 0.371875 0.053125 0.373437 0.0359375 0.373437 0.034375 0.375 0.003125 0.375 0.003125 0.55 0.0203125 0.55 0.021875 0.551562 0.034375 0.551562 0.0359375 0.553125 0.0359375 0.557813 0.0734375 0.557813 0.0734375 0.553125 0.075 0.551562 0.0796875 0.551562 0.08125 0.55 0.0890625 0.55 0.090625 0.548437 0.0984375 0.548437 0.1 0.546875 0.107813 0.546875 0.109375 0.545313 0.117188 0.545313 0.11875 0.54375 0.135937 0.54375 0.1375 0.542188 0.1625 0.542188 0.164062 0.540625 0.178125 0.540625 0.179688 0.539062 0.190625 0.539062 0.192188 0.5375 0.204688 0.5375 0.20625 0.535937 0.220313 0.535937 0.221875 0.534375 0.225 0.534375 0.226562 0.532812 0.232812 0.532812 0.232812 0.45625 0.228125 0.45625 0.226562 0.454688 0.226562 0.442187 0.228125 0.440625 0.232812 0.440625 0.232812 0.34375 0.228125 0.34375 0.226562 0.342187 0.226562 0.339063 0.225 0.3375 0.225 0.335938 0.221875 0.332812 0.221875 0.328125 0.966806
0 0.509375 0.096875 0.509375 0.101562 0.50625 0.104687 0.504687 0.104687 0.503125 0.10625 0.501562 0.10625 0.498437 0.109375 0.496875 0.109375 0.495313 0.110937 0.49375 0.110937 0.492188 0.1125 0.490625 0.1125 0.489062 0.114063 0.4875 0.114063 0.484375 0.117188 0.482812 0.117188 0.48125 0.11875 0.479688 0.11875 0.478125 0.120312 0.476562 0.120312 0.475 0.121875 0.473437 0.121875 0.471875 0.123438 0.467187 0.123438 0.465625 0.125 0.45 0.125 0.448438 0.126563 0.44375 0.126563 0.442187 0.128125 0.439063 0.128125 0.4375 0.129688 0.435937 0.129688 0.434375 0.13125 0.43125 0.13125 0.429688 0.132812 0.426562 0.132812 0.425 0.134375 0.423438 0.134375 0.421875 0.135937 0.420312 0.135937 0.41875 0.1375 0.415625 0.1375 0.414062 0.139062 0.410937 0.139062 0.409375 0.140625 0.407813 0.140625 0.404687 0.14375 0.401563 0.14375 0.4 0.145313 0.398438 0.145313 0.396875 0.146875 0.39375 0.146875 0.392188 0.148438 0.390625 0.148438 0.389062 0.15 0.385938 0.15 0.384375 0.151562 0.382812 0.151562 0.38125 0.153125 0.379687 0.153125 0.376563 0.15625 0.371875 0.15625 0.371875 0.173438 0.376563 0.173438 0.379687 0.176563 0.379687 0.178125 0.38125 0.179688 0.38125 0.18125 0.382812 0.182812 0.382812 0.184375 0.385938 0.1875 0.385938 0.189063 0.3875 0.190625 0.3875 0.192188 0.389062 0.19375 0.389062 0.195312 0.390625 0.196875 0.390625 0.198437 0.39375 0.201562 0.39375 0.203125 0.395312 0.204688 0.395312 0.207813 0.398438 0.210938 0.398438 0.2125 0.4 0.214062 0.4 0.215625 0.401563 0.217187 0.401563 0.220313 0.404687 0.223438 0.404687 0.225 0.40625 0.226562 0.40625 0.228125 0.407813 0.229687 0.407813 0.232812 0.409375 0.234375 0.409375 0.235938 0.410937 0.2375 0.410937 0.240625 0.4125 0.242188 0.4125 0.248437 0.414062 0.25 0.414062 0.25625 0.415625 0.257812 0.415625 0.2625 0.417188 0.264062 0.417188 0.267188 0.41875 0.26875 0.41875 0.271875 0.420312 0.273438 0.420312 0.275 0.421875 0.276563 0.421875 0.278125 0.425 0.28125 0.425 0.284375 0.426562 0.285937 0.426562 0.290625 0.428125 0.292188 0.428125 0.295312 0.429688 0.296875 0.429688 0.3 0.43125 0.301562 0.43125 0.307813 0.429688 0.309375 0.429688 0.310937 0.428125 0.3125 0.428125 0.325 0.429688 0.326562 0.429688 0.329688 0.43125 0.33125 0.43125 0.334375 0.432813 0.335938 0.432813 0.339063 0.434375 0.340625 0.434375 0.342187 0.435937 0.34375 0.435937 0.345313 0.4375 0.346875 0.4375 0.35 0.439063 0.351562 0.439063 0.353125 0.440625 0.354688 0.440625 0.35625 0.44375 0.359375 0.445312 0.359375 0.446875 0.360938 0.45 0.360938 0.451562 0.3625 0.4625 0.3625 0.464063 0.360938 0.471875 0.360938 0.473437 0.359375 0.475 0.359375 0.476562 0.357812 0.478125 0.357812 0.479688 0.35625 0.482812 0.35625 0.484375 0.354688 0.4875 0.354688 0.489062 0.353125 0.492188 0.353125 0.49375 0.351562 0.496875 0.351562 0.498437 0.35 0.5 0.35 0.501562 0.348437 0.50625 0.348437 0.507812 0.346875 0.5125 0.346875 0.514063 0.345313 0.517187 0.345313 0.51875 0.34375 0.523438 0.34375 0.525 0.342187 0.529688 0.342187 0.53125 0.340625 0.535937 0.340625 0.5375 0.339063 0.542188 0.339063 0.54375 0.3375 0.548437 0.3375 0.55 0.335938 0.553125 0.335938 0.554688 0.334375 0.55625 0.334375 0.557813 0.332812 0.560938 0.332812 0.5625 0.33125 0.567187 0.33125 0.56875 0.329688 0.571875 0.329688 0.573438 0.328125 0.575 0.328125 0.576563 0.326562 0.578125 0.326562 0.579687 0.325 0.58125 0.325 0.582812 0.323438 0.585938 0.323438 0.5875 0.321875 0.590625 0.321875 0.592188 0.320312 0.59375 0.320312 0.595312 0.31875 0.6 0.31875 0.601562 0.317187 0.60625 0.317187 0.607813 0.315625 0.610937 0.315625 0.6125 0.314063 0.614062 0.314063 0.617188 0.310937 0.61875 0.310937 0.620313 0.309375 0.621875 0.309375 0.623438 0.307813 0.625 0.307813 0.626562 0.30625 0.628125 0.30625 0.629687 0.304688 0.63125 0.304688 0.632812 0.303125 0.634375 0.303125 0.634375 0.301562 0.635938 0.3 0.635938 0.298438 0.640625 0.29375 0.645312 0.29375 0.645312 0.2875 0.640625 0.2875 0.6375 0.284375 0.6375 0.282813 0.635938 0.28125 0.635938 0.279687 0.634375 0.278125 0.634375 0.276563 0.632812 0.275 0.632812 0.271875 0.63125 0.271875 0.629687 0.270312 0.629687 0.26875 0.628125 0.267188 0.628125 0.265625 0.626562 0.264062 0.626562 0.2625 0.625 0.260938 0.625 0.259375 0.621875 0.25625 0.621875 0.253125 0.61875 0.25 0.61875 0.248437 0.617188 0.246875 0.617188 0.245312 0.615625 0.24375 0.615625 0.240625 0.614062 0.239063 0.614062 0.235938 0.6125 0.234375 0.6125 0.232812 0.610937 0.23125 0.610937 0.229687 0.609375 0.228125 0.609375 0.225 0.607813 0.223438 0.607813 0.220313 0.60625 0.21875 0.60625 0.215625 0.604688 0.214062 0.604688 0.207813 0.603125 0.20625 0.603125 0.203125 0.601562 0.201562 0.601562 0.2 0.6 0.198437 0.6 0.195312 0.598437 0.19375 0.598437 0.192188 0.596875 0.190625 0.596875 0.1875 0.595312 0.185937 0.595312 0.184375 0.59375 0.182812 0.59375 0.18125 0.592188 0.179688 0.592188 0.178125 0.590625 0.176563 0.590625 0.175 0.579687 0.164062 0.579687 0.1625 0.576563 0.159375 0.576563 0.157813 0.575 0.15625 0.575 0.154687 0.573438 0.153125 0.573438 0.15 0.571875 0.148438 0.571875 0.146875 0.570312 0.145313 0.570312 0.14375 0.56875 0.142188 0.56875 0.140625 0.567187 0.139062 0.567187 0.1375 0.565625 0.135937 0.565625 0.134375 0.564062 0.132812 0.564062 0.13125 0.5625 0.129688 0.5625 0.128125 0.560938 0.126563 0.560938 0.125 0.559375 0.123438 0.559375 0.121875 0.557813 0.120312 0.557813 0.11875 0.554688 0.115625 0.554688 0.1125 0.553125 0.110937 0.553125 0.107813 0.551562 0.10625 0.551562 0.104687 0.55 0.103125 0.55 0.096875 0.965611
0 0.292188 0.578125 0.292188 0.582812 0.290625 0.584375 0.289062 0.584375 0.2875 0.585938 0.282813 0.585938 0.28125 0.5875 0.26875 0.5875 0.267188 0.589063 0.246875 0.589063 0.245312 0.590625 0.235938 0.590625 0.234375 0.592188 0.223438 0.592188 0.221875 0.59375 0.210938 0.59375 0.209375 0.592188 0.196875 0.592188 0.195312 0.59375 0.178125 0.59375 0.178125 0.66875 0.182812 0.66875 0.185937 0.671875 0.185937 0.678125 0.1875 0.679688 0.1875 0.696875 0.185937 0.698438 0.185937 0.7 0.184375 0.701563 0.184375 0.703125 0.182812 0.704687 0.178125 0.704687 0.178125 0.723437 0.182812 0.723437 0.184375 0.725 0.184375 0.728125 0.185937 0.729688 0.185937 0.742188 0.1875 0.74375 0.1875 0.754687 0.189063 0.75625 0.189063 0.7625 0.190625 0.764063 0.190625 0.773438 0.192188 0.775 0.192188 0.785937 0.19375 0.7875 0.19375 0.795313 0.195312 0.796875 0.195312 0.801562 0.196875 0.803125 0.196875 0.80625 0.198437 0.807813 0.198437 0.809375 0.2 0.810938 0.2 0.8125 0.201562 0.814062 0.201562 0.820312 0.220313 0.820312 0.220313 0.815625 0.221875 0.814062 0.225 0.814062 0.226562 0.8125 0.239063 0.8125 0.240625 0.810938 0.25 0.810938 0.251563 0.809375 0.259375 0.809375 0.260938 0.807813 0.267188 0.807813 0.26875 0.80625 0.276563 0.80625 0.278125 0.804688 0.289062 0.804688 0.290625 0.803125 0.296875 0.803125 0.298438 0.801562 0.304688 0.801562 0.30625 0.8 0.314063 0.8 0.315625 0.798437 0.321875 0.798437 0.323438 0.796875 0.33125 0.796875 0.332812 0.795313 0.339063 0.795313 0.340625 0.79375 0.351562 0.79375 0.353125 0.792188 0.3625 0.792188 0.364062 0.790625 0.370313 0.790625 0.371875 0.789062 0.378125 0.789062 0.379687 0.7875 0.382812 0.7875 0.384375 0.785937 0.389062 0.785937 0.389062 0.75 0.384375 0.75 0.382812 0.748438 0.382812 0.745313 0.38125 0.74375 0.38125 0.7375 0.379687 0.735937 0.379687 0.73125 0.378125 0.729688 0.378125 0.723437 0.376563 0.721875 0.376563 0.71875 0.371875 0.714063 0.371875 0.7125 0.370313 0.710938 0.370313 0.709375 0.36875 0.707812 0.36875 0.7 0.367188 0.698438 0.367188 0.690625 0.365625 0.689062 0.365625 0.68125 0.364062 0.679688 0.364062 0.673437 0.3625 0.671875 0.3625 0.665625 0.360938 0.664062 0.360938 0.659375 0.359375 0.657812 0.359375 0.648438 0.357812 0.646875 0.357812 0.6375 0.35625 0.635938 0.35625 0.628125 0.354688 0.626562 0.354688 0.617188 0.353125 0.615625 0.353125 0.60625 0.351562 0.604688 0.351562 0.596875 0.35 0.595312 0.35 0.589063 0.348437 0.5875 0.348437 0.578125 0.957373
0 0.226562 0.376563 0.226562 0.36875 0.225 0.367188 0.225 0.360938 0.223438 0.359375 0.223438 0.346875 0.221875 0.345313 0.21875 0.345313 0.217187 0.346875 0.217187 0.351562 0.21875 0.353125 0.21875 0.357812 0.220313 0.359375 0.220313 0.376563 0.226562 0.376563 0.401563 0.34375 0.407813 0.34375 0.407813 0.376563 0.332812 0.376563 0.332812 0.371875 0.3375 0.367188 0.339063 0.367188 0.340625 0.365625 0.342187 0.365625 0.34375 0.364062 0.345313 0.364062 0.348437 0.360938 0.35 0.360938 0.353125 0.357812 0.354688 0.357812 0.35625 0.359375 0.359375 0.359375 0.360938 0.357812 0.371875 0.357812 0.375 0.354688 0.376563 0.354688 0.379687 0.351562 0.38125 0.351562 0.3875 0.345313 0.3875 0.34375 0.384375 0.29375 0.385938 0.292188 0.390625 0.292188 0.392188 0.290625 0.39375 0.290625 0.395312 0.289062 0.396875 0.289062 0.398438 0.2875 0.4 0.2875 0.403125 0.284375 0.407813 0.284375 0.407813 0.25 0.403125 0.25 0.4 0.246875 0.4 0.245312 0.398438 0.24375 0.398438 0.242188 0.39375 0.2375 0.39375 0.235938 0.392188 0.234375 0.392188 0.232812 0.389062 0.229687 0.389062 0.228125 0.3875 0.226562 0.3875 0.225 0.385938 0.223438 0.385938 0.221875 0.384375 0.220313 0.384375 0.217187 0.382812 0.215625 0.382812 0.2125 0.38125 0.210938 0.38125 0.207813 0.379687 0.20625 0.379687 0.203125 0.378125 0.201562 0.378125 0.198437 0.376563 0.196875 0.376563 0.19375 0.375 0.192188 0.375 0.189063 0.373437 0.1875 0.373437 0.185937 0.370313 0.182812 0.370313 0.18125 0.367188 0.178125 0.367188 0.176563 0.3625 0.171875 0.3625 0.170312 0.360938 0.16875 0.360938 0.167187 0.357812 0.164062 0.357812 0.1625 0.35625 0.160938 0.35625 0.157813 0.354688 0.15625 0.354688 0.153125 0.353125 0.151562 0.353125 0.146875 0.351562 0.145313 0.351562 0.140625 0.35 0.139062 0.35 0.135937 0.348437 0.134375 0.348437 0.13125 0.346875 0.129688 0.346875 0.128125 0.345313 0.126563 0.345313 0.125 0.34375 0.123438 0.34375 0.121875 0.342187 0.120312 0.342187 0.11875 0.3375 0.114063 0.3375 0.1125 0.326562 0.101562 0.326562 0.1 0.323438 0.096875 0.323438 0.0953125 0.321875 0.09375 0.321875 0.0921875 0.320312 0.090625 0.320312 0.0890625 0.31875 0.0875 0.31875 0.0859375 0.317187 0.084375 0.317187 0.078125 0.279687 0.078125 0.279687 0.084375 0.278125 0.0859375 0.276563 0.0859375 0.275 0.0875 0.273438 0.0875 0.271875 0.0890625 0.264062 0.0890625 0.2625 0.090625 0.253125 0.090625 0.251563 0.0921875 0.245312 0.0921875 0.24375 0.09375 0.2375 0.09375 0.235938 0.0953125 0.228125 0.0953125 0.226562 0.096875 0.217187 0.096875 0.215625 0.0984375 0.209375 0.0984375 0.207813 0.1 0.2 0.1 0.198437 0.101562 0.190625 0.101562 0.189063 0.103125 0.184375 0.103125 0.182812 0.104687 0.178125 0.104687 0.176563 0.10625 0.171875 0.10625 0.170312 0.107813 0.159375 0.107813 0.157813 0.109375 0.148438 0.109375 0.146875 0.110937 0.140625 0.110937 0.139062 0.1125 0.132812 0.1125 0.13125 0.114063 0.1125 0.114063 0.110937 0.115625 0.101562 0.115625 0.1 0.117188 0.096875 0.117188 0.0953125 0.11875 0.0921875 0.11875 0.090625 0.120312 0.0859375 0.120312 0.084375 0.121875 0.0796875 0.121875 0.078125 0.123438 0.06875 0.123438 0.0671875 0.125 0.0546875 0.125 0.053125 0.126563 0.0421875 0.126563 0.040625 0.128125 0.03125 0.128125 0.0296875 0.129688 0.0234375 0.129688 0.021875 0.13125 0.0171875 0.13125 0.015625 0.132812 0.003125 0.132812 0.003125 0.365625 0.0078125 0.365625 0.009375 0.367188 0.0109375 0.367188 0.0125 0.36875 0.015625 0.36875 0.0171875 0.370313 0.01875 0.370313 0.0203125 0.371875 0.0203125 0.376563 0.040625 0.376563 0.040625 0.371875 0.0421875 0.370313 0.04375 0.370313 0.0453125 0.36875 0.0484375 0.36875 0.05 0.367188 0.053125 0.367188 0.0546875 0.365625 0.05625 0.365625 0.0578125 0.364062 0.059375 0.364062 0.0609375 0.3625 0.0625 0.3625 0.0640625 0.360938 0.0671875 0.360938 0.06875 0.359375 0.0703125 0.359375 0.071875 0.357812 0.0734375 0.357812 0.075 0.35625 0.0765625 0.35625 0.078125 0.354688 0.0796875 0.354688 0.08125 0.353125 0.0828125 0.353125 0.084375 0.351562 0.0859375 0.351562 0.0875 0.35 0.0890625 0.35 0.090625 0.348437 0.0921875 0.348437 0.09375 0.346875 0.0953125 0.346875 0.096875 0.345313 0.101562 0.345313 0.103125 0.34375 0.107813 0.34375 0.109375 0.342187 0.117188 0.342187 0.11875 0.340625 0.121875 0.340625 0.123438 0.339063 0.126563 0.339063 0.128125 0.3375 0.13125 0.3375 0.132812 0.335938 0.1375 0.335938 0.139062 0.334375 0.142188 0.334375 0.14375 0.332812 0.15 0.332812 0.151562 0.33125 0.15625 0.33125 0.157813 0.329688 0.165625 0.329688 0.167187 0.328125 0.171875 0.328125 0.173438 0.326562 0.182812 0.326562 0.184375 0.328125 0.1875 0.328125 0.189063 0.329688 0.2 0.329688 0.201562 0.33125 0.223438 0.33125 0.225 0.329688 0.23125 0.329688 0.232812 0.328125 0.235938 0.328125 0.2375 0.326562 0.242188 0.326562 0.24375 0.325 0.246875 0.325 0.248437 0.323438 0.251563 0.323438 0.254687 0.320312 0.25625 0.320312 0.257812 0.31875 0.264062 0.31875 0.265625 0.317187 0.267188 0.317187 0.26875 0.315625 0.270312 0.315625 0.271875 0.314063 0.273438 0.314063 0.275 0.3125 0.276563 0.3125 0.278125 0.310937 0.28125 0.310937 0.282813 0.309375 0.285937 0.309375 0.2875 0.307813 0.304688 0.307813 0.30625 0.30625 0.315625 0.30625 0.317187 0.304688 0.323438 0.304688 0.325 0.303125 0.329688 0.303125 0.33125 0.301562 0.340625 0.301562 0.342187 0.3 0.348437 0.3 0.35 0.298438 0.35625 0.298438 0.357812 0.296875 0.364062 0.296875 0.365625 0.295312 0.370313 0.295312 0.371875 0.29375 0.384375 0.29375 0.3875 0.34375 0.392188 0.339063 0.39375 0.339063 0.395312 0.3375 0.401563 0.34375 0.95535
0 0.325 0.809375 0.325 0.814062 0.321875 0.817187 0.320312 0.817187 0.31875 0.81875 0.314063 0.81875 0.3125 0.820312 0.307813 0.820312 0.30625 0.821875 0.301562 0.821875 0.3 0.823438 0.295312 0.823438 0.29375 0.825 0.284375 0.825 0.282813 0.826563 0.271875 0.826563 0.270312 0.828125 0.264062 0.828125 0.2625 0.829687 0.25625 0.829687 0.254687 0.83125 0.246875 0.83125 0.245312 0.832812 0.240625 0.832812 0.239063 0.834375 0.235938 0.834375 0.234375 0.835938 0.23125 0.835938 0.229687 0.8375 0.225 0.8375 0.223438 0.839063 0.217187 0.839063 0.215625 0.840625 0.214062 0.840625 0.2125 0.842188 0.209375 0.842188 0.207813 0.84375 0.204688 0.84375 0.203125 0.845312 0.198437 0.845312 0.196875 0.846875 0.192188 0.846875 0.190625 0.848437 0.184375 0.848437 0.182812 0.85 0.178125 0.85 0.176563 0.851562 0.171875 0.851562 0.171875 0.909375 0.176563 0.909375 0.178125 0.910937 0.178125 0.9125 0.179688 0.914062 0.179688 0.917188 0.18125 0.91875 0.18125 0.925 0.182812 0.926562 0.182812 0.932813 0.184375 0.934375 0.184375 0.939062 0.185937 0.940625 0.185937 0.946875 0.1875 0.948438 0.1875 0.959375 0.189063 0.960938 0.189063 0.971875 0.190625 0.973437 0.190625 0.978125 0.192188 0.979688 0.192188 0.985937 0.19375 0.9875 0.19375 0.990625 0.195312 0.992188 0.195312 0.995313 0.196875 0.996875 0.196875 0.998438 0.25625 0.998438 0.25625 0.996875 0.257812 0.995313 0.259375 0.995313 0.260938 0.99375 0.26875 0.99375 0.270312 0.992188 0.275 0.992188 0.276563 0.990625 0.282813 0.990625 0.284375 0.989062 0.2875 0.989062 0.289062 0.9875 0.295312 0.9875 0.296875 0.985937 0.301562 0.985937 0.303125 0.984375 0.309375 0.984375 0.310937 0.982813 0.31875 0.982813 0.320312 0.98125 0.346875 0.98125 0.348437 0.979688 0.351562 0.979688 0.353125 0.978125 0.35625 0.978125 0.357812 0.976562 0.3625 0.976562 0.364062 0.975 0.365625 0.975 0.367188 0.973437 0.36875 0.973437 0.370313 0.971875 0.373437 0.971875 0.375 0.970312 0.378125 0.970312 0.379687 0.96875 0.385938 0.96875 0.3875 0.967188 0.395312 0.967188 0.396875 0.965625 0.404687 0.965625 0.40625 0.964063 0.409375 0.964063 0.410937 0.9625 0.4125 0.9625 0.415625 0.959375 0.415625 0.945312 0.414062 0.94375 0.414062 0.942187 0.4125 0.940625 0.4125 0.935938 0.410937 0.934375 0.410937 0.928125 0.409375 0.926562 0.409375 0.921875 0.407813 0.920313 0.407813 0.914062 0.40625 0.9125 0.40625 0.90625 0.404687 0.904688 0.404687 0.896875 0.403125 0.895312 0.403125 0.882812 0.401563 0.88125 0.401563 0.860937 0.4 0.859375 0.4 0.85 0.398438 0.848437 0.398438 0.840625 0.396875 0.839063 0.396875 0.832812 0.395312 0.83125 0.395312 0.826563 0.39375 0.825 0.39375 0.81875 0.392188 0.817187 0.392188 0.809375 0.944659
0 0.9375 0.434375 0.9375 0.439063 0.934375 0.442187 0.93125 0.442187 0.929688 0.44375 0.925 0.44375 0.923437 0.445312 0.917188 0.445312 0.915625 0.446875 0.910937 0.446875 0.909375 0.448438 0.904688 0.448438 0.903125 0.45 0.892187 0.45 0.890625 0.451562 0.884375 0.451562 0.882812 0.453125 0.878125 0.453125 0.876562 0.454688 0.871875 0.454688 0.870313 0.45625 0.859375 0.45625 0.859375 0.517187 0.864062 0.517187 0.867188 0.520312 0.867188 0.523438 0.86875 0.525 0.86875 0.529688 0.870313 0.53125 0.870313 0.54375 0.871875 0.545313 0.871875 0.551562 0.873438 0.553125 0.873438 0.557813 0.875 0.559375 0.875 0.567187 0.876562 0.56875 0.876562 0.58125 0.878125 0.582812 0.878125 0.5875 0.879687 0.589063 0.879687 0.59375 0.88125 0.595312 0.88125 0.603125 0.882812 0.604688 0.882812 0.609375 0.8875 0.614062 0.8875 0.615625 0.889063 0.617188 0.920313 0.617188 0.921875 0.615625 0.926562 0.615625 0.928125 0.614062 0.93125 0.614062 0.932813 0.6125 0.935938 0.6125 0.9375 0.610937 0.942187 0.610937 0.94375 0.609375 0.946875 0.609375 0.948438 0.607813 0.951563 0.607813 0.953125 0.60625 0.9625 0.60625 0.964063 0.604688 0.975 0.604688 0.976562 0.603125 0.984375 0.603125 0.985937 0.601562 0.99375 0.601562 0.995313 0.6 0.998438 0.6 0.998438 0.45625 0.992188 0.45625 0.990625 0.454688 0.982813 0.454688 0.976562 0.448438 0.976562 0.446875 0.975 0.445312 0.975 0.44375 0.971875 0.440625 0.971875 0.434375 0.940248
0 0.914062 0.882812 0.914062 0.876562 0.9125 0.875 0.910937 0.875 0.90625 0.870313 0.904688 0.870313 0.901563 0.867188 0.892187 0.867188 0.890625 0.865625 0.884375 0.865625 0.882812 0.867188 0.878125 0.867188 0.876562 0.86875 0.873438 0.86875 0.871875 0.870313 0.870313 0.870313 0.86875 0.871875 0.85625 0.871875 0.854688 0.873438 0.846875 0.873438 0.845312 0.875 0.839063 0.875 0.8375 0.876562 0.832812 0.876562 0.832812 0.882812 0.914062 0.882812 0.998438 0.864062 0.998438 0.882812 0.982813 0.882812 0.982813 0.876562 0.984375 0.875 0.984375 0.873438 0.990625 0.867188 0.992188 0.867188 0.99375 0.865625 0.99375 0.829687 0.995313 0.828125 0.998438 0.828125 0.998438 0.640625 0.957812 0.640625 0.957812 0.645312 0.95625 0.646875 0.954687 0.646875 0.953125 0.648438 0.95 0.648438 0.948438 0.65 0.94375 0.65 0.942187 0.651563 0.935938 0.651563 0.934375 0.653125 0.929688 0.653125 0.928125 0.654688 0.923437 0.654688 0.921875 0.65625 0.917188 0.65625 0.915625 0.657812 0.910937 0.657812 0.909375 0.659375 0.907812 0.659375 0.90625 0.660937 0.903125 0.660937 0.901563 0.6625 0.9 0.6625 0.898438 0.664062 0.89375 0.664062 0.892187 0.665625 0.890625 0.665625 0.8875 0.66875 0.885938 0.66875 0.884375 0.670313 0.86875 0.670313 0.867188 0.671875 0.8625 0.671875 0.860937 0.673437 0.857813 0.673437 0.85625 0.675 0.848437 0.675 0.846875 0.676562 0.839063 0.676562 0.8375 0.678125 0.835938 0.678125 0.834375 0.679688 0.832812 0.679688 0.83125 0.68125 0.829687 0.68125 0.828125 0.682813 0.809375 0.682813 0.807813 0.684375 0.804688 0.684375 0.803125 0.685938 0.798437 0.685938 0.796875 0.6875 0.790625 0.6875 0.789062 0.689062 0.78125 0.689062 0.779688 0.690625 0.776563 0.690625 0.775 0.692187 0.771875 0.692187 0.770312 0.69375 0.765625 0.69375 0.764063 0.695312 0.757812 0.695312 0.75625 0.696875 0.75 0.696875 0.748438 0.698438 0.74375 0.698438 0.742188 0.7 0.735937 0.7 0.734375 0.701563 0.726562 0.701563 0.725 0.703125 0.720312 0.703125 0.71875 0.704687 0.715625 0.704687 0.714063 0.70625 0.710938 0.70625 0.709375 0.707812 0.703125 0.707812 0.703125 0.746875 0.707812 0.746875 0.709375 0.748438 0.709375 0.75 0.710938 0.751562 0.710938 0.757812 0.7125 0.759375 0.7125 0.765625 0.714063 0.767187 0.714063 0.773438 0.715625 0.775 0.715625 0.782812 0.717188 0.784375 0.717188 0.79375 0.71875 0.795313 0.71875 0.801562 0.720312 0.803125 0.720312 0.810938 0.721875 0.8125 0.721875 0.821875 0.723437 0.823438 0.723437 0.832812 0.725 0.834375 0.725 0.846875 0.726562 0.848437 0.726562 0.85625 0.728125 0.857813 0.728125 0.8625 0.729688 0.864062 0.729688 0.871875 0.73125 0.873438 0.73125 0.882812 0.789062 0.882812 0.789062 0.878125 0.790625 0.876562 0.792188 0.876562 0.79375 0.875 0.8 0.875 0.801562 0.873438 0.80625 0.873438 0.807813 0.871875 0.810938 0.871875 0.8125 0.870313 0.81875 0.870313 0.820312 0.86875 0.8375 0.86875 0.839063 0.867188 0.846875 0.867188 0.848437 0.865625 0.85 0.865625 0.851562 0.864062 0.857813 0.864062 0.859375 0.8625 0.875 0.8625 0.876562 0.860937 0.882812 0.860937 0.885938 0.857813 0.890625 0.857813 0.892187 0.85625 0.895312 0.85625 0.896875 0.854688 0.898438 0.854688 0.901563 0.851562 0.903125 0.851562 0.904688 0.85 0.907812 0.85 0.909375 0.848437 0.914062 0.848437 0.915625 0.846875 0.91875 0.846875 0.920313 0.845312 0.923437 0.845312 0.925 0.84375 0.929688 0.84375 0.93125 0.842188 0.9375 0.842188 0.939062 0.840625 0.945312 0.840625 0.946875 0.839063 0.953125 0.839063 0.954687 0.8375 0.959375 0.8375 0.960938 0.835938 0.965625 0.835938 0.967188 0.834375 0.970312 0.834375 0.971875 0.832812 0.976562 0.832812 0.978125 0.83125 0.984375 0.83125 0.985937 0.829687 0.99375 0.829687 0.99375 0.865625 0.995313 0.865625 0.996875 0.864062 0.998438 0.864062 0.933319
0 0.11875 0.853125 0.11875 0.857813 0.117188 0.859375 0.115625 0.859375 0.114063 0.860937 0.109375 0.860937 0.107813 0.8625 0.101562 0.8625 0.1 0.864062 0.09375 0.864062 0.0921875 0.865625 0.0875 0.865625 0.0859375 0.867188 0.0765625 0.867188 0.075 0.86875 0.065625 0.86875 0.0640625 0.870313 0.059375 0.870313 0.0578125 0.871875 0.053125 0.871875 0.0515625 0.873438 0.0453125 0.873438 0.04375 0.875 0.034375 0.875 0.0328125 0.876562 0.025 0.876562 0.0234375 0.878125 0.01875 0.878125 0.0171875 0.879687 0.009375 0.879687 0.0078125 0.88125 0.003125 0.88125 0.0015625 0.882812 0 0.882812 0 0.9375 0.0015625 0.9375 0.003125 0.939062 0.0046875 0.939062 0.00625 0.940625 0.0078125 0.940625 0.0125 0.945312 0.0125 0.948438 0.0140625 0.95 0.0140625 0.9625 0.0125 0.964063 0.0125 0.971875 0.0140625 0.973437 0.0140625 0.978125 0.015625 0.979688 0.015625 0.985937 0.0171875 0.9875 0.0171875 0.99375 0.01875 0.995313 0.01875 0.998438 0.182812 0.998438 0.182812 0.99375 0.18125 0.992188 0.18125 0.984375 0.179688 0.982813 0.179688 0.975 0.178125 0.973437 0.178125 0.965625 0.176563 0.964063 0.176563 0.959375 0.175 0.957812 0.175 0.95 0.173438 0.948438 0.173438 0.9375 0.171875 0.935938 0.171875 0.932813 0.170312 0.93125 0.170312 0.928125 0.16875 0.926562 0.16875 0.91875 0.167187 0.917188 0.167187 0.903125 0.165625 0.901563 0.165625 0.895312 0.164062 0.89375 0.164062 0.884375 0.1625 0.882812 0.1625 0.86875 0.160938 0.867188 0.160938 0.8625 0.159375 0.860937 0.159375 0.853125 0.925281
0 0.803125 0.003125 0.803125 0.034375 0.807813 0.034375 0.809375 0.0359375 0.809375 0.0375 0.810938 0.0390625 0.810938 0.0421875 0.8125 0.04375 0.8125 0.0484375 0.814062 0.05 0.814062 0.05625 0.815625 0.0578125 0.815625 0.0625 0.817187 0.0640625 0.817187 0.065625 0.81875 0.0671875 0.81875 0.0703125 0.820312 0.071875 0.820312 0.075 0.821875 0.0765625 0.821875 0.0796875 0.823438 0.08125 0.823438 0.0828125 0.825 0.084375 0.825 0.0875 0.826563 0.0890625 0.826563 0.090625 0.828125 0.0921875 0.828125 0.09375 0.829687 0.0953125 0.829687 0.096875 0.832812 0.1 0.832812 0.101562 0.835938 0.104687 0.835938 0.10625 0.8375 0.107813 0.8375 0.109375 0.839063 0.110937 0.839063 0.114063 0.840625 0.115625 0.840625 0.11875 0.842188 0.120312 0.842188 0.121875 0.84375 0.123438 0.84375 0.125 0.845312 0.126563 0.845312 0.128125 0.846875 0.129688 0.846875 0.13125 0.85 0.134375 0.85 0.135937 0.851562 0.1375 0.851562 0.139062 0.853125 0.140625 0.853125 0.14375 0.854688 0.145313 0.854688 0.146875 0.85625 0.148438 0.85625 0.15 0.857813 0.151562 0.857813 0.159375 0.853125 0.164062 0.851562 0.164062 0.85 0.165625 0.85 0.167187 0.846875 0.170312 0.846875 0.173438 0.845312 0.175 0.845312 0.1875 0.846875 0.189063 0.846875 0.19375 0.848437 0.195312 0.848437 0.198437 0.85 0.2 0.85 0.201562 0.851562 0.203125 0.851562 0.204688 0.853125 0.20625 0.853125 0.207813 0.857813 0.2125 0.864062 0.2125 0.865625 0.210938 0.86875 0.210938 0.870313 0.209375 0.871875 0.209375 0.873438 0.207813 0.875 0.207813 0.876562 0.20625 0.88125 0.20625 0.882812 0.204688 0.885938 0.204688 0.8875 0.203125 0.889063 0.203125 0.890625 0.201562 0.892187 0.201562 0.89375 0.2 0.895312 0.2 0.896875 0.198437 0.898438 0.198437 0.9 0.196875 0.903125 0.196875 0.904688 0.195312 0.90625 0.195312 0.907812 0.19375 0.909375 0.19375 0.910937 0.192188 0.9125 0.192188 0.915625 0.189063 0.917188 0.189063 0.917188 0.1875 0.91875 0.185937 0.91875 0.184375 0.920313 0.182812 0.91875 0.18125 0.91875 0.178125 0.917188 0.176563 0.917188 0.175 0.9125 0.170312 0.9125 0.167187 0.910937 0.165625 0.910937 0.164062 0.904688 0.157813 0.903125 0.157813 0.9 0.154687 0.898438 0.154687 0.896875 0.153125 0.896875 0.151562 0.903125 0.145313 0.904688 0.145313 0.90625 0.14375 0.915625 0.14375 0.917188 0.145313 0.917188 0.146875 0.91875 0.148438 0.91875 0.15 0.921875 0.153125 0.921875 0.157813 0.923437 0.159375 0.923437 0.165625 0.925 0.167187 0.925 0.16875 0.928125 0.171875 0.928125 0.173438 0.932813 0.178125 0.934375 0.178125 0.935938 0.179688 0.94375 0.179688 0.945312 0.178125 0.946875 0.178125 0.948438 0.176563 0.954687 0.176563 0.95625 0.175 0.9625 0.175 0.964063 0.173438 0.967188 0.173438 0.96875 0.171875 0.973437 0.171875 0.975 0.170312 0.979688 0.170312 0.98125 0.16875 0.985937 0.16875 0.9875 0.167187 0.990625 0.167187 0.992188 0.165625 0.998438 0.165625 0.998438 0.003125 0.924586
0 0.720312 0.446875 0.720312 0.451562 0.717188 0.454688 0.715625 0.454688 0.714063 0.45625 0.7125 0.45625 0.710938 0.457812 0.709375 0.457812 0.696875 0.470313 0.695312 0.470313 0.689062 0.476562 0.6875 0.476562 0.684375 0.479688 0.682813 0.479688 0.68125 0.48125 0.678125 0.48125 0.676562 0.482812 0.673437 0.482812 0.671875 0.484375 0.667188 0.484375 0.665625 0.485938 0.657812 0.485938 0.65625 0.4875 0.654688 0.4875 0.65 0.492188 0.648438 0.492188 0.646875 0.49375 0.640625 0.49375 0.640625 0.526563 0.645312 0.526563 0.646875 0.528125 0.648438 0.528125 0.65 0.529688 0.651563 0.529688 0.653125 0.53125 0.65625 0.53125 0.664062 0.539062 0.664062 0.540625 0.665625 0.542188 0.665625 0.54375 0.667188 0.545313 0.667188 0.576563 0.66875 0.578125 0.66875 0.584375 0.670313 0.585938 0.670313 0.589063 0.671875 0.590625 0.671875 0.592188 0.673437 0.59375 0.673437 0.595312 0.675 0.596875 0.675 0.598437 0.676562 0.6 0.676562 0.603125 0.678125 0.604688 0.678125 0.609375 0.679688 0.610937 0.679688 0.617188 0.68125 0.61875 0.68125 0.623438 0.682813 0.625 0.682813 0.63125 0.684375 0.632812 0.684375 0.635938 0.685938 0.6375 0.685938 0.64375 0.6875 0.645312 0.6875 0.6625 0.689062 0.664062 0.689062 0.678125 0.690625 0.679688 0.690625 0.684375 0.692187 0.684375 0.69375 0.685938 0.69375 0.6875 0.695312 0.689062 0.695312 0.690625 0.698438 0.69375 0.7 0.69375 0.701563 0.695312 0.704687 0.692187 0.704687 0.690625 0.70625 0.689062 0.70625 0.679688 0.707812 0.678125 0.707812 0.671875 0.710938 0.66875 0.7125 0.66875 0.717188 0.664062 0.717188 0.660937 0.71875 0.659375 0.71875 0.657812 0.726562 0.65 0.7375 0.65 0.739062 0.651563 0.742188 0.651563 0.74375 0.653125 0.746875 0.653125 0.748438 0.654688 0.75 0.654688 0.753125 0.657812 0.754687 0.657812 0.759375 0.6625 0.759375 0.664062 0.760938 0.665625 0.760938 0.667188 0.7625 0.66875 0.7625 0.670313 0.764063 0.671875 0.765625 0.671875 0.76875 0.675 0.770312 0.675 0.771875 0.676562 0.771875 0.682813 0.770312 0.684375 0.770312 0.6875 0.76875 0.689062 0.770312 0.690625 0.778125 0.690625 0.779688 0.689062 0.78125 0.689062 0.782812 0.6875 0.785937 0.6875 0.7875 0.685938 0.792188 0.685938 0.79375 0.684375 0.798437 0.684375 0.8 0.682813 0.801562 0.682813 0.803125 0.68125 0.804688 0.68125 0.80625 0.679688 0.809375 0.679688 0.810938 0.678125 0.8125 0.678125 0.814062 0.676562 0.820312 0.676562 0.821875 0.675 0.825 0.675 0.826563 0.673437 0.83125 0.673437 0.832812 0.671875 0.835938 0.671875 0.8375 0.670313 0.84375 0.670313 0.845312 0.66875 0.853125 0.66875 0.854688 0.667188 0.859375 0.667188 0.860937 0.665625 0.865625 0.665625 0.867188 0.664062 0.871875 0.664062 0.873438 0.6625 0.876562 0.6625 0.878125 0.660937 0.879687 0.660937 0.88125 0.659375 0.882812 0.659375 0.884375 0.657812 0.884375 0.65625 0.885938 0.654688 0.885938 0.651563 0.8875 0.65 0.8875 0.64375 0.889063 0.642187 0.889063 0.640625 0.890625 0.639063 0.895312 0.639063 0.895312 0.628125 0.890625 0.628125 0.8875 0.625 0.8875 0.623438 0.885938 0.621875 0.885938 0.620313 0.884375 0.61875 0.884375 0.617188 0.882812 0.615625 0.882812 0.614062 0.88125 0.6125 0.88125 0.610937 0.879687 0.609375 0.879687 0.603125 0.878125 0.601562 0.878125 0.59375 0.876562 0.592188 0.876562 0.5875 0.875 0.585938 0.875 0.58125 0.873438 0.579687 0.873438 0.56875 0.871875 0.567187 0.871875 0.55625 0.870313 0.554688 0.870313 0.548437 0.86875 0.546875 0.86875 0.54375 0.867188 0.542188 0.867188 0.535937 0.865625 0.534375 0.865625 0.525 0.864062 0.523438 0.864062 0.51875 0.8625 0.517187 0.8625 0.514063 0.860937 0.5125 0.860937 0.50625 0.859375 0.504687 0.859375 0.498437 0.857813 0.496875 0.857813 0.492188 0.85625 0.490625 0.85625 0.4875 0.854688 0.485938 0.854688 0.482812 0.853125 0.48125 0.853125 0.476562 0.851562 0.475 0.851562 0.473437 0.848437 0.470313 0.848437 0.467187 0.845312 0.464063 0.845312 0.4625 0.84375 0.460938 0.84375 0.459375 0.842188 0.457812 0.842188 0.454688 0.840625 0.453125 0.840625 0.446875 0.798437 0.446875 0.798437 0.453125 0.796875 0.454688 0.796875 0.45625 0.79375 0.459375 0.792188 0.459375 0.790625 0.460938 0.7875 0.460938 0.784375 0.457812 0.785937 0.45625 0.7875 0.45625 0.789062 0.454688 0.792188 0.454688 0.79375 0.453125 0.79375 0.446875 0.760938 0.446875 0.760938 0.451562 0.759375 0.453125 0.746875 0.453125 0.745313 0.451562 0.745313 0.446875 0.916011
0 0.945312 0.44375 0.94375 0.445312 0.942187 0.445312 0.940625 0.446875 0.9375 0.446875 0.939062 0.448438 0.939062 0.45 0.940625 0.451562 0.940625 0.457812 0.951563 0.457812 0.951563 0.44375 0.945312 0.44375 0.935938 0.428125 0.9375 0.426562 0.939062 0.426562 0.942187 0.423438 0.942187 0.421875 0.94375 0.420312 0.94375 0.417188 0.945312 0.415625 0.945312 0.414062 0.94375 0.4125 0.94375 0.407813 0.942187 0.40625 0.942187 0.404687 0.940625 0.403125 0.940625 0.4 0.939062 0.398438 0.939062 0.396875 0.9375 0.395312 0.9375 0.39375 0.935938 0.392188 0.935938 0.390625 0.934375 0.389062 0.934375 0.384375 0.932813 0.382812 0.932813 0.38125 0.929688 0.378125 0.929688 0.376563 0.928125 0.375 0.928125 0.371875 0.926562 0.370313 0.926562 0.36875 0.925 0.367188 0.925 0.365625 0.923437 0.364062 0.923437 0.3625 0.921875 0.360938 0.921875 0.357812 0.91875 0.354688 0.91875 0.353125 0.917188 0.351562 0.917188 0.35 0.915625 0.348437 0.915625 0.346875 0.914062 0.345313 0.914062 0.34375 0.910937 0.340625 0.910937 0.339063 0.909375 0.3375 0.909375 0.335938 0.907812 0.334375 0.907812 0.332812 0.903125 0.328125 0.903125 0.325 0.901563 0.323438 0.901563 0.321875 0.898438 0.31875 0.898438 0.315625 0.896875 0.314063 0.896875 0.3125 0.895312 0.310937 0.895312 0.309375 0.892187 0.30625 0.892187 0.304688 0.890625 0.303125 0.890625 0.3 0.889063 0.298438 0.889063 0.295312 0.8875 0.29375 0.8875 0.292188 0.885938 0.290625 0.885938 0.289062 0.884375 0.2875 0.884375 0.285937 0.882812 0.284375 0.882812 0.282813 0.879687 0.279687 0.879687 0.278125 0.878125 0.276563 0.878125 0.273438 0.876562 0.271875 0.876562 0.270312 0.875 0.26875 0.875 0.267188 0.873438 0.265625 0.873438 0.264062 0.871875 0.2625 0.871875 0.260938 0.870313 0.259375 0.870313 0.257812 0.867188 0.254687 0.867188 0.253125 0.865625 0.251563 0.865625 0.248437 0.864062 0.246875 0.864062 0.245312 0.8625 0.24375 0.8625 0.242188 0.860937 0.240625 0.860937 0.239063 0.859375 0.2375 0.859375 0.235938 0.857813 0.234375 0.857813 0.228125 0.829687 0.228125 0.829687 0.232812 0.826563 0.235938 0.825 0.235938 0.823438 0.2375 0.821875 0.2375 0.820312 0.239063 0.817187 0.239063 0.814062 0.242188 0.8125 0.242188 0.810938 0.24375 0.807813 0.24375 0.80625 0.245312 0.803125 0.245312 0.8 0.248437 0.798437 0.248437 0.796875 0.25 0.79375 0.25 0.792188 0.251563 0.789062 0.251563 0.785937 0.254687 0.784375 0.254687 0.782812 0.25625 0.779688 0.25625 0.778125 0.257812 0.775 0.257812 0.771875 0.260938 0.76875 0.260938 0.767187 0.2625 0.765625 0.2625 0.764063 0.264062 0.760938 0.264062 0.759375 0.265625 0.757812 0.265625 0.75625 0.267188 0.754687 0.267188 0.753125 0.26875 0.751562 0.26875 0.75 0.270312 0.746875 0.270312 0.74375 0.273438 0.742188 0.273438 0.740625 0.275 0.7375 0.275 0.735937 0.276563 0.734375 0.276563 0.732813 0.278125 0.73125 0.278125 0.729688 0.279687 0.726562 0.279687 0.725 0.28125 0.723437 0.28125 0.721875 0.282813 0.717188 0.282813 0.715625 0.284375 0.7125 0.284375 0.710938 0.285937 0.709375 0.285937 0.707812 0.2875 0.7 0.2875 0.698438 0.289062 0.690625 0.289062 0.689062 0.290625 0.684375 0.290625 0.682813 0.292188 0.679688 0.292188 0.678125 0.29375 0.671875 0.29375 0.671875 0.3375 0.676562 0.3375 0.679688 0.340625 0.679688 0.342187 0.68125 0.34375 0.68125 0.348437 0.682813 0.35 0.682813 0.357812 0.684375 0.359375 0.684375 0.365625 0.685938 0.367188 0.685938 0.370313 0.6875 0.371875 0.6875 0.373437 0.689062 0.375 0.689062 0.378125 0.690625 0.379687 0.690625 0.38125 0.692187 0.382812 0.692187 0.384375 0.695312 0.3875 0.695312 0.389062 0.696875 0.390625 0.696875 0.392188 0.698438 0.39375 0.698438 0.395312 0.7 0.396875 0.7 0.398438 0.701563 0.4 0.701563 0.401563 0.703125 0.403125 0.703125 0.404687 0.704687 0.40625 0.704687 0.407813 0.70625 0.409375 0.70625 0.410937 0.707812 0.4125 0.707812 0.414062 0.709375 0.415625 0.709375 0.417188 0.710938 0.41875 0.710938 0.420312 0.7125 0.421875 0.7125 0.423438 0.714063 0.425 0.714063 0.428125 0.715625 0.429688 0.715625 0.43125 0.717188 0.432813 0.717188 0.434375 0.71875 0.435937 0.71875 0.4375 0.720312 0.439063 0.720312 0.442187 0.721875 0.44375 0.721875 0.445312 0.725 0.448438 0.725 0.45 0.726562 0.451562 0.729688 0.451562 0.73125 0.45 0.7375 0.45 0.739062 0.448438 0.745313 0.448438 0.746875 0.45 0.757812 0.45 0.759375 0.451562 0.760938 0.451562 0.7625 0.453125 0.7625 0.457812 0.7875 0.457812 0.7875 0.453125 0.789062 0.451562 0.792188 0.451562 0.79375 0.45 0.804688 0.45 0.80625 0.451562 0.817187 0.451562 0.81875 0.453125 0.81875 0.457812 0.828125 0.457812 0.828125 0.453125 0.83125 0.45 0.834375 0.45 0.835938 0.448438 0.840625 0.448438 0.842188 0.446875 0.848437 0.446875 0.85 0.445312 0.854688 0.445312 0.85625 0.44375 0.857813 0.44375 0.859375 0.442187 0.871875 0.442187 0.873438 0.440625 0.885938 0.440625 0.8875 0.439063 0.89375 0.439063 0.895312 0.4375 0.898438 0.4375 0.9 0.435937 0.903125 0.435937 0.904688 0.434375 0.909375 0.434375 0.910937 0.432813 0.914062 0.432813 0.915625 0.43125 0.920313 0.43125 0.921875 0.429688 0.926562 0.429688 0.928125 0.428125 0.935938 0.428125 0.859607
0 0.379687 0.540625 0.38125 0.540625 0.382812 0.542188 0.384375 0.542188 0.385938 0.540625 0.4 0.540625 0.4 0.539062 0.390625 0.539062 0.389062 0.5375 0.385938 0.5375 0.384375 0.535937 0.379687 0.540625 0.359375 0.534375 0.359375 0.535937 0.364062 0.540625 0.367188 0.540625 0.36875 0.539062 0.373437 0.539062 0.375 0.540625 0.373437 0.542188 0.373437 0.551562 0.346875 0.551562 0.35 0.529688 0.35 0.528125 0.353125 0.525 0.407813 0.525 0.409375 0.523438 0.41875 0.523438 0.420312 0.521875 0.43125 0.521875 0.432813 0.520312 0.435937 0.520312 0.4375 0.51875 0.445312 0.51875 0.445312 0.476562 0.440625 0.476562 0.439063 0.475 0.439063 0.473437 0.4375 0.471875 0.4375 0.467187 0.435937 0.465625 0.435937 0.454688 0.434375 0.453125 0.434375 0.4375 0.432813 0.435937 0.432813 0.429688 0.43125 0.428125 0.43125 0.423438 0.429688 0.421875 0.429688 0.414062 0.428125 0.4125 0.428125 0.396875 0.426562 0.395312 0.426562 0.389062 0.425 0.3875 0.425 0.38125 0.423438 0.379687 0.423438 0.370313 0.421875 0.36875 0.421875 0.3625 0.420312 0.360938 0.420312 0.359375 0.41875 0.357812 0.41875 0.35625 0.417188 0.354688 0.417188 0.353125 0.4125 0.348437 0.410937 0.348437 0.40625 0.34375 0.404687 0.34375 0.4 0.339063 0.4 0.3375 0.398438 0.335938 0.398438 0.334375 0.396875 0.332812 0.396875 0.33125 0.395312 0.329688 0.395312 0.328125 0.39375 0.326562 0.39375 0.321875 0.392188 0.320312 0.392188 0.310937 0.390625 0.309375 0.390625 0.296875 0.3375 0.296875 0.3375 0.301562 0.335938 0.303125 0.334375 0.303125 0.332812 0.304688 0.323438 0.304688 0.321875 0.30625 0.307813 0.30625 0.30625 0.307813 0.3 0.307813 0.298438 0.309375 0.295312 0.309375 0.29375 0.310937 0.290625 0.310937 0.289062 0.3125 0.284375 0.3125 0.282813 0.314063 0.28125 0.314063 0.279687 0.315625 0.276563 0.315625 0.275 0.317187 0.273438 0.317187 0.271875 0.31875 0.270312 0.31875 0.26875 0.320312 0.267188 0.320312 0.264062 0.323438 0.259375 0.323438 0.257812 0.325 0.254687 0.325 0.253125 0.326562 0.251563 0.326562 0.25 0.328125 0.248437 0.328125 0.246875 0.329688 0.245312 0.329688 0.242188 0.332812 0.242188 0.342187 0.240625 0.34375 0.240625 0.351562 0.242188 0.353125 0.242188 0.379687 0.240625 0.38125 0.240625 0.382812 0.239063 0.384375 0.234375 0.384375 0.234375 0.471875 0.239063 0.471875 0.240625 0.473437 0.240625 0.478125 0.242188 0.479688 0.242188 0.496875 0.24375 0.498437 0.24375 0.509375 0.245312 0.510938 0.245312 0.514063 0.246875 0.515625 0.246875 0.51875 0.248437 0.520312 0.248437 0.526563 0.25 0.528125 0.25 0.53125 0.251563 0.532812 0.251563 0.535937 0.253125 0.5375 0.253125 0.539062 0.257812 0.54375 0.257812 0.545313 0.259375 0.546875 0.259375 0.551562 0.267188 0.551562 0.267188 0.546875 0.270312 0.54375 0.271875 0.54375 0.273438 0.542188 0.276563 0.542188 0.278125 0.540625 0.282813 0.540625 0.284375 0.539062 0.2875 0.539062 0.289062 0.5375 0.292188 0.5375 0.29375 0.535937 0.301562 0.535937 0.303125 0.534375 0.320312 0.534375 0.321875 0.532812 0.328125 0.532812 0.329688 0.53125 0.346875 0.53125 0.348437 0.529688 0.35 0.529688 0.346875 0.551562 0.346875 0.546875 0.348437 0.545313 0.348437 0.540625 0.35 0.539062 0.35 0.5375 0.353125 0.534375 0.359375 0.534375 0.842483
