0 0.923437 0.521875 0.923437 0.526563 0.921875 0.528125 0.920313 0.528125 0.91875 0.529688 0.914062 0.529688 0.9125 0.53125 0.898438 0.53125 0.896875 0.532812 0.885938 0.532812 0.884375 0.534375 0.876562 0.534375 0.875 0.535937 0.870313 0.535937 0.86875 0.5375 0.859375 0.5375 0.859375 0.601562 0.864062 0.601562 0.867188 0.604688 0.867188 0.60625 0.86875 0.607813 0.86875 0.609375 0.870313 0.610937 0.870313 0.6125 0.871875 0.614062 0.871875 0.615625 0.873438 0.617188 0.873438 0.61875 0.875 0.620313 0.875 0.621875 0.876562 0.623438 0.876562 0.626562 0.878125 0.628125 0.878125 0.632812 0.879687 0.634375 0.879687 0.635938 0.88125 0.6375 0.88125 0.639063 0.884375 0.642187 0.884375 0.645312 0.885938 0.646875 0.885938 0.651563 0.8875 0.653125 0.8875 0.657812 0.889063 0.659375 0.889063 0.6625 0.890625 0.664062 0.890625 0.665625 0.892187 0.667188 0.892187 0.66875 0.89375 0.670313 0.89375 0.671875 0.895312 0.673437 0.895312 0.676562 0.896875 0.678125 0.896875 0.68125 0.898438 0.682813 0.898438 0.684375 0.901563 0.6875 0.901563 0.690625 0.903125 0.692187 0.903125 0.695312 0.904688 0.696875 0.904688 0.70625 0.90625 0.707812 0.90625 0.709375 0.907812 0.710938 0.907812 0.7125 0.909375 0.714063 0.909375 0.715625 0.910937 0.717188 0.910937 0.71875 0.9125 0.720312 0.9125 0.723437 0.914062 0.725 0.914062 0.73125 0.915625 0.732813 0.915625 0.739062 0.917188 0.740625 0.917188 0.746875 0.91875 0.748438 0.91875 0.75 0.920313 0.751562 0.920313 0.753125 0.921875 0.754687 0.923437 0.754687 0.926562 0.757812 0.93125 0.757812 0.932813 0.759375 0.932813 0.764063 0.935938 0.764063 0.935938 0.759375 0.9375 0.757812 0.945312 0.757812 0.946875 0.75625 0.954687 0.75625 0.95625 0.754687 0.965625 0.754687 0.967188 0.753125 0.975 0.753125 0.976562 0.751562 0.984375 0.751562 0.985937 0.75 0.99375 0.75 0.995313 0.748438 0.998438 0.748438 0.998438 0.521875 0.969334
0 0.9 0.285937 0.898438 0.2875 0.896875 0.2875 0.895312 0.289062 0.892187 0.289062 0.890625 0.290625 0.88125 0.290625 0.879687 0.292188 0.873438 0.292188 0.871875 0.29375 0.86875 0.29375 0.867188 0.295312 0.864062 0.295312 0.8625 0.296875 0.857813 0.296875 0.85625 0.298438 0.851562 0.298438 0.85 0.3 0.840625 0.3 0.839063 0.301562 0.832812 0.301562 0.83125 0.303125 0.829687 0.303125 0.828125 0.304688 0.821875 0.304688 0.820312 0.30625 0.815625 0.30625 0.814062 0.307813 0.807813 0.307813 0.80625 0.309375 0.803125 0.309375 0.803125 0.314063 0.934375 0.314063 0.934375 0.307813 0.932813 0.30625 0.932813 0.304688 0.929688 0.301562 0.929688 0.3 0.928125 0.298438 0.928125 0.296875 0.926562 0.295312 0.926562 0.290625 0.925 0.289062 0.923437 0.289062 0.921875 0.2875 0.91875 0.2875 0.917188 0.285937 0.9 0.285937 0.9 0.279687 0.903125 0.276563 0.904688 0.276563 0.90625 0.275 0.914062 0.275 0.915625 0.273438 0.934375 0.273438 0.935938 0.271875 0.945312 0.271875 0.946875 0.270312 0.95625 0.270312 0.957812 0.26875 0.964063 0.26875 0.965625 0.267188 0.970312 0.267188 0.971875 0.265625 0.973437 0.265625 0.975 0.264062 0.976562 0.264062 0.978125 0.2625 0.979688 0.2625 0.98125 0.260938 0.982813 0.260938 0.985937 0.257812 0.985937 0.25625 0.9875 0.254687 0.9875 0.242188 0.985937 0.240625 0.985937 0.23125 0.984375 0.229687 0.984375 0.225 0.982813 0.223438 0.982813 0.220313 0.98125 0.21875 0.98125 0.215625 0.979688 0.214062 0.979688 0.210938 0.978125 0.209375 0.978125 0.203125 0.976562 0.201562 0.976562 0.198437 0.975 0.196875 0.975 0.19375 0.973437 0.192188 0.973437 0.173438 0.971875 0.171875 0.971875 0.1625 0.970312 0.160938 0.970312 0.159375 0.96875 0.157813 0.96875 0.154687 0.967188 0.153125 0.967188 0.15 0.965625 0.148438 0.965625 0.146875 0.964063 0.145313 0.964063 0.14375 0.9625 0.142188 0.9625 0.140625 0.960938 0.139062 0.960938 0.135937 0.959375 0.134375 0.959375 0.129688 0.957812 0.128125 0.957812 0.125 0.95625 0.123438 0.95625 0.120312 0.954687 0.11875 0.954687 0.115625 0.953125 0.114063 0.953125 0.107813 0.951563 0.10625 0.951563 0.101562 0.95 0.1 0.95 0.0921875 0.948438 0.090625 0.948438 0.084375 0.946875 0.0828125 0.946875 0.078125 0.945312 0.0765625 0.945312 0.0734375 0.94375 0.071875 0.94375 0.0640625 0.942187 0.0625 0.942187 0.0328125 0.94375 0.03125 0.94375 0.028125 0.945312 0.0265625 0.945312 0.025 0.946875 0.0234375 0.948438 0.0234375 0.95 0.021875 0.953125 0.021875 0.953125 0.015625 0.892187 0.015625 0.892187 0.0203125 0.889063 0.0234375 0.885938 0.0234375 0.884375 0.025 0.88125 0.025 0.879687 0.0265625 0.878125 0.0265625 0.875 0.0296875 0.873438 0.0296875 0.871875 0.03125 0.86875 0.03125 0.867188 0.0328125 0.864062 0.0328125 0.8625 0.034375 0.857813 0.034375 0.85625 0.0359375 0.85 0.0359375 0.848437 0.0375 0.839063 0.0375 0.8375 0.0390625 0.829687 0.0390625 0.828125 0.040625 0.823438 0.040625 0.821875 0.0421875 0.817187 0.0421875 0.815625 0.04375 0.8 0.04375 0.798437 0.0453125 0.792188 0.0453125 0.790625 0.046875 0.7875 0.046875 0.785937 0.0484375 0.782812 0.0484375 0.78125 0.05 0.778125 0.05 0.776563 0.0515625 0.773438 0.0515625 0.771875 0.053125 0.770312 0.053125 0.76875 0.0546875 0.767187 0.0546875 0.765625 0.05625 0.764063 0.05625 0.7625 0.0578125 0.759375 0.0578125 0.757812 0.059375 0.754687 0.059375 0.753125 0.0609375 0.75 0.0609375 0.748438 0.0625 0.74375 0.0625 0.742188 0.0640625 0.734375 0.0640625 0.732813 0.065625 0.729688 0.065625 0.728125 0.0671875 0.725 0.0671875 0.723437 0.06875 0.71875 0.06875 0.717188 0.0703125 0.704687 0.0703125 0.703125 0.06875 0.698438 0.06875 0.696875 0.0671875 0.695312 0.0671875 0.69375 0.065625 0.676562 0.065625 0.675 0.0671875 0.673437 0.0671875 0.671875 0.06875 0.665625 0.06875 0.664062 0.0703125 0.654688 0.0703125 0.653125 0.071875 0.65 0.071875 0.648438 0.0734375 0.64375 0.0734375 0.642187 0.075 0.6375 0.075 0.635938 0.0765625 0.628125 0.0765625 0.628125 0.0984375 0.632812 0.0984375 0.6375 0.103125 0.6375 0.104687 0.639063 0.10625 0.639063 0.114063 0.640625 0.115625 0.640625 0.120312 0.642187 0.121875 0.642187 0.125 0.64375 0.126563 0.64375 0.13125 0.645312 0.132812 0.645312 0.139062 0.646875 0.140625 0.646875 0.145313 0.648438 0.146875 0.648438 0.15 0.65 0.151562 0.65 0.15625 0.651563 0.157813 0.651563 0.165625 0.653125 0.167187 0.653125 0.171875 0.654688 0.173438 0.654688 0.176563 0.65625 0.178125 0.65625 0.179688 0.657812 0.18125 0.657812 0.185937 0.659375 0.1875 0.659375 0.192188 0.660937 0.19375 0.660937 0.198437 0.6625 0.2 0.6625 0.20625 0.664062 0.207813 0.664062 0.215625 0.665625 0.217187 0.665625 0.21875 0.667188 0.220313 0.667188 0.221875 0.66875 0.223438 0.66875 0.225 0.670313 0.226562 0.670313 0.23125 0.671875 0.232812 0.671875 0.2375 0.673437 0.239063 0.673437 0.242188 0.675 0.24375 0.675 0.251563 0.676562 0.253125 0.676562 0.2625 0.678125 0.264062 0.678125 0.270312 0.679688 0.271875 0.679688 0.275 0.68125 0.276563 0.68125 0.278125 0.682813 0.279687 0.682813 0.284375 0.684375 0.285937 0.684375 0.289062 0.685938 0.290625 0.685938 0.292188 0.6875 0.29375 0.6875 0.296875 0.689062 0.298438 0.689062 0.301562 0.690625 0.303125 0.690625 0.304688 0.692187 0.304688 0.695312 0.307813 0.695312 0.314063 0.732813 0.314063 0.732813 0.309375 0.735937 0.30625 0.739062 0.30625 0.740625 0.304688 0.742188 0.304688 0.746875 0.3 0.748438 0.3 0.75 0.298438 0.751562 0.298438 0.757812 0.292188 0.759375 0.292188 0.760938 0.290625 0.7625 0.290625 0.764063 0.289062 0.765625 0.289062 0.767187 0.2875 0.771875 0.2875 0.773438 0.285937 0.776563 0.285937 0.778125 0.284375 0.785937 0.284375 0.7875 0.282813 0.83125 0.282813 0.832812 0.28125 0.871875 0.28125 0.873438 0.282813 0.879687 0.282813 0.88125 0.28125 0.895312 0.28125 0.896875 0.279687 0.9 0.279687 0.966753
0 0.257812 0.664062 0.264062 0.664062 0.264062 0.6375 0.257812 0.6375 0.25625 0.639063 0.25625 0.640625 0.254687 0.642187 0.254687 0.646875 0.253125 0.648438 0.253125 0.65 0.251563 0.651563 0.253125 0.653125 0.253125 0.654688 0.254687 0.65625 0.254687 0.657812 0.25625 0.659375 0.25625 0.660937 0.257812 0.6625 0.257812 0.664062 0.164062 0.746875 0.153125 0.735937 0.153125 0.734375 0.151562 0.732813 0.15 0.732813 0.145313 0.728125 0.142188 0.728125 0.139062 0.725 0.1375 0.725 0.135937 0.723437 0.134375 0.723437 0.13125 0.720312 0.13125 0.71875 0.128125 0.715625 0.128125 0.714063 0.126563 0.7125 0.126563 0.710938 0.125 0.709375 0.125 0.707812 0.123438 0.70625 0.123438 0.704687 0.120312 0.701563 0.120312 0.698438 0.11875 0.696875 0.11875 0.69375 0.117188 0.692187 0.117188 0.690625 0.115625 0.689062 0.115625 0.6875 0.114063 0.685938 0.114063 0.682813 0.1125 0.68125 0.1125 0.678125 0.110937 0.676562 0.110937 0.673437 0.109375 0.671875 0.109375 0.670313 0.107813 0.66875 0.107813 0.665625 0.10625 0.664062 0.10625 0.660937 0.104687 0.659375 0.104687 0.657812 0.103125 0.65625 0.103125 0.654688 0.101562 0.653125 0.101562 0.65 0.1 0.648438 0.1 0.645312 0.0984375 0.64375 0.0984375 0.642187 0.0953125 0.639063 0.0953125 0.6375 0.09375 0.635938 0.09375 0.632812 0.0921875 0.63125 0.0921875 0.629687 0.090625 0.628125 0.090625 0.625 0.0890625 0.623438 0.0890625 0.620313 0.0875 0.61875 0.0875 0.617188 0.0859375 0.615625 0.0859375 0.6125 0.084375 0.610937 0.084375 0.60625 0.0828125 0.604688 0.0828125 0.598437 0.08125 0.596875 0.08125 0.5875 0.0796875 0.585938 0.0796875 0.582812 0.078125 0.58125 0.078125 0.578125 0.0765625 0.576563 0.0765625 0.575 0.075 0.573438 0.075 0.571875 0.071875 0.56875 0.071875 0.565625 0.0671875 0.560938 0.0671875 0.559375 0.065625 0.557813 0.065625 0.55625 0.0640625 0.554688 0.0640625 0.553125 0.0625 0.551562 0.0625 0.55 0.059375 0.546875 0.059375 0.545313 0.0546875 0.540625 0.0546875 0.539062 0.053125 0.5375 0.053125 0.535937 0.0515625 0.534375 0.0515625 0.532812 0.05 0.53125 0.05 0.528125 0.0484375 0.526563 0.0484375 0.525 0.046875 0.523438 0.046875 0.515625 0.015625 0.515625 0.015625 0.520312 0.0125 0.523438 0.009375 0.523438 0.0078125 0.525 0.00625 0.525 0.003125 0.528125 0 0.528125 0 0.998438 0.254687 0.998438 0.254687 0.984375 0.253125 0.982813 0.253125 0.976562 0.251563 0.975 0.251563 0.970312 0.25 0.96875 0.25 0.965625 0.248437 0.964063 0.248437 0.957812 0.246875 0.95625 0.246875 0.951563 0.245312 0.95 0.245312 0.945312 0.24375 0.94375 0.24375 0.940625 0.242188 0.939062 0.242188 0.935938 0.240625 0.934375 0.240625 0.929688 0.239063 0.928125 0.239063 0.925 0.2375 0.923437 0.2375 0.920313 0.235938 0.91875 0.235938 0.915625 0.234375 0.914062 0.234375 0.910937 0.232812 0.909375 0.232812 0.907812 0.229687 0.904688 0.229687 0.903125 0.228125 0.901563 0.228125 0.898438 0.226562 0.896875 0.226562 0.895312 0.225 0.89375 0.225 0.892187 0.223438 0.890625 0.223438 0.889063 0.221875 0.8875 0.221875 0.882812 0.220313 0.88125 0.220313 0.876562 0.21875 0.875 0.21875 0.871875 0.217187 0.870313 0.217187 0.867188 0.215625 0.865625 0.215625 0.864062 0.214062 0.8625 0.214062 0.859375 0.210938 0.85625 0.210938 0.853125 0.209375 0.851562 0.209375 0.848437 0.207813 0.846875 0.207813 0.84375 0.20625 0.842188 0.20625 0.840625 0.204688 0.839063 0.204688 0.835938 0.203125 0.834375 0.203125 0.83125 0.201562 0.829687 0.201562 0.828125 0.2 0.826563 0.2 0.825 0.198437 0.823438 0.198437 0.821875 0.196875 0.820312 0.196875 0.817187 0.195312 0.815625 0.195312 0.8125 0.19375 0.810938 0.19375 0.809375 0.192188 0.807813 0.192188 0.804688 0.190625 0.803125 0.190625 0.8 0.189063 0.798437 0.189063 0.795313 0.185937 0.792188 0.185937 0.790625 0.184375 0.789062 0.184375 0.7875 0.182812 0.785937 0.182812 0.784375 0.18125 0.782812 0.18125 0.779688 0.178125 0.776563 0.178125 0.775 0.176563 0.773438 0.176563 0.771875 0.175 0.770312 0.175 0.76875 0.171875 0.765625 0.171875 0.7625 0.170312 0.760938 0.170312 0.757812 0.16875 0.75625 0.16875 0.754687 0.167187 0.753125 0.167187 0.751562 0.164062 0.748438 0.164062 0.746875 0.957671
0 0.789062 0.546875 0.789062 0.551562 0.7875 0.553125 0.785937 0.553125 0.784375 0.554688 0.779688 0.554688 0.778125 0.55625 0.773438 0.55625 0.771875 0.557813 0.767187 0.557813 0.765625 0.559375 0.759375 0.559375 0.757812 0.560938 0.753125 0.560938 0.751562 0.5625 0.74375 0.5625 0.742188 0.564062 0.735937 0.564062 0.734375 0.565625 0.714063 0.565625 0.7125 0.567187 0.707812 0.567187 0.70625 0.56875 0.704687 0.56875 0.703125 0.570312 0.696875 0.570312 0.696875 0.615625 0.701563 0.615625 0.704687 0.61875 0.704687 0.620313 0.70625 0.621875 0.70625 0.626562 0.707812 0.628125 0.707812 0.632812 0.709375 0.634375 0.709375 0.639063 0.710938 0.640625 0.710938 0.64375 0.7125 0.645312 0.7125 0.65 0.714063 0.651563 0.714063 0.657812 0.715625 0.659375 0.715625 0.660937 0.717188 0.6625 0.717188 0.665625 0.71875 0.667188 0.71875 0.670313 0.720312 0.671875 0.720312 0.676562 0.721875 0.678125 0.721875 0.68125 0.723437 0.682813 0.723437 0.685938 0.725 0.6875 0.725 0.692187 0.726562 0.69375 0.726562 0.698438 0.728125 0.7 0.728125 0.703125 0.729688 0.704687 0.729688 0.707812 0.73125 0.709375 0.73125 0.710938 0.732813 0.7125 0.732813 0.714063 0.734375 0.715625 0.734375 0.717188 0.735937 0.71875 0.735937 0.723437 0.7375 0.725 0.7375 0.729688 0.739062 0.73125 0.739062 0.734375 0.740625 0.735937 0.740625 0.7375 0.742188 0.739062 0.742188 0.742188 0.74375 0.74375 0.74375 0.746875 0.745313 0.748438 0.745313 0.75 0.746875 0.751562 0.746875 0.753125 0.748438 0.753125 0.75 0.754687 0.751562 0.754687 0.753125 0.75625 0.775 0.75625 0.776563 0.754687 0.796875 0.754687 0.798437 0.753125 0.817187 0.753125 0.820312 0.75625 0.821875 0.75625 0.829687 0.764063 0.83125 0.764063 0.832812 0.765625 0.832812 0.770312 0.840625 0.770312 0.840625 0.765625 0.842188 0.764063 0.845312 0.764063 0.846875 0.7625 0.853125 0.7625 0.854688 0.760938 0.859375 0.760938 0.860937 0.759375 0.867188 0.759375 0.86875 0.757812 0.873438 0.757812 0.875 0.75625 0.878125 0.75625 0.879687 0.754687 0.882812 0.754687 0.884375 0.753125 0.885938 0.753125 0.890625 0.748438 0.895312 0.748438 0.895312 0.725 0.890625 0.725 0.889063 0.723437 0.889063 0.721875 0.8875 0.720312 0.8875 0.715625 0.885938 0.714063 0.885938 0.709375 0.884375 0.707812 0.884375 0.703125 0.882812 0.701563 0.882812 0.698438 0.88125 0.696875 0.88125 0.695312 0.879687 0.69375 0.879687 0.689062 0.878125 0.6875 0.878125 0.68125 0.876562 0.679688 0.876562 0.673437 0.875 0.671875 0.875 0.659375 0.873438 0.657812 0.873438 0.64375 0.871875 0.642187 0.871875 0.6375 0.870313 0.635938 0.870313 0.634375 0.86875 0.632812 0.86875 0.63125 0.867188 0.629687 0.867188 0.625 0.865625 0.623438 0.865625 0.621875 0.864062 0.620313 0.864062 0.61875 0.8625 0.617188 0.8625 0.615625 0.859375 0.6125 0.859375 0.610937 0.85625 0.607813 0.85625 0.604688 0.854688 0.603125 0.854688 0.596875 0.853125 0.595312 0.853125 0.590625 0.851562 0.589063 0.851562 0.585938 0.85 0.584375 0.85 0.579687 0.848437 0.578125 0.848437 0.573438 0.846875 0.571875 0.846875 0.56875 0.845312 0.567187 0.845312 0.564062 0.84375 0.5625 0.84375 0.557813 0.842188 0.55625 0.842188 0.546875 0.955926
0 0.571875 0.065625 0.571875 0.0703125 0.56875 0.0734375 0.565625 0.0734375 0.564062 0.075 0.560938 0.075 0.559375 0.0765625 0.554688 0.0765625 0.553125 0.078125 0.546875 0.078125 0.545313 0.0796875 0.535937 0.0796875 0.534375 0.08125 0.523438 0.08125 0.521875 0.0828125 0.5125 0.0828125 0.510938 0.084375 0.503125 0.084375 0.501562 0.0859375 0.454688 0.0859375 0.453125 0.0875 0.44375 0.0875 0.442187 0.0890625 0.43125 0.0890625 0.429688 0.090625 0.421875 0.090625 0.421875 0.129688 0.426562 0.129688 0.429688 0.132812 0.429688 0.134375 0.43125 0.135937 0.43125 0.139062 0.432813 0.140625 0.432813 0.146875 0.434375 0.148438 0.434375 0.151562 0.435937 0.153125 0.435937 0.154687 0.4375 0.15625 0.4375 0.159375 0.439063 0.160938 0.439063 0.164062 0.440625 0.165625 0.440625 0.167187 0.442187 0.16875 0.442187 0.170312 0.445312 0.173438 0.445312 0.175 0.446875 0.176563 0.446875 0.178125 0.448438 0.179688 0.448438 0.184375 0.45 0.185937 0.45 0.190625 0.451562 0.192188 0.451562 0.195312 0.453125 0.196875 0.453125 0.2 0.454688 0.201562 0.454688 0.20625 0.45625 0.207813 0.45625 0.210938 0.457812 0.2125 0.457812 0.215625 0.459375 0.217187 0.459375 0.220313 0.460938 0.221875 0.460938 0.223438 0.4625 0.225 0.4625 0.226562 0.464063 0.228125 0.464063 0.23125 0.465625 0.232812 0.465625 0.235938 0.467187 0.2375 0.467187 0.242188 0.46875 0.24375 0.46875 0.248437 0.470313 0.25 0.470313 0.254687 0.471875 0.25625 0.471875 0.257812 0.473437 0.259375 0.473437 0.260938 0.475 0.2625 0.475 0.267188 0.476562 0.26875 0.476562 0.273438 0.478125 0.275 0.478125 0.278125 0.479688 0.279687 0.479688 0.284375 0.48125 0.285937 0.48125 0.290625 0.482812 0.292188 0.482812 0.29375 0.484375 0.295312 0.484375 0.296875 0.490625 0.303125 0.490625 0.307813 0.507812 0.307813 0.507812 0.303125 0.509375 0.301562 0.510938 0.301562 0.5125 0.3 0.51875 0.3 0.520312 0.298438 0.525 0.298438 0.526563 0.296875 0.529688 0.296875 0.53125 0.295312 0.534375 0.295312 0.535937 0.29375 0.545313 0.29375 0.546875 0.295312 0.560938 0.295312 0.5625 0.29375 0.571875 0.29375 0.573438 0.292188 0.579687 0.292188 0.58125 0.290625 0.585938 0.290625 0.5875 0.289062 0.590625 0.289062 0.592188 0.2875 0.595312 0.2875 0.596875 0.285937 0.6 0.285937 0.601562 0.284375 0.60625 0.284375 0.607813 0.282813 0.609375 0.282813 0.610937 0.28125 0.614062 0.28125 0.615625 0.279687 0.61875 0.279687 0.620313 0.278125 0.621875 0.278125 0.623438 0.276563 0.628125 0.276563 0.629687 0.275 0.632812 0.275 0.634375 0.273438 0.646875 0.273438 0.648438 0.271875 0.648438 0.25625 0.646875 0.254687 0.646875 0.245312 0.645312 0.24375 0.645312 0.239063 0.64375 0.2375 0.64375 0.235938 0.642187 0.234375 0.642187 0.23125 0.640625 0.229687 0.640625 0.221875 0.639063 0.220313 0.639063 0.215625 0.6375 0.214062 0.6375 0.210938 0.635938 0.209375 0.635938 0.20625 0.634375 0.204688 0.634375 0.201562 0.632812 0.2 0.632812 0.196875 0.63125 0.195312 0.63125 0.19375 0.629687 0.192188 0.629687 0.1875 0.628125 0.185937 0.628125 0.178125 0.626562 0.176563 0.626562 0.170312 0.625 0.16875 0.625 0.164062 0.623438 0.1625 0.623438 0.154687 0.621875 0.153125 0.621875 0.145313 0.620313 0.14375 0.620313 0.140625 0.61875 0.139062 0.61875 0.135937 0.617188 0.134375 0.617188 0.126563 0.615625 0.125 0.615625 0.114063 0.614062 0.1125 0.614062 0.107813 0.6125 0.10625 0.6125 0.101562 0.610937 0.1 0.610937 0.0953125 0.609375 0.09375 0.609375 0.0875 0.607813 0.0859375 0.607813 0.08125 0.60625 0.0796875 0.60625 0.0765625 0.604688 0.075 0.604688 0.065625 0.954922
0 0.40625 0.796875 0.40625 0.801562 0.404687 0.803125 0.403125 0.803125 0.401563 0.804688 0.398438 0.804688 0.396875 0.80625 0.392188 0.80625 0.390625 0.807813 0.385938 0.807813 0.384375 0.809375 0.38125 0.809375 0.379687 0.810938 0.376563 0.810938 0.375 0.8125 0.367188 0.8125 0.365625 0.814062 0.357812 0.814062 0.35625 0.815625 0.351562 0.815625 0.35 0.817187 0.34375 0.817187 0.342187 0.81875 0.334375 0.81875 0.332812 0.820312 0.315625 0.820312 0.314063 0.821875 0.304688 0.821875 0.303125 0.823438 0.298438 0.823438 0.296875 0.825 0.292188 0.825 0.290625 0.826563 0.284375 0.826563 0.282813 0.828125 0.276563 0.828125 0.275 0.829687 0.270312 0.829687 0.26875 0.83125 0.264062 0.83125 0.2625 0.832812 0.259375 0.832812 0.257812 0.834375 0.253125 0.834375 0.253125 0.865625 0.257812 0.865625 0.260938 0.86875 0.260938 0.870313 0.2625 0.871875 0.2625 0.875 0.264062 0.876562 0.264062 0.88125 0.265625 0.882812 0.265625 0.885938 0.267188 0.8875 0.267188 0.889063 0.271875 0.89375 0.273438 0.89375 0.275 0.895312 0.276563 0.895312 0.279687 0.898438 0.279687 0.9 0.28125 0.901563 0.28125 0.903125 0.282813 0.904688 0.282813 0.907812 0.284375 0.909375 0.284375 0.914062 0.2875 0.917188 0.2875 0.91875 0.289062 0.920313 0.289062 0.921875 0.292188 0.925 0.29375 0.925 0.296875 0.928125 0.296875 0.934375 0.298438 0.935938 0.298438 0.94375 0.3 0.945312 0.3 0.948438 0.301562 0.95 0.301562 0.951563 0.304688 0.954687 0.30625 0.954687 0.310937 0.959375 0.310937 0.9625 0.3125 0.964063 0.3125 0.976562 0.310937 0.978125 0.310937 0.989062 0.3125 0.990625 0.3125 0.992188 0.314063 0.99375 0.314063 0.998438 0.582812 0.998438 0.582812 0.978125 0.576563 0.978125 0.571875 0.973437 0.571875 0.971875 0.570312 0.970312 0.56875 0.970312 0.565625 0.967188 0.565625 0.965625 0.564062 0.964063 0.560938 0.964063 0.557813 0.960938 0.55625 0.960938 0.55 0.954687 0.55 0.953125 0.546875 0.95 0.546875 0.948438 0.54375 0.945312 0.542188 0.945312 0.540625 0.94375 0.5375 0.94375 0.535937 0.942187 0.532812 0.942187 0.529688 0.939062 0.529688 0.9375 0.528125 0.935938 0.528125 0.932813 0.526563 0.93125 0.526563 0.926562 0.525 0.925 0.525 0.915625 0.523438 0.914062 0.523438 0.907812 0.521875 0.90625 0.521875 0.901563 0.520312 0.9 0.520312 0.896875 0.51875 0.895312 0.51875 0.882812 0.520312 0.88125 0.520312 0.873438 0.521875 0.871875 0.521875 0.864062 0.520312 0.8625 0.520312 0.857813 0.51875 0.85625 0.51875 0.853125 0.515625 0.85 0.515625 0.848437 0.514063 0.846875 0.514063 0.845312 0.5125 0.84375 0.5125 0.842188 0.510938 0.840625 0.510938 0.839063 0.509375 0.8375 0.509375 0.834375 0.507812 0.832812 0.507812 0.829687 0.50625 0.828125 0.50625 0.825 0.504687 0.823438 0.504687 0.820312 0.503125 0.81875 0.503125 0.815625 0.501562 0.814062 0.501562 0.810938 0.5 0.809375 0.5 0.807813 0.496875 0.804688 0.496875 0.796875 0.954384
0 0.620313 0.559375 0.620313 0.564062 0.617188 0.567187 0.615625 0.567187 0.614062 0.56875 0.609375 0.56875 0.607813 0.570312 0.604688 0.570312 0.603125 0.571875 0.6 0.571875 0.598437 0.573438 0.59375 0.573438 0.592188 0.575 0.5875 0.575 0.585938 0.576563 0.58125 0.576563 0.579687 0.578125 0.576563 0.578125 0.575 0.579687 0.570312 0.579687 0.56875 0.58125 0.5625 0.58125 0.560938 0.582812 0.55625 0.582812 0.554688 0.584375 0.55 0.584375 0.548437 0.585938 0.542188 0.585938 0.540625 0.5875 0.534375 0.5875 0.532812 0.589063 0.529688 0.589063 0.528125 0.590625 0.521875 0.590625 0.521875 0.61875 0.526563 0.61875 0.529688 0.621875 0.529688 0.625 0.535937 0.63125 0.539062 0.63125 0.542188 0.634375 0.542188 0.635938 0.545313 0.639063 0.545313 0.642187 0.546875 0.64375 0.546875 0.645312 0.548437 0.646875 0.548437 0.653125 0.55 0.654688 0.55 0.657812 0.551562 0.659375 0.551562 0.660937 0.553125 0.6625 0.553125 0.667188 0.554688 0.66875 0.554688 0.673437 0.55625 0.675 0.55625 0.678125 0.557813 0.679688 0.557813 0.68125 0.559375 0.682813 0.559375 0.685938 0.560938 0.6875 0.560938 0.692187 0.5625 0.69375 0.5625 0.698438 0.564062 0.7 0.564062 0.703125 0.565625 0.704687 0.565625 0.707812 0.567187 0.709375 0.567187 0.710938 0.56875 0.7125 0.56875 0.714063 0.570312 0.715625 0.570312 0.717188 0.571875 0.71875 0.571875 0.720312 0.58125 0.729688 0.58125 0.73125 0.582812 0.732813 0.582812 0.734375 0.584375 0.735937 0.584375 0.740625 0.585938 0.742188 0.585938 0.751562 0.5875 0.753125 0.5875 0.759375 0.589063 0.760938 0.589063 0.767187 0.590625 0.76875 0.590625 0.771875 0.592188 0.773438 0.592188 0.776563 0.595312 0.779688 0.595312 0.78125 0.598437 0.784375 0.598437 0.789062 0.625 0.789062 0.625 0.784375 0.626562 0.782812 0.63125 0.782812 0.632812 0.78125 0.651563 0.78125 0.653125 0.779688 0.68125 0.779688 0.682813 0.778125 0.690625 0.778125 0.692187 0.776563 0.695312 0.776563 0.696875 0.775 0.7 0.775 0.701563 0.773438 0.703125 0.773438 0.704687 0.771875 0.70625 0.771875 0.707812 0.770312 0.710938 0.770312 0.714063 0.767187 0.715625 0.767187 0.717188 0.765625 0.71875 0.765625 0.721875 0.7625 0.726562 0.7625 0.726562 0.742188 0.721875 0.742188 0.71875 0.739062 0.71875 0.734375 0.717188 0.732813 0.717188 0.728125 0.715625 0.726562 0.715625 0.721875 0.714063 0.720312 0.714063 0.714063 0.7125 0.7125 0.7125 0.707812 0.710938 0.70625 0.710938 0.701563 0.709375 0.7 0.709375 0.69375 0.707812 0.692187 0.707812 0.6875 0.70625 0.685938 0.70625 0.682813 0.704687 0.68125 0.704687 0.678125 0.703125 0.676562 0.703125 0.670313 0.701563 0.66875 0.701563 0.6625 0.7 0.660937 0.7 0.657812 0.698438 0.65625 0.698438 0.653125 0.696875 0.651563 0.696875 0.646875 0.695312 0.645312 0.695312 0.64375 0.69375 0.642187 0.69375 0.639063 0.692187 0.6375 0.692187 0.634375 0.690625 0.632812 0.690625 0.628125 0.689062 0.626562 0.689062 0.623438 0.6875 0.621875 0.6875 0.620313 0.685938 0.61875 0.685938 0.615625 0.684375 0.614062 0.684375 0.609375 0.682813 0.607813 0.682813 0.60625 0.68125 0.604688 0.68125 0.601562 0.679688 0.6 0.679688 0.590625 0.678125 0.589063 0.678125 0.58125 0.676562 0.579687 0.676562 0.576563 0.675 0.575 0.675 0.573438 0.673437 0.571875 0.673437 0.56875 0.671875 0.567187 0.671875 0.565625 0.670313 0.564062 0.670313 0.559375 0.953607
0 0.965625 0.790625 0.965625 0.795313 0.9625 0.798437 0.960938 0.798437 0.959375 0.8 0.951563 0.8 0.95 0.801562 0.940625 0.801562 0.939062 0.803125 0.934375 0.803125 0.932813 0.804688 0.925 0.804688 0.923437 0.80625 0.909375 0.80625 0.909375 0.84375 0.914062 0.84375 0.915625 0.845312 0.915625 0.846875 0.917188 0.848437 0.917188 0.851562 0.91875 0.853125 0.91875 0.860937 0.920313 0.8625 0.920313 0.870313 0.921875 0.871875 0.921875 0.879687 0.923437 0.88125 0.923437 0.89375 0.925 0.895312 0.925 0.903125 0.926562 0.904688 0.926562 0.910937 0.928125 0.9125 0.928125 0.917188 0.929688 0.91875 0.929688 0.923437 0.93125 0.925 0.93125 0.929688 0.932813 0.93125 0.932813 0.942187 0.934375 0.94375 0.934375 0.951563 0.935938 0.953125 0.935938 0.954687 0.9375 0.95625 0.9375 0.957812 0.939062 0.959375 0.939062 0.960938 0.940625 0.9625 0.940625 0.964063 0.942187 0.965625 0.942187 0.971875 0.94375 0.973437 0.94375 0.978125 0.945312 0.979688 0.945312 0.984375 0.946875 0.985937 0.946875 0.990625 0.948438 0.992188 0.948438 0.995313 0.95 0.996875 0.95 0.998438 0.998438 0.998438 0.998438 0.790625 0.942118
0 0.778125 0.803125 0.778125 0.807813 0.776563 0.809375 0.775 0.809375 0.773438 0.810938 0.765625 0.810938 0.764063 0.8125 0.75625 0.8125 0.754687 0.814062 0.739062 0.814062 0.7375 0.815625 0.726562 0.815625 0.725 0.817187 0.710938 0.817187 0.709375 0.81875 0.703125 0.81875 0.701563 0.820312 0.7 0.820312 0.689062 0.83125 0.665625 0.83125 0.664062 0.832812 0.654688 0.832812 0.653125 0.834375 0.645312 0.834375 0.64375 0.835938 0.639063 0.835938 0.6375 0.8375 0.635938 0.8375 0.634375 0.839063 0.628125 0.839063 0.628125 0.8625 0.632812 0.8625 0.634375 0.864062 0.634375 0.865625 0.635938 0.867188 0.635938 0.873438 0.6375 0.875 0.6375 0.879687 0.639063 0.88125 0.639063 0.884375 0.640625 0.885938 0.640625 0.8875 0.642187 0.889063 0.642187 0.892187 0.645312 0.895312 0.645312 0.896875 0.646875 0.898438 0.646875 0.9 0.65 0.903125 0.65 0.910937 0.648438 0.9125 0.648438 0.915625 0.65 0.917188 0.65 0.920313 0.651563 0.921875 0.651563 0.923437 0.653125 0.925 0.653125 0.926562 0.654688 0.926562 0.657812 0.929688 0.670313 0.929688 0.673437 0.926562 0.673437 0.920313 0.657812 0.904688 0.65625 0.904688 0.654688 0.903125 0.657812 0.9 0.659375 0.9 0.660937 0.898438 0.671875 0.898438 0.675 0.901563 0.676562 0.901563 0.678125 0.903125 0.678125 0.90625 0.679688 0.907812 0.679688 0.914062 0.68125 0.915625 0.68125 0.91875 0.679688 0.920313 0.68125 0.921875 0.68125 0.928125 0.684375 0.93125 0.684375 0.934375 0.685938 0.935938 0.685938 0.939062 0.6875 0.940625 0.6875 0.942187 0.690625 0.945312 0.690625 0.946875 0.692187 0.948438 0.692187 0.951563 0.703125 0.9625 0.704687 0.9625 0.70625 0.964063 0.715625 0.964063 0.717188 0.965625 0.717188 0.967188 0.71875 0.96875 0.720312 0.96875 0.721875 0.970312 0.721875 0.979688 0.720312 0.98125 0.720312 0.982813 0.71875 0.984375 0.71875 0.998438 0.920313 0.998438 0.920313 0.965625 0.915625 0.965625 0.914062 0.964063 0.914062 0.960938 0.9125 0.959375 0.9125 0.95625 0.910937 0.954687 0.910937 0.951563 0.909375 0.95 0.909375 0.948438 0.907812 0.946875 0.907812 0.945312 0.90625 0.94375 0.90625 0.942187 0.904688 0.940625 0.904688 0.9375 0.903125 0.935938 0.903125 0.926562 0.901563 0.925 0.901563 0.915625 0.9 0.914062 0.9 0.907812 0.898438 0.90625 0.898438 0.9 0.896875 0.898438 0.896875 0.88125 0.895312 0.879687 0.895312 0.86875 0.89375 0.867188 0.89375 0.8625 0.892187 0.860937 0.892187 0.85625 0.890625 0.854688 0.890625 0.85 0.889063 0.848437 0.889063 0.84375 0.8875 0.842188 0.8875 0.839063 0.885938 0.8375 0.885938 0.83125 0.884375 0.829687 0.884375 0.820312 0.882812 0.81875 0.882812 0.810938 0.88125 0.809375 0.88125 0.803125 0.928652
0 0.43125 0.353125 0.429688 0.354688 0.428125 0.354688 0.426562 0.35625 0.425 0.35625 0.421875 0.359375 0.415625 0.359375 0.415625 0.384375 0.420312 0.384375 0.423438 0.3875 0.423438 0.392188 0.425 0.39375 0.425 0.4 0.426562 0.401563 0.426562 0.404687 0.428125 0.40625 0.428125 0.407813 0.43125 0.410937 0.432813 0.410937 0.434375 0.4125 0.439063 0.4125 0.440625 0.410937 0.445312 0.410937 0.446875 0.409375 0.45625 0.409375 0.457812 0.410937 0.459375 0.410937 0.4625 0.414062 0.4625 0.415625 0.465625 0.41875 0.465625 0.420312 0.467187 0.421875 0.467187 0.425 0.46875 0.426562 0.46875 0.429688 0.470313 0.43125 0.470313 0.435937 0.471875 0.4375 0.471875 0.440625 0.473437 0.442187 0.473437 0.446875 0.475 0.448438 0.475 0.453125 0.476562 0.454688 0.476562 0.459375 0.478125 0.460938 0.478125 0.464063 0.479688 0.465625 0.479688 0.46875 0.48125 0.470313 0.48125 0.476562 0.482812 0.478125 0.482812 0.482812 0.484375 0.484375 0.484375 0.4875 0.485938 0.489062 0.485938 0.49375 0.4875 0.495313 0.4875 0.504687 0.489062 0.50625 0.489062 0.5125 0.490625 0.514063 0.490625 0.517187 0.492188 0.51875 0.492188 0.525 0.49375 0.526563 0.49375 0.539062 0.495313 0.540625 0.495313 0.545313 0.501562 0.551562 0.504687 0.551562 0.50625 0.553125 0.51875 0.553125 0.520312 0.551562 0.529688 0.551562 0.53125 0.55 0.545313 0.55 0.546875 0.548437 0.565625 0.548437 0.567187 0.546875 0.58125 0.546875 0.582812 0.545313 0.589063 0.545313 0.590625 0.54375 0.596875 0.54375 0.598437 0.542188 0.607813 0.542188 0.609375 0.540625 0.61875 0.540625 0.620313 0.539062 0.626562 0.539062 0.628125 0.5375 0.639063 0.5375 0.640625 0.535937 0.654688 0.535937 0.65625 0.534375 0.6625 0.534375 0.664062 0.532812 0.66875 0.532812 0.670313 0.53125 0.676562 0.53125 0.678125 0.529688 0.682813 0.529688 0.684375 0.528125 0.689062 0.528125 0.690625 0.526563 0.69375 0.526563 0.695312 0.525 0.696875 0.525 0.698438 0.523438 0.701563 0.523438 0.703125 0.521875 0.704687 0.521875 0.70625 0.520312 0.707812 0.520312 0.709375 0.51875 0.714063 0.51875 0.714063 0.496875 0.709375 0.496875 0.70625 0.49375 0.70625 0.490625 0.704687 0.489062 0.704687 0.484375 0.703125 0.482812 0.703125 0.476562 0.701563 0.475 0.701563 0.46875 0.7 0.467187 0.7 0.464063 0.698438 0.4625 0.698438 0.460938 0.696875 0.459375 0.696875 0.457812 0.695312 0.45625 0.695312 0.454688 0.69375 0.453125 0.69375 0.451562 0.692187 0.45 0.692187 0.446875 0.690625 0.445312 0.690625 0.442187 0.689062 0.440625 0.689062 0.4375 0.6875 0.435937 0.6875 0.434375 0.685938 0.432813 0.685938 0.43125 0.684375 0.429688 0.684375 0.428125 0.675 0.41875 0.673437 0.41875 0.671875 0.417188 0.670313 0.417188 0.660937 0.407813 0.660937 0.40625 0.659375 0.404687 0.659375 0.392188 0.660937 0.390625 0.660937 0.3875 0.659375 0.385938 0.659375 0.371875 0.660937 0.370313 0.660937 0.365625 0.66875 0.357812 0.670313 0.357812 0.670313 0.35625 0.673437 0.353125 0.673437 0.35 0.675 0.348437 0.675 0.3375 0.673437 0.335938 0.673437 0.326562 0.671875 0.325 0.671875 0.320312 0.670313 0.31875 0.670313 0.317187 0.66875 0.315625 0.66875 0.309375 0.617188 0.309375 0.617188 0.314063 0.615625 0.315625 0.614062 0.315625 0.6125 0.317187 0.609375 0.317187 0.607813 0.31875 0.604688 0.31875 0.603125 0.320312 0.6 0.320312 0.598437 0.321875 0.596875 0.321875 0.595312 0.323438 0.592188 0.323438 0.590625 0.325 0.58125 0.325 0.579687 0.326562 0.570312 0.326562 0.56875 0.328125 0.564062 0.328125 0.5625 0.329688 0.559375 0.329688 0.557813 0.33125 0.55 0.33125 0.548437 0.332812 0.539062 0.332812 0.5375 0.334375 0.534375 0.334375 0.532812 0.335938 0.53125 0.335938 0.528125 0.339063 0.526563 0.339063 0.525 0.340625 0.523438 0.340625 0.523438 0.342187 0.525 0.34375 0.525 0.348437 0.523438 0.35 0.523438 0.351562 0.521875 0.353125 0.521875 0.354688 0.520312 0.35625 0.507812 0.35625 0.504687 0.359375 0.504687 0.360938 0.503125 0.3625 0.503125 0.367188 0.510938 0.375 0.510938 0.376563 0.50625 0.38125 0.504687 0.38125 0.501562 0.384375 0.498437 0.384375 0.496875 0.385938 0.492188 0.385938 0.490625 0.3875 0.482812 0.3875 0.48125 0.385938 0.476562 0.385938 0.473437 0.382812 0.473437 0.376563 0.475 0.375 0.475 0.373437 0.478125 0.370313 0.476562 0.36875 0.476562 0.367188 0.475 0.365625 0.475 0.357812 0.470313 0.353125 0.46875 0.353125 0.467187 0.351562 0.442187 0.351562 0.440625 0.353125 0.43125 0.353125 0.423438 0.315625 0.425 0.314063 0.426562 0.314063 0.426562 0.309375 0.415625 0.309375 0.415625 0.315625 0.423438 0.315625 0.926539
0 0.3375 0.571875 0.3375 0.576563 0.334375 0.579687 0.332812 0.579687 0.33125 0.58125 0.328125 0.58125 0.326562 0.582812 0.325 0.582812 0.323438 0.584375 0.321875 0.584375 0.320312 0.585938 0.317187 0.585938 0.315625 0.5875 0.3125 0.5875 0.310937 0.589063 0.307813 0.589063 0.304688 0.592188 0.301562 0.592188 0.3 0.59375 0.298438 0.59375 0.296875 0.595312 0.2875 0.595312 0.285937 0.596875 0.28125 0.596875 0.279687 0.598437 0.279687 0.6 0.278125 0.601562 0.278125 0.615625 0.276563 0.617188 0.276563 0.61875 0.273438 0.621875 0.271875 0.621875 0.270312 0.623438 0.26875 0.623438 0.264062 0.628125 0.260938 0.628125 0.259375 0.629687 0.25625 0.629687 0.254687 0.63125 0.253125 0.63125 0.251563 0.632812 0.25 0.632812 0.248437 0.634375 0.245312 0.634375 0.24375 0.635938 0.240625 0.635938 0.239063 0.6375 0.2375 0.6375 0.235938 0.639063 0.234375 0.639063 0.232812 0.640625 0.23125 0.640625 0.229687 0.642187 0.226562 0.642187 0.225 0.64375 0.217187 0.64375 0.215625 0.645312 0.210938 0.645312 0.209375 0.646875 0.207813 0.646875 0.20625 0.648438 0.204688 0.648438 0.203125 0.65 0.196875 0.65 0.196875 0.678125 0.203125 0.678125 0.204688 0.679688 0.204688 0.68125 0.207813 0.684375 0.207813 0.6875 0.209375 0.689062 0.209375 0.690625 0.210938 0.692187 0.210938 0.69375 0.2125 0.695312 0.2125 0.696875 0.214062 0.698438 0.214062 0.701563 0.215625 0.703125 0.215625 0.70625 0.21875 0.709375 0.21875 0.710938 0.220313 0.7125 0.220313 0.714063 0.221875 0.715625 0.221875 0.717188 0.223438 0.71875 0.223438 0.720312 0.225 0.721875 0.225 0.725 0.226562 0.726562 0.226562 0.73125 0.228125 0.732813 0.228125 0.735937 0.229687 0.7375 0.229687 0.740625 0.23125 0.742188 0.23125 0.745313 0.232812 0.746875 0.232812 0.75 0.234375 0.751562 0.234375 0.753125 0.235938 0.754687 0.235938 0.75625 0.2375 0.757812 0.2375 0.760938 0.239063 0.7625 0.239063 0.765625 0.240625 0.767187 0.240625 0.76875 0.242188 0.770312 0.242188 0.771875 0.24375 0.773438 0.24375 0.776563 0.245312 0.778125 0.245312 0.78125 0.246875 0.782812 0.246875 0.784375 0.248437 0.785937 0.248437 0.7875 0.25 0.789062 0.25 0.792188 0.251563 0.79375 0.251563 0.798437 0.253125 0.8 0.253125 0.801562 0.254687 0.803125 0.254687 0.804688 0.25625 0.80625 0.25625 0.807813 0.260938 0.8125 0.2625 0.8125 0.264062 0.814062 0.273438 0.814062 0.275 0.8125 0.279687 0.8125 0.28125 0.810938 0.285937 0.810938 0.2875 0.809375 0.290625 0.809375 0.292188 0.807813 0.295312 0.807813 0.296875 0.80625 0.303125 0.80625 0.304688 0.804688 0.309375 0.804688 0.310937 0.803125 0.314063 0.803125 0.315625 0.801562 0.320312 0.801562 0.321875 0.8 0.328125 0.8 0.329688 0.798437 0.334375 0.798437 0.335938 0.8 0.35 0.8 0.351562 0.801562 0.353125 0.801562 0.354688 0.8 0.3625 0.8 0.364062 0.798437 0.36875 0.798437 0.370313 0.796875 0.373437 0.796875 0.375 0.795313 0.379687 0.795313 0.38125 0.79375 0.3875 0.79375 0.389062 0.792188 0.39375 0.792188 0.395312 0.790625 0.401563 0.790625 0.403125 0.789062 0.410937 0.789062 0.4125 0.7875 0.41875 0.7875 0.420312 0.785937 0.425 0.785937 0.426562 0.784375 0.43125 0.784375 0.432813 0.782812 0.471875 0.782812 0.473437 0.78125 0.478125 0.78125 0.479688 0.779688 0.48125 0.779688 0.482812 0.778125 0.484375 0.778125 0.484375 0.776563 0.485938 0.775 0.485938 0.76875 0.484375 0.767187 0.484375 0.765625 0.482812 0.764063 0.482812 0.7625 0.478125 0.757812 0.478125 0.75625 0.475 0.753125 0.475 0.751562 0.471875 0.748438 0.471875 0.746875 0.470313 0.745313 0.470313 0.74375 0.46875 0.742188 0.46875 0.740625 0.467187 0.739062 0.467187 0.7375 0.465625 0.735937 0.465625 0.732813 0.464063 0.73125 0.464063 0.728125 0.460938 0.725 0.460938 0.723437 0.459375 0.721875 0.459375 0.720312 0.457812 0.71875 0.457812 0.717188 0.454688 0.714063 0.454688 0.7125 0.453125 0.710938 0.453125 0.709375 0.448438 0.704687 0.448438 0.703125 0.445312 0.7 0.445312 0.698438 0.442187 0.695312 0.442187 0.69375 0.439063 0.690625 0.439063 0.689062 0.434375 0.684375 0.434375 0.682813 0.432813 0.68125 0.429688 0.68125 0.428125 0.679688 0.425 0.679688 0.423438 0.678125 0.421875 0.678125 0.420312 0.676562 0.41875 0.678125 0.409375 0.678125 0.407813 0.679688 0.407813 0.68125 0.40625 0.682813 0.40625 0.685938 0.404687 0.6875 0.404687 0.690625 0.401563 0.69375 0.4 0.692187 0.398438 0.692187 0.395312 0.689062 0.395312 0.6875 0.39375 0.685938 0.39375 0.68125 0.392188 0.679688 0.392188 0.675 0.390625 0.673437 0.390625 0.670313 0.389062 0.66875 0.389062 0.665625 0.3875 0.664062 0.3875 0.660937 0.385938 0.659375 0.385938 0.657812 0.384375 0.65625 0.384375 0.654688 0.382812 0.653125 0.382812 0.651563 0.38125 0.65 0.38125 0.645312 0.379687 0.64375 0.379687 0.640625 0.378125 0.639063 0.378125 0.6375 0.376563 0.635938 0.376563 0.634375 0.375 0.632812 0.375 0.628125 0.373437 0.626562 0.373437 0.61875 0.375 0.617188 0.375 0.603125 0.373437 0.601562 0.373437 0.598437 0.371875 0.596875 0.371875 0.592188 0.370313 0.590625 0.370313 0.589063 0.36875 0.5875 0.36875 0.585938 0.367188 0.584375 0.367188 0.582812 0.365625 0.58125 0.365625 0.579687 0.364062 0.578125 0.364062 0.571875 0.904628
0 0.0796875 0.203125 0.0796875 0.209375 0.078125 0.210938 0.0765625 0.210938 0.0640625 0.223438 0.0640625 0.225 0.0625 0.226562 0.0625 0.229687 0.0609375 0.23125 0.0609375 0.2375 0.059375 0.239063 0.059375 0.240625 0.0578125 0.242188 0.0578125 0.24375 0.0515625 0.25 0.05 0.248437 0.0203125 0.248437 0.01875 0.25 0.003125 0.25 0.003125 0.476562 0.009375 0.476562 0.0125 0.473437 0.015625 0.473437 0.0171875 0.471875 0.01875 0.471875 0.0203125 0.470313 0.021875 0.470313 0.025 0.467187 0.0265625 0.467187 0.028125 0.465625 0.0296875 0.465625 0.03125 0.464063 0.0328125 0.464063 0.034375 0.4625 0.0375 0.4625 0.0390625 0.460938 0.0421875 0.460938 0.04375 0.459375 0.05 0.459375 0.0515625 0.457812 0.0578125 0.457812 0.059375 0.45625 0.0625 0.45625 0.0640625 0.454688 0.0671875 0.454688 0.06875 0.453125 0.0703125 0.453125 0.071875 0.451562 0.0765625 0.451562 0.078125 0.45 0.0828125 0.45 0.084375 0.448438 0.090625 0.448438 0.0921875 0.446875 0.0984375 0.446875 0.1 0.445312 0.107813 0.445312 0.109375 0.44375 0.114063 0.44375 0.115625 0.442187 0.11875 0.442187 0.120312 0.440625 0.123438 0.440625 0.125 0.439063 0.128125 0.439063 0.129688 0.4375 0.13125 0.4375 0.132812 0.435937 0.134375 0.435937 0.135937 0.434375 0.1375 0.434375 0.140625 0.43125 0.142188 0.43125 0.145313 0.428125 0.146875 0.428125 0.151562 0.423438 0.153125 0.423438 0.15625 0.420312 0.159375 0.420312 0.160938 0.41875 0.1625 0.41875 0.164062 0.417188 0.167187 0.417188 0.16875 0.415625 0.173438 0.415625 0.175 0.414062 0.178125 0.414062 0.179688 0.4125 0.182812 0.4125 0.184375 0.410937 0.185937 0.410937 0.1875 0.409375 0.189063 0.409375 0.190625 0.407813 0.19375 0.407813 0.195312 0.40625 0.196875 0.40625 0.198437 0.404687 0.2 0.404687 0.201562 0.403125 0.203125 0.403125 0.20625 0.4 0.20625 0.398438 0.209375 0.395312 0.214062 0.395312 0.214062 0.384375 0.209375 0.384375 0.207813 0.382812 0.207813 0.38125 0.20625 0.379687 0.20625 0.376563 0.204688 0.375 0.204688 0.371875 0.203125 0.370313 0.203125 0.367188 0.201562 0.365625 0.201562 0.3625 0.2 0.360938 0.2 0.35625 0.198437 0.354688 0.198437 0.35 0.196875 0.348437 0.196875 0.345313 0.195312 0.34375 0.195312 0.340625 0.19375 0.339063 0.19375 0.310937 0.192188 0.309375 0.192188 0.30625 0.190625 0.304688 0.190625 0.301562 0.189063 0.3 0.189063 0.296875 0.1875 0.295312 0.1875 0.29375 0.185937 0.292188 0.185937 0.289062 0.184375 0.2875 0.184375 0.285937 0.182812 0.284375 0.182812 0.28125 0.18125 0.279687 0.18125 0.276563 0.179688 0.275 0.179688 0.271875 0.178125 0.270312 0.178125 0.265625 0.176563 0.264062 0.176563 0.260938 0.175 0.259375 0.175 0.25625 0.173438 0.254687 0.173438 0.251563 0.171875 0.25 0.171875 0.245312 0.170312 0.24375 0.170312 0.239063 0.16875 0.2375 0.16875 0.232812 0.167187 0.23125 0.167187 0.228125 0.165625 0.226562 0.165625 0.223438 0.164062 0.221875 0.164062 0.220313 0.1625 0.21875 0.1625 0.217187 0.160938 0.215625 0.160938 0.214062 0.159375 0.2125 0.159375 0.210938 0.15625 0.207813 0.15625 0.203125 0.881836
0 0.903125 0.278125 0.903125 0.282813 0.901563 0.284375 0.9 0.284375 0.898438 0.285937 0.892187 0.285937 0.890625 0.2875 0.88125 0.2875 0.879687 0.289062 0.871875 0.289062 0.870313 0.290625 0.85625 0.290625 0.854688 0.292188 0.85 0.292188 0.848437 0.29375 0.846875 0.29375 0.845312 0.295312 0.839063 0.295312 0.8375 0.296875 0.828125 0.296875 0.826563 0.298438 0.821875 0.298438 0.820312 0.3 0.817187 0.3 0.815625 0.301562 0.8125 0.301562 0.810938 0.303125 0.804688 0.303125 0.803125 0.304688 0.790625 0.304688 0.789062 0.30625 0.784375 0.30625 0.782812 0.307813 0.778125 0.307813 0.776563 0.309375 0.76875 0.309375 0.767187 0.310937 0.754687 0.310937 0.753125 0.3125 0.748438 0.3125 0.746875 0.314063 0.74375 0.314063 0.742188 0.315625 0.739062 0.315625 0.7375 0.317187 0.728125 0.317187 0.728125 0.38125 0.732813 0.38125 0.734375 0.382812 0.734375 0.3875 0.735937 0.389062 0.735937 0.407813 0.7375 0.409375 0.7375 0.4375 0.739062 0.439063 0.739062 0.459375 0.740625 0.460938 0.740625 0.484375 0.742188 0.485938 0.742188 0.490625 0.74375 0.492188 0.74375 0.496875 0.745313 0.498437 0.745313 0.503125 0.746875 0.504687 0.746875 0.509375 0.748438 0.510938 0.748438 0.515625 0.75 0.517187 0.75 0.51875 0.751562 0.520312 0.751562 0.521875 0.753125 0.523438 0.75625 0.523438 0.757812 0.525 0.795313 0.525 0.796875 0.523438 0.80625 0.523438 0.807813 0.521875 0.814062 0.521875 0.815625 0.520312 0.81875 0.520312 0.820312 0.51875 0.823438 0.51875 0.825 0.517187 0.828125 0.517187 0.829687 0.515625 0.834375 0.515625 0.835938 0.514063 0.840625 0.514063 0.842188 0.5125 0.848437 0.5125 0.85 0.510938 0.853125 0.510938 0.854688 0.509375 0.864062 0.509375 0.865625 0.507812 0.875 0.507812 0.876562 0.50625 0.892187 0.50625 0.89375 0.504687 0.909375 0.504687 0.910937 0.503125 0.915625 0.503125 0.917188 0.501562 0.921875 0.501562 0.923437 0.5 0.926562 0.5 0.928125 0.498437 0.93125 0.498437 0.932813 0.496875 0.934375 0.496875 0.935938 0.495313 0.9375 0.495313 0.940625 0.492188 0.945312 0.492188 0.945312 0.459375 0.940625 0.459375 0.939062 0.457812 0.939062 0.451562 0.9375 0.45 0.9375 0.41875 0.939062 0.417188 0.939062 0.414062 0.9375 0.4125 0.9375 0.35625 0.939062 0.354688 0.939062 0.353125 0.940625 0.351562 0.945312 0.351562 0.945312 0.335938 0.940625 0.335938 0.939062 0.334375 0.939062 0.33125 0.940625 0.329688 0.945312 0.329688 0.945312 0.29375 0.940625 0.29375 0.939062 0.292188 0.939062 0.290625 0.9375 0.289062 0.9375 0.2875 0.934375 0.284375 0.934375 0.278125 0.820172
